#MessageSize Rank0Time(us) Rank1Time(us) Rank2Time(us) Rank3Time(us) Rank4Time(us) Rank5Time(us) Rank6Time(us) Rank7Time(us) Rank8Time(us) Rank9Time(us) Rank10Time(us) Rank11Time(us) Rank12Time(us) Rank13Time(us) Rank14Time(us) Rank15Time(us) Rank16Time(us) Rank17Time(us) Rank18Time(us) Rank19Time(us) Rank20Time(us) Rank21Time(us) Rank22Time(us) Rank23Time(us) Rank24Time(us) Rank25Time(us) Rank26Time(us) Rank27Time(us) Rank28Time(us) Rank29Time(us) Rank30Time(us) Rank31Time(us) Rank32Time(us) Rank33Time(us) Rank34Time(us) Rank35Time(us) Rank36Time(us) Rank37Time(us) Rank38Time(us) Rank39Time(us) Rank40Time(us) Rank41Time(us) Rank42Time(us) Rank43Time(us) Rank44Time(us) Rank45Time(us) Rank46Time(us) Rank47Time(us) Rank48Time(us) Rank49Time(us) Rank50Time(us) Rank51Time(us) Rank52Time(us) Rank53Time(us) Rank54Time(us) Rank55Time(us) Rank56Time(us) Rank57Time(us) Rank58Time(us) Rank59Time(us) Rank60Time(us) Rank61Time(us) Rank62Time(us) Rank63Time(us) 
131072 250.730664 251.369551 251.010060 250.520185 251.131132 251.390040 250.989571 250.689685 251.190737 251.321122 251.119956 250.929967 250.579789 250.840560 250.710174 250.630081 251.341611 251.250342 251.019374 250.859186 251.479447 251.350924 250.698999 250.849873 251.030549 251.019374 250.861049 250.870362 250.929967 251.019374 250.680372 250.900164 251.399353 251.241028 251.119956 251.140445 251.570717 251.021236 250.790268 250.989571 250.900164 251.160935 250.820071 250.920653 251.270831 251.360238 250.879675 250.808895 251.280144 251.179561 250.490382 251.190737 251.410529 251.250342 251.309946 251.060352 251.300633 251.188874 251.119956 250.991434 250.739977 250.780955 250.279903 250.259414 
131072 1978.930086 1978.330314 1977.380365 1977.680251 1978.220418 1978.611574 1978.259534 1977.980137 1978.689805 1978.589222 1977.559179 1977.739856 1977.698877 1978.078857 1977.650449 1978.110522 1978.470013 1979.190856 1978.630200 1977.859065 1977.929845 1978.350803 1978.259534 1978.080720 1977.989450 1978.231594 1978.119835 1978.131011 1978.550106 1978.769898 1977.298409 1977.810636 1978.609711 1978.568733 1978.728920 1978.579909 1978.268847 1979.019493 1978.440210 1978.639513 1978.568733 1978.689805 1977.859065 1977.710053 1977.849752 1978.430897 1977.810636 1978.389919 1978.080720 1978.419721 1978.630200 1978.550106 1978.499815 1978.509128 1978.090033 1978.140324 1978.140324 1979.239285 1978.229731 1977.939159 1978.170127 1978.140324 1977.568492 1978.909597 
131072 258.939341 258.930027 258.380547 258.339569 258.980319 259.170309 258.939341 258.371234 258.550048 259.149820 258.760527 258.401036 258.680433 258.769840 258.499756 258.330256 258.909538 258.959830 258.920714 258.659944 258.699059 259.060413 258.689746 258.648768 259.108841 259.110704 258.710235 258.609653 258.790329 259.181485 258.859247 258.600339 259.270892 259.360299 259.000808 258.710235 258.959830 258.721411 258.719549 259.030610 258.959830 259.289518 259.090215 258.989632 258.989632 259.010121 258.808956 258.820131 258.930027 259.200111 258.820131 258.579850 259.410590 259.360299 259.090215 258.840621 258.751214 258.859247 258.969143 258.831307 258.710235 259.019434 258.700922 258.309767 
131072 242.469832 242.929906 242.279842 242.089853 242.980197 243.090093 242.659822 242.661685 242.870301 242.820010 242.790207 242.570415 242.538750 242.510810 242.291018 242.039561 242.769718 242.630020 242.659822 242.549926 243.268907 242.929906 242.350623 242.620707 242.879614 242.909417 242.130831 242.458656 242.920592 242.689624 242.499635 242.279842 242.849812 243.360177 242.700800 243.041664 242.859125 243.009999 242.710114 242.549926 242.879614 243.131071 242.499635 242.570415 242.790207 242.790207 242.609531 242.261216 242.698938 242.859125 242.719427 242.458656 243.170187 243.090093 242.730603 242.389739 243.220478 242.609531 242.840499 242.508948 242.561102 242.868438 242.531300 242.730603 
131072 244.108960 244.298950 243.520364 243.749470 243.660063 243.978575 243.630260 243.579969 243.950635 243.641436 243.518502 243.101269 243.589282 243.650749 243.660063 243.550166 244.069844 244.289637 243.531540 243.538991 243.639573 244.220719 243.820250 244.019553 244.028866 244.090334 243.410468 243.488699 243.689865 243.950635 243.579969 243.678689 244.218856 244.239345 244.079158 243.909657 243.989751 244.179741 243.900344 243.920833 243.760645 244.140625 243.639573 243.669376 244.101509 244.069844 243.499875 243.630260 243.779272 244.269148 243.488699 244.049355 244.049355 243.969262 243.509188 243.930146 243.719667 243.978575 243.509188 243.639573 244.079158 243.829563 243.240967 243.680552 
131072 239.469111 240.160152 239.450485 239.340588 239.849091 239.908695 239.659101 239.461660 239.679590 239.638612 239.569694 239.370391 239.709392 239.748508 239.461660 239.351764 240.050256 239.860266 239.299610 239.498913 239.718705 239.910558 239.819288 239.308923 239.720568 239.990652 239.450485 239.470974 239.400193 239.839777 239.411369 239.379704 239.858404 240.080059 239.780173 239.869580 239.958987 239.960849 240.059569 239.700079 239.869580 239.890069 239.519402 239.631161 239.938498 240.169466 239.599496 239.519402 239.990652 239.780173 239.860266 239.498913 240.160152 240.068883 239.720568 239.640474 240.199268 239.960849 239.590183 239.089131 239.610672 239.780173 239.459798 239.240006 
131072 240.659341 241.078436 241.000205 240.869820 240.750611 241.240487 241.169706 240.480527 240.780413 241.260976 240.540132 240.800902 241.199508 240.748748 240.528956 240.659341 241.400674 240.981579 240.730122 240.920112 241.270289 241.208822 241.000205 240.929425 241.048634 241.160393 241.030008 240.759924 240.920112 241.160393 241.130590 240.920112 241.380185 240.981579 241.070986 240.949914 241.560861 241.460279 240.810215 240.800902 241.080299 241.300091 240.949914 240.989029 241.270289 241.588801 241.009519 240.730122 241.240487 241.030008 240.778551 240.599737 241.100788 241.100788 241.231173 240.720809 241.171569 241.281465 240.821391 240.640715 240.899622 241.490081 241.160393 240.959227 
131072 240.189955 240.430236 240.240246 239.871442 240.409747 240.270048 240.389258 240.109861 240.400434 240.379944 240.171328 239.931047 240.510330 240.460038 240.029767 240.430236 240.370631 240.489841 240.109861 240.400434 240.530819 240.439549 240.249559 240.109861 240.769237 240.240246 240.109861 240.340829 240.460038 240.558758 240.290537 240.050256 240.700319 240.750611 240.659341 240.260735 241.091475 240.938738 240.400434 240.329653 240.499154 240.849331 240.510330 240.251422 240.631402 240.970403 240.840018 240.290537 240.739435 240.739435 240.739435 240.420923 240.549445 240.819529 240.689144 240.189955 240.730122 240.698457 240.189955 240.519643 240.720809 240.189955 240.279362 240.251422 
131072 240.610912 241.110101 240.858644 240.460038 241.169706 241.281465 240.989029 240.638852 241.169706 241.139904 241.009519 240.938738 241.130590 241.219997 240.929425 240.379944 241.341069 241.359696 240.949914 240.990892 241.389498 241.290778 241.011381 240.910798 241.208822 241.300091 240.970403 240.661204 241.320580 241.260976 240.750611 240.938738 241.348520 241.249800 241.160393 240.979716 241.540372 241.270289 241.389498 241.279602 241.361558 241.249800 240.840018 240.789726 241.151080 241.421163 241.300091 241.229311 241.668895 241.599977 240.718946 241.139904 241.728500 241.469592 241.208822 241.000205 241.009519 241.270289 240.899622 241.000205 240.849331 241.290778 241.059810 240.810215 
131072 242.229551 242.000446 241.991132 242.261216 242.209062 242.428854 242.348760 242.149457 242.318958 242.169946 242.000446 241.691247 242.009759 242.169946 242.179260 241.821632 242.460519 242.469832 242.060050 241.810456 242.371112 242.680311 242.039561 242.229551 242.048874 242.220238 242.009759 241.829082 241.991132 242.270529 241.920352 242.030248 242.838636 242.518261 242.309645 242.181122 243.049115 242.460519 242.240727 242.419541 242.670998 242.769718 241.888687 242.268667 242.231414 242.451206 241.691247 241.769478 242.650509 242.261216 242.400914 242.160633 242.359936 242.479146 242.400914 242.140144 242.320821 242.069364 241.870061 242.099166 242.238864 242.330134 242.080539 244.138762 
131072 240.219757 240.650028 240.460038 240.420923 240.661204 240.368769 240.720809 240.849331 240.409747 240.389258 240.208581 240.579247 240.730122 240.489841 240.540132 240.350142 240.709633 240.590423 240.670517 240.508467 240.981579 240.499154 240.229070 240.629539 240.810215 240.629539 240.689144 240.111724 240.610912 240.478665 240.519643 240.560621 240.609050 240.730122 240.759924 240.739435 240.709633 240.860507 240.629539 240.750611 240.558758 240.610912 240.640715 240.920112 240.940601 240.759924 240.750611 240.499154 240.810215 240.659341 240.778551 240.650028 240.581110 240.519643 241.009519 240.970403 240.530819 240.890309 240.691006 240.709633 240.879133 240.469351 241.048634 240.528956 
131072 241.160393 241.421163 240.668654 240.938738 241.400674 241.350383 241.190195 240.920112 241.270289 241.471455 241.000205 240.849331 241.160393 241.549686 240.771100 240.750611 241.460279 241.581351 241.380185 240.799040 241.469592 241.570175 241.050497 241.011381 241.069123 241.350383 241.259113 240.780413 241.069123 241.460279 240.959227 241.290778 241.490081 241.650268 241.270289 241.490081 241.510570 241.680071 241.369009 241.458416 241.640955 241.499394 241.300091 241.110101 241.691247 241.631642 241.329893 241.009519 241.689384 241.309404 241.169706 241.139904 241.888687 241.698697 241.018832 241.160393 241.121277 241.469592 240.920112 241.030008 241.281465 241.588801 240.741298 241.380185 
131072 241.199508 241.350383 240.970403 240.519643 241.030008 240.730122 240.620226 240.938738 240.989029 240.840018 240.350142 240.739435 241.070986 240.959227 240.879133 240.748748 240.800902 241.231173 240.799040 240.949914 241.409987 241.320580 240.931287 241.180882 241.370872 241.249800 240.830705 241.070986 241.190195 241.000205 240.691006 240.910798 241.421163 241.389498 240.908936 241.169706 241.618603 241.529197 241.400674 241.288915 240.938738 241.290778 240.890309 240.689144 241.339207 241.169706 241.199508 241.098925 241.100788 241.240487 240.959227 241.009519 241.009519 241.560861 241.339207 240.819529 241.190195 241.000205 240.830705 240.590423 241.320580 241.020694 241.050497 241.030008 
131072 241.549686 241.721049 241.100788 241.311267 241.670758 241.510570 241.279602 241.599977 241.359696 241.620466 241.480768 241.329893 241.650268 241.698697 241.169706 240.709633 241.378322 241.858885 241.419300 241.490081 241.769478 241.799280 241.389498 241.549686 241.510570 241.659582 241.480768 241.400674 241.249800 241.501257 241.249800 241.359696 241.721049 241.801143 241.640955 241.439790 242.030248 242.089853 241.519883 241.460279 241.721049 241.789967 241.130590 241.350383 241.428614 241.700560 241.339207 241.229311 241.950154 241.629779 241.369009 241.750851 241.560861 241.570175 241.279602 241.531059 241.471455 241.531059 241.419300 241.290778 241.590664 241.840258 241.501257 241.169706 
131072 238.310546 239.061192 238.409266 238.209963 238.820910 238.720328 238.619745 238.491222 238.828361 238.999724 238.409266 238.409266 238.440931 238.919631 238.129869 238.148496 238.779932 238.850713 239.010900 238.569453 238.681212 239.038840 238.809735 238.800421 239.079818 238.750130 238.910317 238.679349 238.670036 238.830224 238.830224 238.539651 238.990411 239.200890 238.839537 238.670036 239.100307 239.038840 238.930807 238.830224 239.100307 238.869339 239.001587 238.528475 238.850713 238.779932 238.850713 238.940120 238.750130 239.020213 238.901004 238.260254 239.299610 238.949433 238.800421 238.429755 238.578767 238.830224 238.629058 238.729641 238.690525 238.619745 238.280743 238.260254 
131072 241.350383 241.380185 241.421163 241.000205 241.421163 241.400674 241.318718 241.078436 241.180882 241.369009 240.720809 240.949914 241.430476 241.519883 241.110101 240.840018 241.460279 241.840258 241.290778 241.279602 241.940841 241.739675 241.709873 241.160393 241.359696 241.719186 241.180882 241.059810 241.650268 241.560861 241.199508 241.499394 241.540372 241.599977 241.259113 241.529197 241.380185 241.700560 241.339207 241.339207 241.870061 241.858885 241.169706 241.300091 241.730362 241.409987 241.588801 241.449103 241.650268 241.640955 241.089612 241.199508 241.540372 241.588801 241.519883 241.139904 241.361558 241.490081 241.259113 240.989029 241.270289 241.449103 241.199508 240.840018 
131072 242.268667 242.829323 242.399052 242.199749 242.618844 242.749229 242.609531 242.481008 242.609531 242.618844 242.780894 242.389739 242.289156 242.799520 242.510810 241.979957 242.780894 242.648646 242.730603 242.510810 243.119895 243.108720 242.719427 242.600217 242.888927 242.520124 242.469832 242.259353 242.730603 242.909417 242.769718 242.410228 243.181363 243.108720 242.838636 242.689624 243.030488 243.319198 242.900103 242.609531 243.188813 243.000686 243.019313 242.808834 242.739916 242.879614 242.659822 242.430717 242.700800 242.749229 242.510810 242.380425 243.078917 242.859125 242.659822 242.520124 242.669135 242.939219 242.749229 242.630020 242.369249 242.680311 242.741778 242.609531 
131072 241.750851 242.291018 241.391361 241.259113 242.028385 242.099166 241.620466 241.700560 241.789967 242.330134 241.599977 241.700560 241.590664 241.968781 241.471455 241.629779 241.801143 242.140144 241.979957 241.588801 242.179260 242.149457 242.060050 241.789967 242.408365 241.881236 241.741538 241.950154 242.171809 242.330134 242.030248 241.808593 242.210925 242.419541 242.078677 242.019072 242.300332 242.330134 242.199749 242.140144 242.359936 242.469832 241.739675 241.938978 241.989270 242.009759 241.609290 242.020935 242.039561 241.970643 241.659582 241.698697 242.469832 242.330134 242.140144 242.140144 241.879374 242.169946 241.629779 241.739675 241.920352 242.030248 241.551548 241.611153 
131072 239.390880 239.560381 239.560381 239.150599 239.469111 239.780173 239.640474 239.470974 239.580870 239.601359 239.539891 239.141285 239.480287 239.359215 238.981098 238.880515 239.780173 239.970163 239.349902 239.210203 239.849091 239.899382 239.599496 239.519402 239.720568 239.789486 239.469111 239.660963 239.759684 239.649788 239.100307 238.951296 239.800662 239.599496 239.679590 239.780173 240.160152 240.091234 239.809975 239.601359 239.890069 239.819288 239.809975 239.750370 239.579007 239.709392 239.459798 239.551067 239.890069 239.739195 239.619985 239.470974 239.970163 239.709392 239.759684 239.539891 239.791349 239.660963 239.320099 239.500776 239.768997 239.860266 239.469111 239.079818 
131072 240.370631 240.270048 239.899382 240.299851 240.338966 240.400434 239.850953 240.031630 240.650028 240.389258 240.121037 239.709392 239.839777 239.908695 239.761546 239.638612 240.840018 240.270048 240.270048 240.068883 240.219757 240.940601 240.139663 240.309164 240.381807 240.450725 239.899382 240.499154 240.428373 240.620226 240.029767 239.890069 240.810215 240.501016 240.391120 240.219757 240.748748 240.780413 240.409747 240.398571 240.448862 240.810215 240.258873 240.311027 240.409747 240.629539 240.089372 240.150839 240.501016 240.590423 240.130350 240.469351 240.640715 240.799040 240.478665 240.311027 240.279362 240.389258 239.999965 240.350142 240.311027 240.210444 240.279362 240.119174 
131072 242.469832 242.998824 242.600217 242.600217 243.090093 243.060291 242.890790 242.739916 243.259594 243.190676 242.840499 242.520124 242.609531 242.890790 242.430717 242.240727 242.659822 243.399292 242.909417 242.719427 243.190676 243.119895 242.969021 242.838636 242.911279 243.179500 242.941082 243.060291 242.950395 242.691487 242.559239 242.831185 243.319198 243.270770 243.069604 242.879614 243.149698 243.349001 242.849812 242.840499 243.099406 243.499875 242.959708 242.950395 243.328512 242.970884 242.929906 242.739916 243.140385 243.321061 242.998824 242.630020 242.970884 243.309885 243.378803 242.799520 242.799520 243.039802 242.749229 242.691487 243.060291 242.970884 242.630020 242.751092 
131072 240.199268 240.379944 240.160152 240.180641 240.569934 240.840018 240.409747 240.290537 240.240246 240.571797 240.189955 240.318477 240.400434 240.320340 240.400434 240.130350 240.210444 240.599737 240.659341 240.128487 240.528956 240.840018 240.510330 240.668654 240.620226 240.419060 240.029767 240.009278 240.230933 240.370631 240.400434 240.180641 240.828842 240.769237 240.691006 240.718946 240.750611 240.959227 240.448862 240.420923 240.629539 240.599737 240.091234 240.279362 240.210444 240.540132 240.091234 240.430236 240.478665 240.519643 240.620226 240.091234 240.689144 240.940601 240.581110 240.180641 240.549445 240.869820 239.999965 240.109861 240.361318 240.258873 240.119174 240.050256 
131072 238.489360 238.869339 238.560140 238.709152 238.901004 239.230692 238.571316 238.860026 238.958746 238.761306 238.381326 238.880515 238.709152 238.949433 238.670036 238.368288 239.059329 239.180401 238.839537 238.548964 238.629058 239.370391 238.850713 238.809735 238.670036 239.048153 238.731503 238.720328 239.329413 239.141285 238.759443 238.880515 238.969922 239.450485 238.619745 238.848850 239.249319 239.461660 238.940120 238.720328 239.439309 239.370391 239.020213 239.100307 239.090994 238.770619 239.230692 239.031389 239.459798 238.940120 238.720328 238.498673 239.290297 239.249319 238.820910 238.379464 239.141285 239.159912 238.761306 238.599256 239.050016 238.958746 238.560140 238.711014 
131072 238.129869 238.770619 238.100067 238.150358 238.478184 238.340348 238.290057 238.290057 238.399953 238.399953 238.440931 238.440931 238.459557 238.459557 238.040462 238.031149 238.740817 238.789245 238.461420 238.290057 238.649547 238.848850 238.409266 238.010660 238.830224 238.550827 238.509849 238.100067 238.429755 238.420442 238.351524 238.278881 238.901004 238.519162 238.260254 238.420442 238.889828 238.759443 238.269567 238.370150 238.990411 238.740817 238.450244 238.310546 238.370150 238.610432 238.530338 238.360837 238.459557 238.649547 238.409266 238.560140 238.880515 238.420442 238.468871 238.260254 238.709152 238.521025 238.109380 238.299370 238.429755 238.761306 238.260254 238.338485 
131072 239.359215 239.320099 239.260495 239.299610 239.629298 239.579007 239.370391 239.219517 239.280984 239.429995 239.379704 239.210203 239.750370 239.580870 239.210203 239.020213 239.510089 239.759684 239.519402 239.579007 239.869580 239.819288 239.519402 239.489600 239.519402 239.450485 239.139423 239.461660 239.631161 239.970163 239.530578 239.260495 239.949673 239.640474 239.390880 239.571556 239.649788 239.741057 239.849091 239.500776 239.789486 239.798799 239.320099 239.418820 239.821151 239.800662 239.741057 239.429995 239.450485 239.949673 239.409506 239.510089 239.798799 239.579007 239.539891 239.159912 239.299610 239.640474 239.199027 239.400193 239.439309 239.470974 239.219517 239.240006 
131072 243.959948 244.230032 243.989751 243.790448 244.140625 244.028866 243.879855 244.120136 244.170427 244.170427 243.969262 244.179741 244.369730 244.369730 243.881717 244.000927 244.850293 244.580209 244.289637 244.030729 244.649127 244.379044 244.200230 244.278461 244.099647 244.429335 244.161114 244.008377 244.600698 244.360417 244.261697 243.870541 244.459137 244.408846 244.738534 244.179741 244.678929 244.809315 244.319439 244.239345 244.820490 244.690105 244.159251 244.189054 244.298950 244.621187 244.200230 244.088471 244.449824 244.529918 244.209543 244.161114 244.461000 244.509429 244.120136 244.259834 244.529918 244.399533 244.040042 244.449824 244.110823 244.259834 244.259834 244.170427 
131072 240.819529 241.439790 240.679830 240.949914 241.460279 241.329893 241.069123 240.908936 241.069123 241.139904 240.709633 240.979716 241.149217 241.059810 241.059810 240.979716 241.670758 241.048634 241.419300 240.759924 241.231173 241.538510 241.279602 241.208822 241.110101 241.400674 241.169706 240.968540 241.549686 241.279602 240.949914 240.860507 241.240487 241.590664 241.151080 241.009519 241.629779 241.750851 241.508707 241.249800 241.599977 241.380185 241.119415 241.210684 241.510570 241.529197 240.860507 241.329893 241.350383 241.460279 240.800902 240.869820 241.640955 241.601840 241.249800 241.050497 241.160393 241.190195 241.059810 241.020694 240.949914 241.151080 241.041183 240.519643 
131072 239.668414 239.549205 239.398330 239.329413 239.409506 239.709392 239.558518 239.269808 239.439309 239.429995 239.510089 238.990411 239.389017 239.679590 239.409506 239.441171 239.878893 239.850953 239.349902 239.320099 239.441171 239.830464 239.251181 239.599496 239.329413 239.510089 239.159912 239.240006 239.670277 239.629298 239.409506 239.199027 239.528716 239.899382 239.510089 240.009278 239.919871 240.009278 239.569694 239.558518 239.901245 239.949673 239.390880 239.619985 239.558518 240.011141 239.560381 239.530578 239.919871 239.860266 239.729881 239.228830 239.890069 239.640474 239.741057 239.601359 239.619985 239.780173 239.258632 239.079818 239.299610 239.931047 239.459798 239.411369 
131072 238.800421 238.940120 239.180401 238.889828 239.200890 239.118934 238.919631 238.990411 238.839537 239.001587 238.580629 238.901004 238.969922 238.979235 239.040703 238.440931 238.869339 239.359215 238.891691 238.999724 239.029527 239.459798 239.031389 238.729641 239.111483 239.029527 238.660723 238.541514 239.159912 239.010900 238.839537 238.699839 239.429995 239.750370 239.219517 239.180401 239.679590 239.340588 238.740817 239.340588 239.349902 239.031389 238.798559 239.169225 239.400193 238.910317 238.819048 238.960609 239.210203 239.230692 239.260495 238.690525 239.379704 239.111483 239.210203 238.871202 239.040703 239.210203 238.860026 239.010900 238.759443 238.981098 238.791108 238.848850 
131072 241.538510 241.968781 241.190195 241.419300 241.709873 241.899863 241.251662 241.450965 241.350383 241.890550 241.110101 241.309404 241.700560 241.938978 241.160393 241.329893 242.099166 241.639093 241.639093 241.219997 242.209062 241.959468 241.950154 241.739675 241.920352 241.769478 241.460279 241.519883 241.579488 241.519883 241.430476 241.279602 242.181122 242.050737 241.650268 242.020935 242.259353 241.860747 241.858885 241.730362 242.009759 242.270529 241.890550 241.588801 241.899863 241.881236 241.599977 241.709873 241.899863 242.030248 241.698697 241.648406 241.849571 242.000446 241.581351 241.709873 241.899863 241.748989 241.760164 241.219997 241.529197 241.989270 241.920352 241.439790 
131072 239.610672 239.739195 239.590183 239.659101 239.731744 240.180641 239.869580 240.009278 239.670277 239.659101 239.940360 239.500776 239.958987 239.768997 239.709392 239.379704 239.938498 240.059569 239.899382 239.720568 240.219757 240.288675 239.839777 239.849091 240.018591 239.830464 239.649788 239.839777 239.988789 240.080059 239.700079 239.450485 239.919871 240.150839 239.929184 239.718705 240.489841 240.180641 239.979476 239.768997 240.070745 239.949673 240.230933 239.888206 240.260735 240.031630 239.940360 239.929184 239.759684 239.871442 239.970163 239.940360 239.951536 240.471214 239.931047 239.819288 240.379944 240.169466 239.979476 239.590183 239.761546 239.899382 240.048394 239.549205 
131072 239.139423 239.688903 239.249319 239.390880 239.899382 239.599496 239.841640 239.381567 240.068883 239.869580 239.720568 239.418820 239.770859 239.688903 239.521265 239.389017 239.729881 240.020454 239.698216 239.640474 239.899382 240.100548 240.169466 239.778310 239.981338 239.638612 239.301473 239.599496 240.029767 239.709392 239.649788 239.240006 239.901245 239.940360 239.500776 239.599496 240.098685 240.210444 239.590183 239.809975 240.098685 239.890069 240.089372 239.709392 239.970163 239.830464 239.599496 239.510089 239.770859 239.849091 239.461660 239.299610 240.020454 240.029767 239.528716 239.551067 239.679590 239.931047 239.729881 239.631161 239.759684 239.599496 239.310786 239.280984 
131072 242.529437 242.918730 242.469832 242.460519 242.639333 242.689624 242.810696 242.650509 242.549926 242.561102 242.469832 241.929665 242.380425 242.561102 242.291018 242.520124 242.790207 242.739916 242.520124 242.300332 242.929906 242.769718 242.451206 242.609531 242.641196 242.890790 242.769718 242.250040 242.719427 242.849812 242.419541 242.540613 243.140385 242.730603 242.659822 242.779031 243.050978 243.019313 242.700800 242.669135 242.840499 243.009999 242.659822 242.559239 242.769718 242.838636 242.799520 242.469832 242.879614 242.998824 242.710114 242.419541 243.211165 242.920592 242.620707 242.540613 242.939219 242.540613 242.309645 242.440030 242.330134 242.749229 242.419541 242.430717 
131072 242.790207 242.590904 242.311507 242.248178 242.779031 242.680311 242.339447 242.430717 242.870301 242.510810 242.348760 242.469832 242.240727 242.870301 242.309645 242.469832 242.659822 242.570415 242.529437 242.659822 242.719427 243.129209 242.309645 242.520124 242.620707 242.749229 242.279842 242.210925 242.490321 242.609531 242.209062 242.510810 242.969021 242.669135 242.689624 242.860988 242.900103 243.360177 242.959708 242.721289 242.758542 242.719427 242.490321 242.620707 242.849812 243.069604 242.579728 242.499635 242.559239 242.689624 242.739916 242.579728 242.659822 243.069604 242.529437 242.739916 242.989510 242.820010 242.169946 242.570415 242.680311 242.620707 242.428854 242.359936 
131072 242.760405 243.039802 243.250281 242.970884 243.090093 243.129209 242.950395 242.998824 243.080780 243.050978 242.929906 242.790207 242.900103 243.240967 243.339688 242.689624 243.538991 243.339688 243.060291 243.298709 243.579969 243.229792 243.268907 242.879614 243.250281 243.540853 243.039802 243.250281 243.250281 243.149698 243.218616 243.110582 243.630260 243.339688 243.099406 242.980197 243.831426 243.790448 243.369490 243.231654 243.719667 243.499875 243.349001 243.021175 243.499875 243.591145 243.289396 242.890790 243.531540 243.410468 243.170187 242.838636 243.419781 243.520364 243.350863 242.998824 243.419781 243.490562 242.978334 242.970884 243.399292 243.360177 243.009999 242.829323 
131072 239.370391 239.120796 239.258632 238.869339 239.120796 239.020213 239.120796 239.359215 238.848850 238.919631 239.100307 239.050016 239.109620 238.910317 238.999724 238.869339 239.269808 239.260495 239.359215 239.320099 239.320099 239.459798 239.448622 239.530578 239.530578 239.210203 238.880515 238.910317 238.990411 239.320099 239.230692 239.251181 239.029527 239.159912 239.629298 238.979235 239.240006 239.331275 239.139423 239.240006 239.379704 239.400193 238.960609 239.269808 239.100307 239.038840 239.390880 239.418820 239.020213 239.169225 238.999724 238.910317 239.320099 239.141285 239.059329 239.029527 239.120796 238.830224 238.679349 238.921493 238.699839 239.349902 238.940120 239.029527 
131072 240.759924 241.100788 240.849331 240.910798 241.080299 241.259113 240.748748 241.020694 240.828842 241.139904 241.011381 240.610912 240.510330 240.650028 240.981579 240.929425 241.389498 241.169706 241.428614 241.069123 241.380185 240.959227 240.899622 241.139904 241.210684 241.149217 240.869820 240.949914 240.931287 241.110101 240.959227 240.920112 241.130590 241.249800 241.350383 241.240487 240.799040 241.279602 241.329893 240.700319 241.059810 241.030008 240.849331 240.910798 240.799040 241.100788 241.130590 240.949914 241.041183 241.149217 240.949914 241.059810 240.920112 241.041183 241.119415 240.819529 240.629539 240.840018 240.670517 241.260976 240.499154 241.110101 241.130590 240.908936 
131072 241.389498 241.510570 241.059810 240.718946 241.478905 241.529197 241.419300 241.050497 241.471455 241.329893 241.070986 240.650028 241.080299 241.519883 241.199508 241.260976 241.778791 241.640955 241.380185 241.009519 241.819769 241.350383 241.380185 241.110101 241.219997 241.329893 241.309404 241.219997 241.309404 241.689384 241.229311 240.730122 241.588801 241.430476 241.259113 241.490081 241.748989 241.680071 241.579488 241.350383 241.540372 241.560861 241.341069 240.840018 241.799280 241.810456 241.540372 241.139904 241.311267 241.501257 241.318718 241.151080 241.680071 241.590664 241.460279 241.449103 241.620466 241.380185 241.268426 241.339207 241.151080 241.290778 240.759924 241.359696 
131072 242.520124 242.829323 242.229551 242.501497 242.661685 242.779031 242.630020 243.030488 242.909417 242.959708 242.691487 242.520124 242.659822 242.721289 242.350623 242.579728 242.641196 242.769718 242.670998 242.659822 242.898241 243.239105 242.808834 242.790207 242.760405 243.019313 242.378563 242.659822 242.618844 242.918730 242.481008 242.231414 243.060291 243.309885 242.888927 243.049115 243.119895 243.170187 242.980197 243.140385 243.140385 243.268907 242.650509 243.069604 242.909417 242.609531 242.849812 242.488459 242.691487 242.790207 242.860988 242.590904 243.069604 242.989510 242.698938 242.641196 242.559239 243.028626 242.600217 242.561102 242.870301 242.840499 242.559239 242.680311 
131072 240.629539 241.100788 240.551308 240.489841 241.059810 241.231173 240.730122 240.739435 240.860507 240.860507 240.739435 240.540132 241.039321 241.130590 240.569934 240.299851 241.499394 241.311267 240.709633 240.949914 241.180882 241.208822 240.821391 241.158530 241.149217 241.160393 241.219997 240.858644 240.739435 241.398811 240.629539 240.350142 241.551548 241.199508 241.149217 240.869820 241.730362 241.450965 241.030008 241.160393 241.501257 241.400674 241.240487 240.908936 241.279602 241.398811 241.000205 240.741298 241.201371 241.190195 240.709633 240.510330 241.279602 241.391361 241.139904 240.718946 241.190195 241.249800 240.569934 240.599737 241.119415 240.959227 240.940601 240.368769 
131072 239.079818 238.889828 239.038840 238.990411 239.109620 239.478424 238.770619 238.711014 239.370391 239.551067 239.230692 238.770619 238.889828 239.169225 238.649547 238.800421 239.210203 239.068642 238.899142 238.899142 239.510089 239.569694 239.040703 239.009038 239.141285 238.999724 238.928944 238.919631 238.899142 238.999724 239.098445 238.681212 239.459798 239.461660 239.379704 239.159912 239.569694 239.469111 239.569694 239.301473 239.450485 239.340588 239.079818 239.150599 239.141285 239.269808 239.269808 239.059329 239.560381 239.269808 238.619745 238.770619 239.228830 239.150599 238.779932 238.969922 239.180401 239.491463 239.111483 238.899142 238.878652 239.169225 238.928944 238.569453 
131072 239.750370 240.020454 239.981338 239.608809 240.091234 240.439549 240.029767 239.958987 239.729881 239.951536 239.659101 239.619985 239.660963 239.999965 240.100548 239.809975 240.169466 240.379944 239.919871 240.059569 240.320340 240.309164 239.778310 240.059569 240.240246 239.780173 239.558518 239.791349 240.150839 240.379944 239.700079 240.068883 240.189955 239.988789 240.180641 239.979476 240.309164 240.350142 240.091234 240.229070 240.109861 240.119174 239.940360 240.199268 240.359455 240.290537 239.880756 239.990652 240.189955 240.359455 240.251422 240.080059 240.288675 240.379944 240.139663 240.139663 240.230933 240.219757 239.789486 240.121037 239.720568 240.109861 239.720568 239.819288 
131072 237.399712 238.299370 237.749889 237.910077 238.040462 238.118693 237.720087 237.461179 237.731263 238.118693 237.869099 237.820670 237.988308 238.129869 237.399712 237.159431 237.850472 238.070264 237.679109 237.429515 238.420442 238.329172 238.118693 237.829983 237.710774 237.859786 237.369910 237.770379 238.090754 238.120556 237.619504 237.628818 238.100067 237.990171 237.910077 237.869099 238.310546 238.358974 238.060951 237.809494 238.019973 238.541514 238.159671 237.789005 238.139182 238.129869 237.731263 237.850472 238.310546 238.100067 237.511471 237.349421 238.150358 238.159671 237.649307 237.550586 237.990171 238.049775 238.040462 238.010660 237.939879 238.150358 237.978995 237.440690 
131072 241.000205 241.579488 241.469592 241.130590 241.400674 241.499394 241.469592 241.389498 241.380185 241.359696 240.979716 241.359696 241.329893 241.259113 241.059810 240.989029 241.238624 241.780654 241.369009 241.018832 241.599977 241.558999 241.160393 241.329893 241.290778 241.519883 241.300091 241.089612 241.648406 241.639093 241.151080 241.160393 241.359696 241.709873 241.219997 240.908936 241.409987 241.620466 241.369009 241.251662 241.499394 241.760164 241.249800 241.350383 241.490081 241.570175 241.080299 241.190195 241.599977 241.378322 241.231173 241.139904 241.810456 241.579488 241.190195 241.300091 241.341069 241.611153 241.030008 241.139904 241.430476 241.428614 241.121277 241.041183 
131072 242.820010 242.801383 243.149698 242.700800 242.900103 243.108720 242.728740 243.140385 242.531300 242.859125 243.131071 243.159011 242.630020 243.039802 242.900103 242.639333 243.190676 243.218616 243.151560 242.980197 243.538991 243.188813 243.211165 243.069604 242.909417 243.209302 243.149698 243.000686 242.920592 242.970884 242.870301 243.049115 243.199989 243.261456 243.280083 242.879614 243.060291 243.099406 242.860988 243.119895 243.140385 243.309885 243.181363 242.989510 243.159011 242.998824 242.911279 242.900103 243.220478 243.300572 243.101269 242.859125 243.131071 243.231654 243.211165 243.239105 243.069604 242.849812 242.900103 242.961571 242.780894 243.149698 242.758542 242.579728 
131072 239.018351 239.240006 239.009038 239.150599 239.061192 239.510089 239.368528 239.700079 239.189714 239.849091 239.329413 239.180401 238.999724 239.429995 239.269808 239.159912 239.601359 239.530578 239.768997 239.290297 239.768997 239.709392 239.649788 239.549205 239.450485 239.759684 239.381567 239.459798 239.200890 239.118934 239.409506 239.130110 239.459798 239.770859 239.519402 239.768997 239.860266 239.608809 239.729881 239.551067 239.349902 239.500776 239.580870 239.551067 239.390880 239.450485 239.260495 239.079818 238.949433 239.400193 239.230692 239.180401 239.329413 239.839777 239.491463 239.340588 239.249319 239.200890 239.169225 239.079818 239.171088 239.519402 239.070505 239.139423 
131072 240.029767 239.869580 240.020454 239.809975 239.821151 239.901245 239.940360 240.379944 240.040943 240.139663 239.940360 239.860266 240.020454 240.419060 239.979476 239.860266 240.249559 240.439549 240.160152 239.700079 240.299851 240.080059 239.919871 240.199268 239.858404 240.080059 240.270048 240.029767 240.199268 239.951536 239.990652 240.068883 240.281224 240.689144 240.320340 240.150839 240.650028 240.439549 240.638852 240.329653 240.219757 240.169466 240.100548 239.768997 240.711495 240.489841 240.109861 240.050256 240.098685 240.290537 239.789486 239.830464 240.670517 240.398571 240.270048 240.379944 240.430236 239.821151 239.880756 239.670277 240.281224 240.430236 239.970163 240.020454 
131072 240.560621 240.750611 240.189955 240.528956 240.609050 240.650028 240.320340 240.769237 240.880996 241.151080 240.489841 240.599737 240.830705 240.730122 240.221620 240.210444 241.009519 241.030008 240.558758 240.769237 240.869820 241.059810 240.579247 240.759924 241.009519 240.910798 240.610912 240.180641 240.819529 241.110101 240.329653 240.590423 240.739435 241.089612 240.718946 240.528956 241.180882 241.240487 240.968540 240.620226 241.320580 241.048634 240.899622 240.510330 240.949914 240.821391 240.629539 240.668654 241.190195 240.920112 240.929425 240.439549 241.139904 240.808353 240.540132 240.579247 240.780413 240.908936 240.540132 240.691006 240.789726 240.739435 240.689144 240.549445 
131072 239.679590 239.798799 239.720568 239.729881 240.068883 240.379944 239.800662 239.720568 240.219757 240.189955 240.130350 239.871442 239.929184 239.940360 239.910558 239.551067 240.098685 239.999965 239.619985 240.070745 240.361318 240.160152 240.201131 239.940360 240.050256 240.050256 239.798799 239.960849 240.189955 240.379944 239.938498 239.780173 240.210444 240.510330 239.789486 239.958987 240.089372 240.379944 239.899382 239.700079 240.160152 240.240246 239.759684 239.739195 240.180641 240.370631 239.890069 239.660963 240.379944 240.258873 239.958987 239.750370 240.160152 240.249559 239.660963 239.809975 240.148976 240.311027 240.029767 239.590183 240.359455 240.189955 240.059569 239.629298 
131072 238.299370 238.649547 238.459557 238.399953 238.500535 238.651410 238.109380 238.189474 238.280743 238.480046 237.980857 237.859786 238.329172 238.290057 238.141045 237.779692 238.640234 238.649547 238.638371 238.420442 238.658860 238.930807 238.629058 238.688663 238.459557 238.269567 238.230452 238.399953 238.670036 238.960609 238.118693 238.260254 238.688663 238.819048 238.779932 238.630921 238.910317 238.709152 238.640234 238.770619 238.930807 238.800421 238.271430 238.610432 238.690525 238.910317 238.539651 238.459557 238.459557 238.969922 238.629058 238.399953 238.571316 238.660723 238.500535 238.560140 238.420442 238.791108 238.170847 238.340348 238.439068 238.630921 238.491222 238.180161 
131072 239.901245 240.011141 239.619985 239.631161 239.919871 239.970163 239.690766 239.768997 240.160152 239.670277 239.821151 239.519402 239.549205 239.389017 239.690766 239.240006 239.849091 240.039080 239.370391 239.640474 240.199268 240.089372 239.958987 239.890069 239.931047 239.999965 239.789486 239.670277 239.761546 240.270048 239.469111 239.670277 240.400434 240.229070 240.128487 240.279362 239.949673 240.419060 240.180641 239.759684 240.199268 239.999965 240.050256 240.160152 240.039080 239.830464 239.459798 239.819288 239.979476 240.279362 239.629298 239.480287 239.880756 240.189955 240.050256 239.500776 240.039080 239.970163 239.860266 239.720568 239.908695 239.809975 239.189714 239.549205 
131072 240.540132 241.519883 240.750611 241.149217 240.769237 241.229311 241.139904 240.750611 241.449103 240.830705 240.780413 240.620226 240.851194 241.139904 241.080299 240.730122 241.260976 241.268426 241.020694 240.940601 241.350383 241.259113 241.409987 241.089612 241.439790 241.350383 241.188332 240.679830 241.190195 241.249800 241.080299 240.810215 241.499394 241.139904 241.478905 240.970403 241.380185 241.240487 241.050497 241.059810 241.130590 241.279602 241.059810 241.030008 241.670758 241.139904 241.229311 241.270289 241.070986 241.508707 240.819529 241.030008 241.219997 241.119415 240.920112 240.718946 241.279602 241.309404 240.959227 240.970403 241.158530 241.400674 241.300091 240.759924 
131072 240.558758 241.000205 240.610912 240.391120 240.989029 240.929425 240.579247 240.538269 241.041183 240.929425 240.270048 240.799040 240.799040 240.819529 240.581110 240.789726 240.931287 240.780413 240.718946 240.581110 241.089612 241.409987 240.569934 240.739435 240.920112 240.730122 240.720809 240.489841 240.819529 241.169706 240.249559 240.609050 241.389498 241.100788 240.899622 240.700319 241.050497 241.240487 241.050497 241.160393 241.009519 240.920112 240.940601 240.940601 241.009519 241.100788 240.569934 240.780413 241.020694 241.190195 241.011381 240.629539 240.990892 240.880996 240.959227 240.700319 240.940601 240.869820 240.471214 240.840018 240.879133 240.968540 240.661204 240.650028 
131072 238.958746 239.098445 239.210203 238.960609 239.329413 239.409506 239.180401 239.139423 239.320099 239.180401 238.889828 238.901004 239.050016 239.100307 238.999724 238.701701 239.288434 239.400193 239.111483 239.219517 239.860266 239.470974 239.178538 239.381567 239.249319 239.400193 238.899142 239.221379 239.279121 239.420682 239.109620 239.340588 239.601359 240.040943 239.551067 239.579007 240.050256 239.899382 239.361078 239.450485 239.729881 239.551067 239.210203 239.489600 239.429995 239.450485 239.569694 239.050016 239.521265 239.768997 239.159912 239.338726 239.629298 239.590183 239.240006 239.290297 239.640474 239.649788 239.251181 239.020213 239.258632 239.370391 239.159912 239.079818 
131072 238.960609 239.480287 239.180401 239.320099 239.549205 239.619985 239.260495 239.159912 239.359215 239.759684 238.779932 239.100307 238.759443 239.098445 238.899142 238.770619 239.729881 239.800662 239.489600 239.301473 239.500776 239.711255 239.489600 239.169225 239.470974 239.470974 239.159912 239.159912 239.551067 239.340588 239.100307 239.070505 239.429995 239.448622 239.320099 239.519402 239.839777 239.439309 239.510089 239.310786 239.569694 239.539891 239.200890 239.070505 239.118934 239.498913 239.199027 238.940120 239.821151 239.748508 239.089131 239.219517 239.670277 239.558518 239.409506 239.210203 239.379704 239.579007 239.109620 238.969922 239.429995 239.551067 238.979235 239.079818 
131072 240.169466 240.039080 239.880756 240.059569 240.359455 240.501016 240.270048 240.128487 240.320340 240.068883 240.009278 239.899382 239.960849 240.009278 240.219757 239.878893 240.528956 240.759924 240.558758 240.350142 240.439549 240.530819 240.389258 240.221620 240.430236 240.391120 240.210444 240.089372 240.499154 240.419060 239.970163 240.029767 240.718946 240.540132 240.109861 240.119174 240.588561 240.819529 240.290537 240.379944 240.521505 240.629539 240.169466 240.249559 240.121037 240.469351 240.281224 240.139663 240.340829 240.460038 240.009278 239.988789 240.489841 240.419060 240.258873 240.098685 240.640715 240.439549 240.178779 240.249559 240.290537 240.460038 240.080059 239.899382 
131072 243.239105 243.568793 243.090093 243.041664 243.509188 243.710354 243.419781 243.470073 243.149698 243.671238 243.170187 243.050978 243.350863 243.349001 243.030488 242.860988 243.579969 243.751332 243.579969 243.280083 243.810937 243.648887 243.438408 243.179500 243.639573 243.579969 243.460760 243.149698 243.101269 243.689865 243.280083 243.259594 243.710354 244.099647 243.490562 243.170187 243.550166 244.079158 243.650749 243.609771 243.870541 243.939459 243.488699 243.758783 243.699178 243.579969 243.280083 243.289396 243.758783 243.479386 243.380666 243.520364 243.309885 243.879855 243.330374 243.179500 243.559480 243.341550 243.319198 243.050978 243.199989 243.620947 243.291259 242.900103 
131072 239.240006 239.489600 239.290297 239.230692 239.590183 239.508227 239.551067 239.459798 239.320099 239.901245 239.109620 239.439309 239.629298 239.849091 239.280984 238.940120 239.999965 239.718705 239.120796 239.619985 239.839777 239.770859 239.510089 239.700079 239.750370 239.910558 239.219517 239.180401 239.528716 239.901245 239.558518 239.418820 239.759684 239.979476 240.009278 239.580870 239.910558 239.979476 239.821151 239.949673 239.580870 240.109861 239.580870 239.420682 239.429995 239.929184 239.498913 239.459798 239.759684 239.741057 239.690766 239.448622 239.890069 239.839777 239.569694 239.649788 239.830464 239.770859 239.338726 239.150599 239.418820 239.949673 239.470974 239.398330 
131072 239.249319 239.280984 238.921493 238.759443 239.308923 239.361078 238.791108 239.290297 238.850713 239.130110 238.960609 238.761306 238.990411 239.090994 238.951296 238.640234 239.089131 239.290297 239.240006 238.880515 239.240006 239.500776 239.199027 239.349902 239.269808 239.619985 238.701701 239.081681 239.301473 239.189714 239.130110 239.249319 239.280984 239.720568 239.459798 239.189714 239.670277 239.500776 239.390880 238.990411 239.619985 239.470974 239.040703 239.210203 239.480287 239.640474 239.279121 239.379704 239.409506 239.439309 238.960609 239.031389 239.409506 239.331275 239.141285 239.210203 239.320099 239.519402 239.230692 239.210203 239.370391 239.729881 238.999724 238.958746 
131072 238.930807 239.409506 238.981098 238.750130 239.228830 239.441171 239.050016 239.141285 239.159912 239.551067 239.050016 238.848850 239.450485 239.349902 238.770619 238.960609 239.280984 239.200890 238.969922 239.260495 239.610672 239.748508 239.459798 239.370391 239.441171 239.359215 239.429995 239.418820 239.251181 239.340588 239.260495 239.031389 239.510089 239.819288 239.459798 239.260495 239.850953 239.860266 239.381567 239.120796 239.780173 239.640474 239.420682 239.310786 239.299610 239.230692 239.159912 239.528716 239.530578 239.260495 239.009038 239.228830 239.640474 239.521265 239.148736 239.340588 239.629298 239.560381 239.271671 239.070505 239.320099 239.470974 238.830224 239.290297 
131072 239.929184 239.849091 239.340588 239.400193 239.770859 240.089372 239.590183 239.750370 239.819288 239.679590 239.619985 239.610672 239.789486 239.569694 239.390880 239.141285 239.670277 239.890069 239.569694 239.668414 239.780173 240.020454 239.560381 239.539891 240.311027 239.839777 239.798799 239.878893 239.901245 240.160152 239.420682 239.789486 239.670277 240.180641 240.039080 239.850953 239.880756 240.320340 240.251422 239.700079 240.279362 240.340829 239.849091 239.821151 239.741057 239.890069 239.510089 239.729881 239.510089 240.050256 239.469111 239.390880 239.839777 240.091234 240.098685 239.789486 239.679590 240.180641 239.491463 239.599496 239.700079 239.860266 239.329413 239.240006 
131072 241.320580 241.819769 241.428614 241.240487 241.760164 241.730362 241.588801 241.611153 241.721049 241.341069 241.450965 241.199508 241.439790 241.590664 241.389498 240.949914 241.409987 241.739675 241.629779 241.719186 241.799280 241.989270 241.659582 241.359696 241.609290 241.899863 241.741538 241.549686 241.730362 241.760164 241.929665 241.311267 241.799280 241.719186 241.629779 241.680071 241.771340 242.089853 241.819769 241.830945 242.019072 241.989270 241.719186 241.529197 241.938978 241.890550 241.970643 241.668895 241.439790 241.680071 241.650268 241.670758 242.160633 242.089853 241.570175 241.409987 241.870061 241.620466 241.529197 241.778791 241.279602 241.570175 241.398811 241.151080 
131072 241.389498 241.700560 241.270289 241.290778 241.629779 241.730362 241.709873 241.450965 241.300091 241.650268 241.490081 241.359696 241.190195 241.389498 241.370872 240.819529 241.691247 241.380185 241.350383 241.449103 241.920352 241.581351 241.789967 241.670758 241.810456 241.661444 241.341069 241.499394 241.570175 241.579488 241.568312 241.288915 241.680071 241.840258 241.199508 241.409987 241.719186 241.780654 241.449103 241.389498 241.780654 241.659582 241.670758 241.288915 241.799280 241.760164 241.419300 241.329893 241.259113 241.549686 241.499394 241.098925 241.750851 241.540372 241.661444 241.020694 241.659582 241.640955 241.110101 241.190195 241.540372 241.659582 240.819529 241.169706 
131072 241.139904 241.030008 240.828842 240.830705 241.169706 241.091475 240.989029 240.860507 240.558758 241.259113 241.100788 240.819529 241.190195 240.938738 240.720809 240.679830 241.329893 241.579488 240.929425 240.741298 241.279602 241.279602 241.329893 240.968540 241.240487 241.100788 241.030008 241.160393 240.931287 241.119415 240.938738 240.899622 240.968540 241.190195 240.951777 240.780413 241.290778 241.659582 241.149217 241.180882 241.059810 241.048634 240.840018 241.149217 240.949914 241.080299 241.018832 240.940601 241.020694 241.089612 240.730122 240.910798 241.149217 241.139904 240.819529 241.030008 241.080299 241.199508 241.069123 241.128728 240.590423 241.370872 240.728259 240.659341 
131072 240.869820 241.279602 241.300091 241.000205 241.098925 241.270289 241.329893 241.490081 241.329893 241.348520 241.110101 240.780413 241.059810 241.419300 240.908936 240.940601 241.609290 241.519883 241.201371 241.219997 241.789967 241.579488 241.160393 241.059810 241.389498 241.190195 240.920112 240.989029 241.039321 241.801143 241.341069 241.240487 241.789967 241.570175 241.661444 241.389498 241.730362 241.680071 241.730362 241.169706 241.469592 241.409987 241.169706 241.050497 241.450965 241.640955 241.329893 241.210684 241.629779 241.650268 241.110101 241.089612 241.199508 241.409987 241.169706 241.160393 241.320580 241.350383 241.018832 241.039321 241.139904 241.421163 241.098925 241.020694 
131072 240.389258 240.739435 240.150839 240.329653 240.519643 240.879133 240.210444 240.610912 240.469351 240.420923 240.141526 240.160152 240.299851 240.549445 240.620226 240.659341 240.679830 240.970403 240.419060 240.599737 240.849331 241.000205 240.670517 240.290537 240.439549 240.689144 240.160152 240.428373 240.840018 240.789726 240.450725 240.379944 240.730122 241.119415 240.691006 240.620226 241.039321 241.100788 240.730122 240.590423 240.609050 241.130590 240.750611 240.659341 241.041183 240.840018 240.359455 240.240246 240.869820 240.709633 240.519643 240.640715 241.069123 240.910798 240.741298 240.409747 240.419060 240.650028 240.311027 240.471214 240.748748 240.469351 240.201131 240.510330 
131072 239.988789 240.681693 240.320340 240.309164 240.519643 240.178779 240.009278 240.370631 240.789726 240.499154 240.150839 239.849091 240.139663 240.508467 240.150839 239.970163 240.679830 240.569934 240.240246 240.150839 240.810215 240.810215 239.990652 240.460038 240.501016 240.780413 240.171328 240.469351 240.210444 240.439549 239.940360 240.089372 240.880996 240.880996 240.748748 240.430236 240.679830 240.759924 240.661204 240.689144 241.098925 240.949914 240.540132 240.368769 240.379944 240.670517 240.350142 240.439549 240.599737 240.828842 240.311027 240.089372 240.860507 240.558758 240.400434 240.368769 240.780413 240.661204 240.448862 240.130350 240.691006 240.510330 240.439549 239.890069 
131072 241.501257 241.661444 241.439790 241.350383 241.570175 241.929665 241.380185 241.709873 241.741538 241.581351 241.311267 241.350383 241.389498 241.799280 241.560861 241.329893 241.719186 241.959468 241.570175 241.801143 242.039561 242.160633 241.739675 241.689384 241.950154 241.879374 241.501257 241.268426 241.821632 241.931528 241.419300 241.490081 241.940841 241.849571 241.760164 241.991132 241.950154 242.060050 241.780654 241.739675 242.128968 241.799280 241.938978 241.599977 242.229551 242.229551 242.000446 241.409987 241.640955 241.819769 241.670758 241.510570 241.640955 241.920352 241.940841 241.501257 241.979957 241.599977 241.490081 241.329893 241.659582 241.620466 241.769478 241.359696 
131072 240.810215 240.860507 240.460038 240.748748 240.819529 241.100788 240.840018 240.599737 240.959227 241.199508 240.610912 240.650028 240.620226 240.849331 240.501016 240.499154 240.849331 241.048634 240.830705 240.989029 241.070986 241.329893 240.899622 240.849331 241.400674 240.890309 241.089612 240.679830 241.041183 241.309404 240.851194 240.629539 241.469592 241.540372 241.199508 241.091475 241.309404 241.449103 241.130590 241.190195 241.260976 240.961090 241.160393 240.869820 241.020694 241.249800 240.789726 240.860507 241.309404 241.110101 240.750611 240.800902 240.940601 241.009519 240.759924 240.780413 240.789726 241.130590 240.959227 240.610912 241.199508 241.139904 240.700319 240.828842 
131072 235.950574 236.559659 236.511230 236.250460 236.239284 236.719847 236.900523 236.619264 236.270949 236.809254 236.518681 236.479566 236.490741 236.449763 236.539170 236.479566 236.559659 236.710533 236.829743 236.660242 236.779451 236.941501 236.848369 236.559659 236.919150 236.930326 236.490741 236.401334 236.310065 236.578286 236.570835 236.719847 236.891210 236.809254 236.680731 236.330554 236.930326 236.980617 236.880034 236.641616 236.980617 236.829743 236.628577 236.710533 236.419961 236.609951 236.289576 236.609951 236.170366 236.548483 236.658379 236.788765 236.559659 236.678869 236.650929 236.609951 236.539170 236.731023 236.369669 236.930326 236.289576 236.600637 236.360356 236.319378 
131072 240.569934 240.579247 240.100548 240.279362 240.700319 240.610912 240.679830 240.409747 240.169466 240.638852 240.180641 240.620226 240.419060 240.320340 240.260735 240.089372 240.389258 240.828842 240.219757 240.430236 240.270048 240.979716 240.260735 240.780413 240.789726 240.759924 240.700319 240.759924 240.620226 240.700319 240.219757 240.560621 240.361318 240.640715 240.471214 240.290537 240.599737 240.929425 240.359455 240.700319 240.750611 240.821391 240.750611 240.581110 240.499154 240.759924 240.359455 240.400434 240.771100 240.679830 240.528956 240.560621 240.610912 240.668654 240.638852 240.610912 240.558758 240.668654 240.160152 240.368769 240.350142 240.698457 240.059569 240.419060 
131072 242.169946 242.359936 241.888687 242.048874 242.119655 242.440030 242.060050 242.108479 242.110342 242.279842 241.920352 242.149457 242.128968 242.499635 241.830945 241.938978 242.630020 242.689624 242.220238 242.250040 242.721289 242.298469 241.991132 242.240727 242.378563 242.341310 241.680071 242.140144 242.589042 242.209062 242.160633 242.080539 242.570415 242.840499 242.199749 242.479146 242.270529 242.540613 242.650509 242.199749 242.618844 242.460519 242.169946 242.119655 242.609531 242.469832 241.860747 241.881236 242.460519 242.419541 242.270529 242.181122 242.600217 242.540613 242.270529 242.389739 242.300332 242.389739 241.989270 241.959468 241.890550 242.238864 242.169946 242.071226 
131072 238.150358 238.720328 238.010660 237.869099 238.338485 238.189474 238.161534 237.919390 238.388777 238.569453 238.200650 237.790868 238.390639 238.439068 238.100067 238.429755 238.448381 238.701701 238.109380 238.329172 238.830224 238.480046 238.370150 238.429755 238.539651 238.358974 238.619745 238.299370 238.200650 238.601118 238.070264 238.150358 238.390639 238.871202 238.338485 238.269567 238.491222 238.720328 238.779932 238.358974 238.519162 238.738954 238.720328 238.418579 238.498673 238.850713 238.120556 238.150358 238.560140 238.819048 238.189474 238.150358 238.839537 238.440931 238.409266 238.249078 238.589942 238.250941 238.340348 238.260254 238.411129 238.489360 238.420442 237.939879 
131072 238.619745 238.690525 238.500535 238.679349 238.889828 238.690525 238.839537 238.670036 238.759443 239.061192 238.399953 238.500535 238.750130 238.901004 238.409266 238.299370 238.919631 238.839537 238.468871 238.830224 238.910317 238.860026 238.860026 238.399953 238.809735 238.699839 238.630921 238.560140 238.869339 238.681212 238.480046 238.230452 238.830224 239.269808 238.850713 238.800421 239.009038 238.949433 238.709152 238.830224 238.770619 239.370391 238.779932 238.589942 239.249319 239.189714 238.779932 238.589942 238.940120 238.969922 238.480046 238.489360 239.111483 238.880515 238.761306 238.450244 239.001587 238.848850 238.399953 238.470733 239.109620 238.901004 238.589942 238.530338 
131072 237.340108 237.610191 237.409025 237.189233 237.490982 237.639993 237.729400 237.599015 237.880275 237.660483 237.150118 237.019733 237.520784 237.850472 237.610191 237.120315 237.919390 237.761065 237.530097 237.399712 237.690285 237.699598 237.779692 237.340108 238.070264 237.559900 237.399712 237.559900 237.260014 237.321481 237.140805 237.310305 237.710774 237.829983 237.751752 237.369910 237.708911 237.818807 238.008797 237.710774 237.630680 237.900764 237.450004 237.630680 237.651169 237.720087 237.530097 237.740576 237.550586 238.111243 237.669796 237.569213 237.420201 237.878412 237.520784 237.779692 237.829983 237.660483 237.319618 237.658620 237.459317 237.720087 237.429515 237.321481 
131072 240.309164 240.558758 239.919871 239.828601 240.281224 240.219757 240.150839 240.109861 240.370631 240.148976 239.510089 239.768997 239.979476 240.361318 239.878893 239.720568 240.189955 240.469351 240.148976 239.931047 240.350142 240.420923 240.288675 239.958987 240.409747 240.219757 239.910558 239.601359 240.148976 240.070745 239.809975 240.020454 240.379944 240.460038 240.270048 240.201131 240.409747 240.400434 239.999965 240.139663 240.320340 240.210444 240.018591 239.940360 240.661204 240.538269 240.009278 240.171328 240.538269 240.270048 240.109861 240.288675 240.219757 240.290537 240.210444 239.999965 240.059569 239.890069 239.670277 239.770859 239.878893 240.249559 239.640474 239.871442 
131072 242.840499 242.779031 242.490321 242.259353 242.428854 243.021175 242.760405 242.840499 242.929906 243.000686 242.529437 242.689624 242.648646 242.969021 242.639333 242.169946 242.959708 243.110582 242.948532 242.739916 242.950395 243.250281 242.721289 242.708251 243.211165 242.760405 242.620707 242.559239 242.779031 242.611393 242.650509 242.769718 242.860988 243.300572 242.831185 242.801383 243.250281 243.501738 242.650509 242.980197 242.950395 243.140385 242.829323 242.669135 242.920592 242.860988 242.698938 242.820010 243.170187 243.129209 242.460519 242.728740 243.229792 243.030488 242.961571 242.950395 242.911279 243.149698 242.561102 242.421404 242.579728 242.918730 242.481008 242.341310 
131072 252.330676 252.809376 252.859667 252.271071 252.850354 252.809376 252.610072 252.909958 252.129510 252.399594 252.319500 252.330676 252.278522 252.479687 252.600759 252.328813 252.820551 252.831727 252.939761 252.891332 252.880156 252.690166 252.619386 252.570957 252.349302 252.749771 252.470374 252.660364 252.509490 252.850354 252.669677 252.408907 252.660364 252.390280 252.541155 252.669677 252.749771 252.889469 252.859667 252.729282 252.708793 252.749771 252.388418 252.440572 252.589583 252.470374 252.930447 252.489001 252.479687 252.179801 252.250582 252.699479 252.628699 252.440572 252.809376 252.729282 252.459198 252.529979 252.589583 252.280384 252.399594 252.291560 252.678990 252.230093 
131072 236.639753 237.001106 237.399712 237.200409 237.010419 237.248838 237.289816 237.360597 236.790627 237.159431 236.891210 237.029046 237.489119 236.958265 237.120315 236.880034 237.090513 237.470493 237.550586 237.310305 237.239525 237.701461 237.369910 237.340108 237.161294 237.360597 237.349421 237.049535 236.909837 237.330794 237.319618 236.939639 237.459317 237.120315 237.701461 237.459317 237.440690 237.330794 237.388536 237.349421 237.310305 237.289816 237.260014 237.170607 237.369910 237.628818 237.090513 237.140805 237.550586 237.049535 237.170607 237.140805 237.170607 237.299129 237.269327 237.129629 237.179920 237.070024 237.120315 236.889347 237.109140 237.349421 237.138942 237.040222 
131072 239.519402 240.070745 239.809975 239.579007 239.800662 239.718705 239.688903 239.539891 239.729881 239.849091 239.390880 239.400193 239.580870 239.679590 239.208341 239.690766 239.791349 239.899382 239.901245 239.660963 239.890069 240.111724 239.780173 239.681453 239.819288 240.100548 239.668414 239.549205 239.649788 239.880756 239.640474 239.569694 240.219757 240.068883 239.608809 239.279121 239.999965 240.080059 239.549205 239.608809 239.910558 240.210444 239.519402 239.510089 240.089372 240.029767 239.750370 239.828601 239.748508 239.720568 239.601359 239.329413 239.480287 240.029767 239.558518 239.240006 239.768997 239.700079 239.411369 239.539891 239.320099 239.899382 239.498913 239.539891 
131072 237.990171 238.329172 237.841159 237.900764 238.219276 238.189474 238.088891 237.878412 238.209963 238.249078 238.280743 237.990171 238.340348 238.439068 237.559900 237.869099 238.331035 238.250941 238.088891 238.230452 238.269567 238.468871 238.260254 238.180161 238.548964 238.420442 238.059089 238.200650 238.370150 238.599256 238.150358 238.230452 238.679349 238.940120 238.271430 238.429755 238.670036 238.450244 238.189474 237.969682 238.399953 238.370150 238.200650 238.489360 238.349661 238.459557 238.560140 238.200650 238.450244 238.630921 238.029286 238.241628 238.699839 238.340348 238.079578 237.809494 238.008797 238.399953 238.381326 237.930566 238.051638 238.340348 237.859786 237.969682 
131072 239.510089 240.070745 239.349902 239.640474 239.830464 239.789486 239.761546 239.530578 239.530578 239.821151 239.610672 239.741057 239.929184 239.938498 239.338726 239.219517 239.901245 240.029767 239.931047 239.608809 239.910558 240.169466 239.681453 239.789486 239.819288 239.869580 239.631161 239.539891 239.919871 239.970163 239.340588 239.768997 240.080059 240.320340 239.849091 239.960849 240.210444 240.528956 239.720568 239.979476 240.139663 240.139663 239.949673 239.690766 239.670277 239.849091 239.580870 239.649788 240.018591 240.009278 239.798799 239.629298 239.849091 239.999965 240.080059 239.551067 240.080059 240.180641 239.469111 239.729881 239.789486 240.029767 239.729881 239.800662 
131072 241.609290 241.570175 241.670758 240.949914 241.810456 241.549686 241.700560 241.519883 241.918489 241.409987 241.531059 241.350383 241.650268 241.819769 241.540372 241.100788 241.730362 241.579488 241.629779 241.270289 242.220238 242.181122 241.409987 241.581351 241.590664 241.890550 241.730362 241.531059 241.821632 241.840258 241.750851 241.640955 241.730362 241.890550 241.760164 242.000446 241.968781 242.339447 242.020935 241.769478 241.950154 241.940841 241.469592 241.460279 241.719186 241.849571 241.950154 241.691247 241.998583 241.979957 241.789967 241.538510 241.780654 241.940841 241.748989 241.739675 241.721049 241.551548 241.380185 241.409987 241.789967 241.730362 241.259113 241.249800 
131072 239.340588 239.619985 239.180401 239.290297 239.409506 239.510089 239.450485 239.400193 239.260495 239.811838 239.411369 239.478424 238.979235 239.649788 239.530578 239.068642 239.660963 239.590183 239.340588 239.491463 239.748508 240.068883 239.739195 239.610672 239.631161 239.361078 239.459798 239.491463 239.340588 239.649788 239.020213 238.940120 239.670277 239.759684 239.510089 239.549205 239.878893 240.009278 239.640474 239.720568 239.700079 239.828601 239.389017 239.320099 239.869580 239.469111 239.269808 239.320099 239.731744 239.860266 239.359215 238.908455 239.789486 239.809975 239.569694 239.549205 239.579007 239.599496 239.489600 239.619985 239.178538 239.599496 239.130110 239.059329 
131072 240.469351 240.689144 240.849331 240.689144 240.989029 241.039321 240.501016 240.538269 240.391120 241.009519 240.489841 240.400434 240.489841 240.510330 240.340829 240.599737 240.691006 241.179019 240.581110 240.558758 241.169706 241.110101 240.890309 240.400434 240.789726 240.940601 240.620226 240.281224 240.661204 240.709633 240.679830 240.229070 241.061673 240.789726 240.501016 240.359455 240.979716 241.000205 241.231173 240.670517 241.039321 241.318718 241.041183 240.530819 241.300091 240.940601 240.670517 240.450725 241.100788 241.089612 240.538269 240.810215 241.110101 241.098925 241.149217 240.789726 240.659341 240.830705 240.771100 240.650028 240.750611 240.590423 240.560621 240.320340 
131072 243.900344 244.129449 243.600458 243.689865 243.959948 243.829563 244.010240 243.619084 243.980438 243.900344 243.648887 243.831426 243.488699 244.140625 243.550166 243.570656 243.889168 244.408846 243.969262 244.030729 244.259834 244.380906 243.710354 244.099647 244.300812 244.498253 244.298950 243.870541 243.870541 244.259834 243.728980 243.879855 244.449824 244.289637 244.099647 244.140625 244.660303 244.690105 244.090334 244.081020 244.520605 244.459137 243.889168 243.868679 244.030729 244.179741 243.648887 243.829563 244.280323 243.930146 243.989751 243.699178 244.179741 244.380906 243.930146 243.589282 244.369730 244.230032 243.760645 244.170427 244.140625 244.090334 243.939459 243.609771 
131072 239.698216 240.148976 239.718705 239.349902 239.789486 240.139663 240.100548 239.990652 239.940360 240.039080 239.230692 239.429995 239.459798 240.160152 239.670277 239.228830 240.100548 240.050256 239.878893 239.389017 240.128487 239.988789 240.109861 240.020454 240.201131 240.270048 239.970163 240.020454 239.849091 239.970163 239.610672 239.780173 240.180641 239.979476 239.899382 240.020454 240.210444 240.329653 239.999965 240.160152 240.040943 240.279362 240.199268 239.491463 240.180641 240.201131 239.988789 239.780173 239.649788 240.160152 239.729881 239.489600 240.119174 240.249559 239.780173 239.929184 239.720568 240.171328 239.768997 239.741057 239.970163 239.849091 239.720568 239.379704 
131072 242.158771 242.341310 241.950154 242.009759 242.469832 242.309645 242.179260 242.149457 241.938978 242.399052 242.089853 242.119655 242.240727 242.160633 241.929665 242.089853 242.440030 242.440030 242.279842 242.039561 242.179260 242.648646 242.540613 241.989270 242.169946 242.721289 242.469832 242.119655 242.330134 242.419541 241.979957 241.911039 242.680311 242.540613 242.350623 242.300332 242.639333 242.790207 242.320821 242.110342 242.659822 242.529437 242.359936 242.348760 242.831185 242.469832 242.149457 242.309645 242.259353 242.609531 242.369249 242.209062 242.481008 242.289156 242.199749 241.989270 242.561102 242.719427 241.829082 241.890550 242.250040 242.440030 242.181122 242.069364 
131072 239.411369 239.418820 239.329413 239.200890 239.681453 239.750370 239.390880 239.320099 239.539891 239.590183 239.619985 238.990411 239.800662 239.539891 239.349902 239.310786 239.741057 239.631161 239.880756 239.359215 239.571556 239.979476 239.569694 239.569694 240.098685 239.789486 239.359215 239.700079 239.970163 239.890069 239.560381 239.660963 239.931047 240.059569 239.809975 239.299610 239.688903 239.929184 239.400193 239.700079 240.210444 240.009278 239.679590 239.750370 239.599496 239.921734 239.489600 239.448622 239.619985 239.610672 239.379704 239.590183 239.590183 239.739195 239.279121 239.359215 239.610672 239.649788 239.400193 239.688903 239.331275 239.519402 239.390880 239.189714 
131072 238.409266 238.979235 238.468871 238.358974 238.820910 238.709152 238.509849 238.599256 238.459557 239.118934 238.548964 238.399953 238.429755 238.871202 238.329172 238.329172 238.738954 238.880515 238.649547 238.599256 238.949433 238.789245 238.509849 238.731503 239.009038 238.610432 238.720328 238.329172 238.738954 238.729641 238.699839 238.489360 238.869339 239.020213 238.819048 238.860026 239.050016 238.981098 238.779932 238.830224 239.159912 238.679349 238.509849 238.668174 238.729641 238.768756 238.608569 238.670036 238.940120 238.649547 238.560140 238.509849 239.280984 238.809735 238.580629 238.871202 238.921493 239.219517 238.539651 238.699839 238.610432 238.610432 238.450244 238.109380 
131072 243.090093 243.380666 243.140385 243.090093 243.639573 243.259594 242.941082 243.399292 243.280083 243.600458 242.790207 242.918730 243.410468 243.349001 242.900103 242.859125 243.199989 243.619084 243.479386 242.851675 243.699178 243.850052 243.389979 243.261456 243.699178 243.479386 243.131071 243.039802 243.419781 243.259594 243.049115 243.380666 243.769959 243.701041 243.190676 243.270770 243.850052 243.790448 243.660063 243.350863 243.870541 243.999064 243.639573 243.650749 243.360177 243.799761 243.399292 243.328512 243.550166 243.339688 243.470073 243.110582 243.650749 243.639573 243.419781 243.358314 243.350863 243.579969 243.099406 243.389979 243.620947 243.641436 242.918730 243.268907 
131072 236.269087 236.511230 236.319378 236.291438 236.680731 236.749649 236.259773 236.451626 236.710533 236.850232 236.529857 236.140564 236.250460 236.729160 236.339867 236.669555 236.598775 236.589462 236.431137 236.628577 237.010419 237.109140 236.799940 236.460939 236.690044 236.850232 236.751512 236.799940 236.539170 236.799940 236.300752 236.300752 237.099826 236.740336 237.060711 236.710533 237.340108 236.989930 236.609951 236.680731 237.099826 236.779451 236.600637 236.520544 236.529857 237.070024 236.891210 236.680731 236.680731 236.788765 236.349180 236.431137 236.859545 236.850232 236.561522 236.660242 237.070024 237.090513 236.580148 236.520544 236.669555 236.539170 236.529857 236.468390 
131072 239.068642 239.310786 239.029527 239.389017 239.199027 239.530578 239.331275 239.210203 239.338726 239.299610 239.269808 239.379704 239.118934 239.200890 239.199027 238.738954 239.660963 239.638612 239.089131 239.409506 239.640474 239.711255 239.480287 239.349902 239.420682 239.629298 239.590183 239.109620 239.310786 239.590183 239.269808 238.988549 239.819288 239.390880 239.698216 239.269808 239.720568 239.539891 239.549205 239.368528 239.819288 239.789486 239.619985 239.539891 239.750370 239.489600 239.320099 239.361078 239.489600 239.649788 239.349902 239.599496 239.890069 239.530578 239.480287 239.290297 239.849091 239.940360 239.368528 239.269808 239.480287 239.649788 239.148736 238.750130 
131072 239.748508 240.178779 239.979476 239.539891 239.949673 240.100548 239.588320 239.660963 239.590183 239.809975 239.800662 239.871442 239.418820 239.839777 239.528716 239.370391 240.139663 240.311027 239.619985 239.569694 240.119174 240.201131 239.919871 239.890069 240.169466 240.350142 239.979476 239.439309 239.780173 239.960849 239.729881 239.750370 240.439549 240.400434 239.780173 239.849091 240.409747 240.009278 239.659101 239.869580 240.219757 240.050256 240.230933 239.878893 240.229070 239.901245 239.830464 239.741057 239.590183 240.139663 239.849091 239.670277 240.389258 240.100548 239.660963 239.539891 240.061432 239.940360 239.901245 239.539891 239.940360 240.089372 239.519402 239.619985 
131072 242.469832 242.300332 242.549926 242.419541 242.669135 242.650509 242.449343 242.250040 242.389739 242.739916 242.250040 242.270529 242.440030 242.510810 242.080539 242.169946 242.920592 242.920592 242.330134 242.479146 242.929906 242.570415 242.520124 242.680311 242.959708 242.820010 242.220238 242.389739 242.531300 242.719427 242.158771 242.261216 242.941082 242.959708 242.469832 242.661685 242.780894 242.920592 242.440030 242.700800 242.920592 243.190676 242.471695 242.460519 243.129209 242.900103 242.348760 242.799520 242.760405 243.250281 242.188573 242.369249 242.900103 243.071467 242.499635 242.300332 242.760405 242.810696 242.060050 242.279842 242.710114 242.980197 242.160633 241.989270 
131072 236.950815 237.349421 236.889347 236.701220 237.429515 237.260014 237.001106 237.179920 237.271190 237.150118 237.220898 236.919150 237.300992 237.280503 236.719847 236.820430 237.351283 237.580389 237.170607 237.058848 237.550586 237.438828 237.729400 237.138942 237.150118 237.520784 237.220898 237.099826 237.580389 237.280503 237.088650 236.999243 237.600878 237.589702 237.088650 236.980617 237.680972 237.869099 237.679109 237.509608 237.500295 237.610191 237.049535 237.099826 237.649307 237.170607 237.060711 237.328932 237.599015 237.530097 237.150118 237.220898 237.379223 237.310305 237.330794 237.220898 237.429515 237.429515 237.099826 237.019733 237.351283 237.170607 237.189233 237.008557 
131072 239.279121 239.150599 239.199027 238.750130 239.340588 239.379704 239.050016 239.329413 239.118934 239.530578 238.908455 238.839537 239.068642 239.269808 238.940120 238.688663 239.659101 239.530578 239.271671 239.120796 239.361078 239.489600 239.551067 239.359215 239.118934 239.180401 239.400193 239.279121 238.969922 239.530578 239.029527 239.279121 239.580870 239.990652 239.429995 239.299610 239.539891 239.789486 239.420682 239.059329 239.729881 239.670277 239.169225 239.280984 239.349902 239.420682 239.441171 238.951296 239.139423 239.400193 239.230692 239.141285 239.210203 239.569694 239.251181 239.070505 239.269808 239.441171 239.139423 239.370391 239.081681 239.601359 239.409506 239.010900 
131072 241.698697 241.599977 241.519883 240.949914 241.650268 241.341069 241.391361 241.070986 241.370872 241.540372 241.188332 241.089612 241.769478 241.450965 241.119415 241.290778 241.640955 241.899863 241.579488 241.490081 241.700560 241.849571 241.609290 241.229311 241.899863 241.668895 241.721049 241.309404 241.778791 241.721049 241.341069 241.210684 241.629779 241.849571 241.490081 241.728500 241.890550 241.989270 241.441652 241.709873 241.739675 241.899863 241.581351 241.300091 241.799280 241.840258 241.290778 241.320580 241.709873 241.929665 241.419300 241.400674 241.819769 241.549686 241.581351 241.160393 241.359696 241.618603 241.169706 241.151080 241.348520 241.689384 241.629779 241.329893 
131072 238.088891 238.729641 238.200650 238.390639 238.360837 238.548964 238.331035 238.539651 238.509849 238.580629 238.759443 238.429755 238.548964 238.571316 238.070264 238.010660 238.770619 238.779932 238.560140 238.059089 238.958746 238.740817 238.521025 238.450244 238.720328 238.711014 238.290057 238.180161 238.420442 238.409266 238.619745 238.340348 238.651410 238.729641 238.271430 238.468871 238.759443 238.629058 238.560140 238.459557 238.999724 238.800421 238.329172 238.329172 238.720328 238.569453 238.290057 238.329172 238.670036 238.729641 238.189474 238.170847 238.969922 238.908455 238.280743 238.450244 238.860026 238.500535 238.450244 238.031149 238.411129 238.230452 238.170847 238.129869 
131072 240.849331 240.789726 240.469351 240.599737 240.718946 240.711495 240.670517 240.810215 240.501016 240.581110 240.210444 240.510330 240.609050 240.849331 240.499154 240.450725 240.800902 240.830705 240.741298 240.540132 240.879133 241.020694 240.771100 240.899622 241.009519 240.769237 240.840018 240.590423 241.030008 241.190195 240.189955 240.769237 241.030008 240.830705 240.750611 240.819529 240.940601 241.380185 240.739435 240.800902 241.288915 241.089612 240.700319 240.970403 240.890309 241.069123 240.581110 240.810215 241.259113 241.059810 240.560621 240.549445 241.098925 240.938738 240.700319 240.970403 240.679830 240.569934 240.679830 240.851194 241.110101 240.638852 240.581110 240.340829 
Average runtime: 258.870162
