#MessageSize Rank0Time(us) Rank1Time(us) Rank2Time(us) Rank3Time(us) Rank4Time(us) Rank5Time(us) Rank6Time(us) Rank7Time(us) Rank8Time(us) Rank9Time(us) Rank10Time(us) Rank11Time(us) Rank12Time(us) Rank13Time(us) Rank14Time(us) Rank15Time(us) Rank16Time(us) Rank17Time(us) Rank18Time(us) Rank19Time(us) Rank20Time(us) Rank21Time(us) Rank22Time(us) Rank23Time(us) Rank24Time(us) Rank25Time(us) Rank26Time(us) Rank27Time(us) Rank28Time(us) Rank29Time(us) Rank30Time(us) Rank31Time(us) Rank32Time(us) Rank33Time(us) Rank34Time(us) Rank35Time(us) Rank36Time(us) Rank37Time(us) Rank38Time(us) Rank39Time(us) Rank40Time(us) Rank41Time(us) Rank42Time(us) Rank43Time(us) Rank44Time(us) Rank45Time(us) Rank46Time(us) Rank47Time(us) Rank48Time(us) Rank49Time(us) Rank50Time(us) Rank51Time(us) Rank52Time(us) Rank53Time(us) Rank54Time(us) Rank55Time(us) Rank56Time(us) Rank57Time(us) Rank58Time(us) Rank59Time(us) Rank60Time(us) Rank61Time(us) Rank62Time(us) Rank63Time(us) 
1048576 4215.190187 4212.828353 4197.899252 4180.660471 4172.179848 4158.079624 4146.760330 4134.200513 4130.950198 4145.700485 4162.469879 4178.630188 4192.609340 4208.838567 4225.330427 4244.379699 4248.490557 4233.090207 4221.109673 4210.550338 4195.580259 4188.811406 4191.739485 4206.320271 4221.510142 4238.469526 4251.400009 4262.018949 4268.590361 4284.350201 4290.720448 4295.770079 4297.658801 4293.978214 4291.469231 4279.268906 4266.619682 4254.451022 4242.630675 4232.550040 4222.050309 4209.430888 4200.991243 4179.840907 4171.449691 4163.978621 4178.918898 4197.550938 4200.590774 4186.019301 4174.688831 4163.689911 4153.050482 4135.970026 4123.890772 4140.140489 4153.970629 4169.300199 4185.119644 4200.719297 4203.720018 4191.668704 4206.899554 4213.390872 
1048576 4281.358793 4273.571074 4262.410104 4249.859601 4238.819703 4224.181175 4206.171259 4194.388166 4184.469581 4167.539999 4155.678675 4143.239930 4137.670621 4125.859588 4141.900688 4160.320386 4163.511097 4148.850217 4133.699462 4123.350605 4115.680233 4102.779552 4088.480026 4106.890410 4118.129611 4132.470116 4147.250205 4164.580256 4168.398678 4154.561087 4169.480875 4176.480696 4177.579656 4173.099995 4160.249606 4144.880921 4134.029150 4119.910300 4123.939201 4140.758887 4152.799025 4168.471321 4183.558747 4198.640585 4215.121269 4231.480882 4247.790202 4266.100004 4270.341247 4255.888984 4239.760339 4227.519035 4217.058420 4205.659032 4194.330424 4208.859056 4219.889641 4235.070199 4251.958802 4269.139841 4274.299368 4258.880392 4269.668832 4281.030968 
1048576 4195.751622 4185.410216 4174.059257 4162.391648 4153.329879 4141.289741 4123.440012 4112.411290 4103.349522 4114.389420 4131.920636 4140.960053 4154.328257 4169.259220 4186.499864 4204.900935 4211.891443 4195.010290 4180.299118 4163.920879 4160.219803 4158.869386 4181.480035 4198.949784 4216.630012 4236.549139 4243.969917 4252.010956 4261.309281 4271.019250 4278.820008 4282.809794 4284.510389 4281.170666 4275.668412 4270.119593 4260.620102 4248.021170 4236.569628 4229.569808 4221.890122 4203.539342 4185.669124 4169.071093 4154.790193 4150.068387 4166.118801 4183.718935 4188.399762 4173.580557 4159.329459 4144.141451 4135.359079 4124.188796 4108.948633 4114.829004 4127.940163 4144.649953 4162.428901 4179.768264 4186.250269 4170.520231 4180.269316 4194.339737 
1048576 4272.880033 4272.071645 4267.111421 4261.609167 4254.119471 4236.029461 4224.160686 4204.289988 4195.399582 4184.219986 4172.768444 4164.081067 4147.440195 4136.819392 4124.678671 4138.449207 4141.861573 4126.980901 4115.929827 4102.610052 4095.340148 4111.299291 4127.189517 4145.160317 4157.800227 4173.859954 4179.609939 4201.991484 4205.949605 4208.980128 4223.149270 4228.409380 4229.638726 4226.090387 4214.309156 4214.279354 4214.409739 4197.420552 4178.499803 4168.409854 4157.910123 4147.011787 4138.400778 4150.979221 4164.710641 4180.649295 4196.120426 4212.910309 4215.668887 4202.678800 4192.229360 4181.019962 4170.550033 4158.541560 4174.821079 4190.929234 4204.230383 4217.769951 4233.960062 4239.710048 4254.851490 4261.489958 4267.171025 4272.509366 
1048576 4248.300567 4235.049710 4224.769771 4213.761538 4206.389189 4194.209352 4178.740084 4166.789353 4148.561507 4132.939503 4115.110263 4104.150459 4084.739834 4101.339728 4114.471376 4127.301276 4133.449867 4122.709855 4122.888669 4144.240171 4154.860973 4175.471142 4185.048863 4200.018942 4206.219688 4212.100059 4223.929718 4236.739129 4240.911454 4249.731079 4260.448739 4264.790565 4266.498610 4263.559356 4254.749045 4247.529432 4244.150594 4238.631576 4228.249192 4213.729873 4206.130281 4191.579297 4190.150648 4183.720797 4183.370620 4199.540243 4216.231406 4237.160087 4242.239520 4225.600511 4213.320091 4194.529727 4180.079326 4161.421210 4150.120541 4163.928330 4182.789475 4199.029878 4216.238856 4235.530272 4242.401570 4225.600511 4229.839891 4247.060046 
1048576 4181.480035 4176.501185 4163.889214 4147.339612 4137.469456 4123.879597 4106.869921 4097.780213 4082.720727 4073.010758 4085.440189 4103.919491 4119.899124 4137.409851 4151.860252 4165.420309 4173.088819 4159.910604 4149.980843 4135.340452 4122.519866 4131.469876 4152.530804 4172.021523 4188.209772 4205.809906 4214.750603 4221.988842 4229.331389 4239.229485 4247.739911 4252.539948 4254.980013 4251.509905 4245.519638 4237.169400 4228.020087 4213.800654 4194.740206 4183.629528 4174.210131 4161.899909 4153.270274 4143.949598 4127.249122 4135.608673 4151.590168 4167.919978 4171.259701 4158.159718 4145.620391 4133.129492 4121.949896 4107.300192 4096.439108 4101.220518 4114.469513 4129.528999 4147.119820 4163.028672 4167.908803 4156.980664 4171.419889 4179.880023 
1048576 4408.558831 4403.350875 4397.189245 4380.689934 4364.291206 4345.890135 4330.940545 4313.100129 4301.801324 4313.420504 4328.189418 4344.811663 4360.150546 4377.020523 4391.610622 4409.579560 4422.528669 4436.301067 4450.440407 4467.060789 4479.829222 4494.000226 4504.268989 4518.089816 4534.319043 4544.910043 4549.590871 4559.058696 4568.720236 4577.079788 4585.420713 4589.829594 4591.729492 4588.300362 4581.810907 4576.269537 4571.110010 4569.439217 4559.230059 4552.319646 4552.870989 4530.670121 4515.649751 4504.259676 4495.870322 4482.319579 4463.560879 4448.048770 4438.979551 4431.160167 4428.680986 4423.931241 4419.229925 4414.750263 4402.099177 4380.719736 4374.818876 4363.289103 4346.409813 4363.771528 4373.548552 4390.640184 4398.100078 4406.960681 
1048576 4255.210981 4238.689318 4226.559773 4212.429747 4204.761237 4191.890359 4180.479795 4171.950743 4161.959514 4156.129435 4175.079986 4191.780463 4205.731675 4219.980910 4233.380780 4250.960425 4255.330190 4240.579903 4231.590778 4217.319191 4208.419472 4197.770730 4176.901653 4185.099155 4194.580019 4211.280495 4227.681085 4245.150834 4253.320396 4268.299788 4277.659580 4282.219335 4284.109920 4280.678928 4275.130108 4262.199625 4247.650504 4235.068336 4218.569025 4207.640886 4195.850343 4182.670265 4170.050845 4174.800590 4191.929474 4207.959399 4224.630073 4245.331511 4250.310361 4233.159125 4221.441224 4204.330966 4196.221009 4182.349890 4163.678735 4172.189161 4188.310355 4205.418751 4222.730175 4240.859300 4248.209298 4231.799394 4234.839231 4253.931344 
1048576 4270.378500 4267.528653 4260.800779 4247.739911 4237.011075 4218.360409 4202.019423 4189.388826 4179.529846 4168.109968 4154.998809 4146.508873 4149.250686 4164.129496 4180.170596 4197.619855 4201.620817 4187.138751 4172.120243 4161.700606 4151.420668 4139.939323 4158.249125 4171.108827 4184.640944 4201.440141 4216.538742 4225.291312 4238.011315 4245.130345 4252.189770 4256.799817 4258.019850 4255.289212 4250.369966 4245.970398 4236.688837 4222.558811 4211.379215 4196.248949 4185.330123 4172.539338 4191.739485 4206.839949 4221.240059 4234.250635 4249.820486 4257.461056 4257.399589 4255.749285 4243.079573 4232.790321 4224.680364 4212.770611 4197.690636 4178.369418 4180.081189 4194.788635 4213.031381 4230.249673 4238.869995 4253.419116 4263.799638 4269.089550 
1048576 4301.179200 4297.770560 4292.069003 4279.229790 4267.970100 4248.110577 4237.398505 4225.231707 4213.489592 4202.639684 4191.068932 4178.740084 4172.788933 4157.090560 4170.309752 4186.209291 4190.769047 4176.048562 4164.339975 4152.331501 4140.850157 4127.329215 4109.520465 4118.820652 4132.499918 4146.840423 4162.440076 4179.600626 4185.808823 4199.549556 4211.999476 4216.261208 4218.069836 4214.501008 4206.109792 4194.440320 4180.960357 4167.711362 4156.099632 4144.510254 4151.869565 4166.439176 4183.709621 4197.709262 4212.310538 4228.660837 4242.898896 4261.109978 4264.339805 4250.749946 4240.719602 4229.031503 4218.731076 4205.899313 4189.740866 4206.620157 4220.699891 4236.008972 4252.469167 4266.619682 4270.540550 4286.130890 4293.709993 4298.610613 
1048576 4245.320335 4242.740571 4241.479561 4226.010293 4211.900756 4200.290889 4188.731313 4176.119342 4170.229658 4159.688950 4143.839702 4140.220582 4154.060036 4169.579595 4185.380414 4203.289747 4207.100719 4191.400483 4180.040210 4169.799387 4159.329459 4149.381071 4133.600742 4148.799926 4162.970930 4177.419469 4191.109911 4208.888859 4213.109612 4230.150953 4235.779867 4241.151735 4242.248833 4239.410162 4238.059744 4222.340882 4206.418991 4194.259644 4176.599905 4162.110388 4155.678675 4144.048318 4133.399576 4132.920876 4140.380770 4156.898707 4174.450412 4194.730893 4198.480397 4183.359444 4170.730710 4155.971110 4141.639918 4124.140367 4135.800526 4155.749455 4171.900451 4187.719896 4203.209653 4212.999716 4216.019064 4233.060405 4239.059985 4244.819283 
1048576 4239.840433 4233.788699 4221.761599 4206.780344 4192.659631 4178.659990 4162.400961 4145.940766 4137.910903 4124.639556 4112.800583 4109.449685 4123.600200 4138.419405 4154.490307 4172.509536 4177.620634 4160.888493 4148.920998 4138.050601 4127.210006 4111.150280 4098.799080 4113.798961 4127.129912 4143.910483 4159.310833 4176.219925 4180.859774 4166.441038 4180.150107 4188.450053 4189.660773 4184.389487 4172.619432 4157.498479 4145.780578 4132.730886 4119.848832 4108.089954 4114.869982 4132.861272 4151.789472 4165.699705 4180.740565 4193.689674 4209.060222 4226.369783 4230.450839 4216.298461 4203.679040 4193.419591 4185.829312 4172.600806 4157.090560 4161.110148 4170.618951 4186.769947 4204.871133 4220.910370 4226.069897 4214.810207 4230.219871 4238.430411 
1048576 4264.729097 4263.009876 4254.039377 4242.369905 4232.181236 4218.248650 4205.919802 4192.899913 4184.391350 4171.140492 4155.518487 4148.490727 4133.349285 4145.320505 4161.741585 4180.248827 4182.109609 4165.969789 4150.619730 4143.280908 4137.130454 4125.289619 4108.630121 4112.899303 4121.489823 4139.550030 4156.110808 4175.428301 4180.729389 4170.639440 4190.528765 4195.049405 4197.120667 4193.749279 4176.901653 4162.190482 4146.598279 4129.489884 4117.108881 4102.351144 4113.469273 4129.119217 4145.190120 4162.751138 4178.859293 4193.050787 4207.979888 4224.209115 4228.699952 4215.769470 4205.789417 4195.138812 4181.019962 4166.450351 4155.119881 4168.679938 4184.359685 4200.030118 4216.318950 4231.849685 4236.379638 4247.790202 4258.358851 4263.170063 
1048576 4359.489307 4356.360063 4352.228716 4346.970469 4338.538274 4326.010123 4308.130592 4296.630621 4286.929965 4273.090512 4261.920229 4250.660539 4235.699773 4219.310358 4232.659936 4250.319675 4254.449159 4240.650684 4229.849204 4218.848422 4204.960540 4187.591374 4167.901352 4182.899371 4197.239876 4211.390391 4224.810749 4241.740331 4246.668890 4233.630374 4250.191152 4259.759560 4261.529073 4253.840074 4237.789661 4221.899435 4209.589213 4197.269678 4178.430885 4176.270217 4185.291007 4201.589152 4218.108952 4235.560074 4248.701036 4265.509546 4280.140623 4297.880456 4302.289337 4288.000986 4276.718944 4265.079275 4255.170003 4239.149392 4257.170483 4273.399711 4286.520183 4301.540554 4318.989813 4325.900227 4338.998348 4346.549511 4352.539778 4358.559847 
1048576 4200.000316 4187.470302 4176.249728 4163.889214 4154.039547 4141.069949 4129.320383 4114.659503 4107.050598 4093.410447 4081.929103 4099.030048 4113.839939 4131.190479 4146.570340 4163.369536 4167.579114 4152.210429 4141.340032 4129.799083 4116.689786 4104.809836 4088.738933 4104.070365 4118.120298 4135.390744 4150.170833 4167.070612 4171.460867 4156.839103 4171.131179 4179.030657 4180.580378 4175.469279 4162.879661 4150.088876 4140.831530 4122.529179 4105.890170 4096.589983 4086.960107 4091.350362 4106.700420 4122.650251 4139.829427 4154.659808 4170.188680 4189.360887 4193.661734 4177.959636 4167.890176 4152.409732 4143.379629 4128.729925 4110.248759 4119.599238 4133.241251 4148.580134 4166.608676 4184.070975 4190.329462 4175.079986 4182.640463 4198.091105 
1048576 4195.069894 4189.770669 4176.229239 4164.198413 4149.761051 4138.959572 4127.399996 4115.339369 4103.619605 4092.629999 4081.299528 4097.890109 4112.061113 4128.459841 4143.990576 4161.860794 4165.340215 4150.439054 4137.881100 4123.169929 4115.510732 4103.120416 4119.670019 4135.180265 4149.459302 4165.450111 4179.701209 4188.388586 4202.129319 4209.199920 4214.549437 4219.379276 4220.301285 4217.470065 4213.860258 4210.870713 4200.760275 4187.928513 4168.661311 4159.690812 4145.139828 4135.509953 4130.449146 4120.239988 4136.800766 4151.029512 4166.319966 4182.951525 4186.861217 4172.749817 4162.410274 4146.851599 4138.389602 4120.780155 4108.959809 4115.490243 4128.929228 4143.498838 4162.499681 4177.650437 4184.288904 4170.669243 4183.501005 4194.440320 
1048576 4216.630012 4212.209955 4198.690876 4182.159901 4173.899069 4155.930132 4144.180566 4132.051021 4121.830687 4128.128290 4147.039726 4157.958552 4169.089720 4184.560850 4202.360287 4221.949726 4227.850586 4209.231585 4193.020985 4181.649536 4184.041172 4166.491330 4149.029031 4180.939868 4186.499864 4196.910188 4210.170358 4229.450598 4235.690460 4257.779568 4263.959825 4269.279540 4271.218553 4267.489538 4263.879731 4244.200885 4228.200763 4210.039973 4187.379032 4177.900031 4168.229178 4156.289622 4144.469276 4136.199132 4151.109606 4166.258499 4180.850461 4198.620096 4202.730954 4187.909886 4177.851602 4165.679216 4154.510796 4142.209888 4130.369052 4142.070189 4156.310111 4171.019420 4186.948761 4203.118384 4207.581282 4192.750901 4207.341000 4215.130582 
1048576 4226.731136 4214.068875 4200.519994 4185.199738 4176.400602 4166.040570 4154.348746 4142.150283 4136.219621 4152.549431 4168.691114 4185.650498 4199.860618 4210.948944 4225.160927 4242.949188 4246.719182 4232.440144 4222.160205 4213.308915 4205.819219 4218.919203 4238.419235 4254.620522 4266.560078 4280.580208 4286.069423 4303.889349 4310.280085 4314.661026 4327.230155 4332.629964 4333.470017 4329.640418 4320.319742 4317.289218 4314.301535 4296.910018 4280.330613 4272.330552 4258.740693 4255.598411 4252.400249 4243.329167 4218.630493 4200.899974 4200.121388 4218.271002 4221.649840 4206.420854 4195.678979 4180.429503 4169.238731 4154.300317 4136.988893 4146.371037 4161.760211 4177.700728 4194.758832 4209.550098 4216.808826 4203.820601 4208.808765 4225.809127 
1048576 4259.819165 4256.518558 4248.900339 4236.890003 4229.489714 4211.481661 4200.339317 4189.679399 4181.290045 4167.929292 4156.108946 4147.699103 4149.060696 4163.939506 4179.868847 4199.039191 4204.079509 4187.690094 4172.649235 4161.549732 4156.250507 4141.960293 4130.089656 4130.870104 4142.658785 4160.270095 4177.080467 4195.099697 4202.200100 4208.609462 4224.060103 4229.620099 4231.570289 4227.761179 4214.769229 4206.009209 4199.299961 4186.179489 4170.371220 4154.101014 4142.740741 4129.430279 4117.541015 4131.920636 4150.521010 4166.780040 4180.179909 4196.530208 4202.689976 4189.860076 4178.490490 4168.190062 4161.668941 4160.640761 4160.949960 4172.060639 4186.799750 4202.289507 4219.930619 4226.880148 4231.860861 4242.749885 4252.579063 4258.999601 
1048576 4222.180694 4210.919142 4198.489711 4184.078425 4174.940288 4162.330180 4152.281210 4143.668339 4134.308547 4117.740318 4134.070128 4149.449989 4165.770486 4182.949662 4198.709503 4215.380177 4221.439362 4207.419232 4194.539040 4179.580137 4169.370979 4148.449749 4162.739962 4183.109850 4200.091586 4219.571128 4236.280918 4244.199023 4248.511046 4259.290174 4270.710051 4275.180399 4276.469350 4273.289815 4266.450182 4254.620522 4239.620641 4225.330427 4213.720560 4202.069715 4196.859896 4184.721038 4174.539819 4153.108224 4162.879661 4178.440198 4194.268957 4210.891202 4215.329885 4201.469943 4191.510379 4175.320268 4161.709920 4148.358479 4130.709916 4141.811281 4155.600443 4171.380773 4188.690335 4205.260426 4212.670028 4197.800532 4206.160083 4220.580682 
1048576 4315.011203 4306.130111 4293.210804 4281.219095 4270.371050 4257.170483 4245.998338 4232.570529 4223.469645 4205.711186 4193.671048 4182.320088 4165.289924 4172.319546 4188.600928 4207.169637 4211.999476 4194.650799 4182.700068 4172.530025 4168.139771 4155.550152 4137.760028 4158.958793 4170.209169 4185.110331 4197.571427 4214.391112 4216.359928 4205.439240 4222.419113 4227.500409 4229.098558 4226.610065 4208.020866 4192.199558 4180.248827 4166.910425 4160.221666 4171.369597 4184.070975 4201.550037 4217.660055 4233.499989 4249.321297 4265.520722 4280.380905 4297.079518 4303.110763 4288.820550 4280.110821 4263.559356 4254.039377 4240.939394 4222.748801 4238.739610 4252.938554 4268.940538 4286.399111 4303.511232 4307.851195 4293.799400 4301.130772 4313.819110 
1048576 4224.630073 4212.200642 4201.110452 4187.408835 4177.419469 4164.610058 4153.739661 4147.239029 4132.259637 4119.599238 4117.541015 4133.820534 4148.099571 4161.920398 4177.281633 4194.548354 4199.428484 4182.910547 4172.109067 4158.489406 4153.329879 4140.120000 4120.420665 4129.441455 4140.079021 4155.490547 4172.289744 4190.450534 4198.139533 4209.930077 4221.539944 4226.349294 4228.170961 4224.490374 4216.948524 4206.510261 4194.609821 4180.440679 4165.120423 4147.080705 4139.199853 4128.038883 4127.809778 4143.249243 4159.960896 4174.688831 4191.171378 4208.158702 4214.089364 4200.600088 4191.311076 4174.429923 4162.730649 4148.710519 4134.209827 4148.770124 4163.889214 4179.598764 4196.418449 4214.681685 4219.429567 4203.651100 4207.810387 4223.259166 
1048576 4259.629175 4249.090329 4237.720743 4223.959520 4214.139655 4200.849682 4188.729450 4177.339375 4169.350490 4151.189700 4140.751436 4129.189998 4122.721031 4121.579230 4136.819392 4151.681438 4155.779257 4144.039005 4131.410271 4119.299352 4109.339789 4090.549424 4100.501537 4117.859527 4128.759727 4142.349586 4157.040268 4170.168191 4183.240235 4198.418930 4205.068573 4209.971055 4211.189225 4208.289087 4204.679281 4193.449393 4177.819937 4161.629826 4149.900749 4131.758586 4135.549068 4150.709137 4166.590050 4184.270278 4200.030118 4217.030481 4231.691360 4248.838872 4252.240062 4238.760099 4226.798192 4211.690277 4202.289507 4187.950864 4169.920459 4179.509357 4193.671048 4209.559411 4226.259887 4243.649542 4250.500351 4234.740511 4245.139658 4258.409142 
1048576 4194.648936 4181.740806 4171.058536 4158.340394 4144.400358 4132.479429 4120.599478 4107.238725 4097.029567 4083.719105 4072.260112 4077.760503 4092.179239 4107.790068 4123.769701 4142.479971 4146.469757 4130.149260 4117.799923 4103.790969 4096.820951 4084.669054 4068.989307 4085.849971 4098.588601 4114.989191 4130.160436 4147.110507 4149.468616 4137.389362 4153.210670 4158.880562 4160.180688 4156.559706 4145.059735 4126.030952 4117.058590 4106.460139 4091.650248 4085.820168 4091.929644 4107.439891 4123.071209 4138.899967 4155.460745 4170.870408 4186.930135 4204.340279 4207.778722 4197.109491 4182.780161 4166.370258 4157.420248 4145.748913 4131.119698 4148.269072 4160.039127 4175.771028 4194.451496 4208.710045 4210.120067 4200.879484 4185.419530 4192.551598 
1048576 4184.510559 4182.050005 4165.269434 4147.671163 4136.849195 4119.180143 4101.648927 4090.970382 4082.070664 4091.840237 4109.280184 4125.799984 4141.630605 4156.900570 4172.090441 4188.589752 4192.238674 4178.769886 4166.560248 4152.629524 4143.469036 4130.309448 4146.110266 4161.410034 4177.698866 4193.250090 4209.099337 4217.280075 4229.990765 4237.720743 4244.240001 4248.348996 4250.040278 4247.069359 4242.628813 4238.400608 4229.949787 4212.940112 4202.680662 4188.260064 4180.548713 4165.930673 4154.089838 4142.140970 4126.489162 4138.400778 4152.471200 4170.510918 4171.449691 4156.619310 4149.438813 4138.259217 4129.409790 4118.639976 4100.628197 4105.070606 4114.110023 4129.091278 4146.670923 4165.189341 4169.950262 4159.960896 4178.190604 4184.320569 
1048576 4232.428968 4228.981212 4216.140136 4201.039672 4186.889157 4170.300439 4152.039066 4140.708596 4131.650552 4114.249721 4102.829844 4093.050957 4084.261134 4097.549245 4113.269970 4134.189337 4140.108824 4122.540355 4109.619185 4091.979936 4089.180380 4093.570635 4111.059010 4126.830027 4146.259278 4163.440317 4171.049222 4178.110510 4190.340638 4198.400304 4204.919562 4209.859297 4210.948944 4207.829013 4203.598946 4200.149328 4187.939689 4177.810624 4162.330180 4157.619551 4153.970629 4130.240530 4145.400599 4159.890115 4175.759852 4188.008606 4203.449935 4219.740629 4222.368822 4208.249971 4196.600989 4185.590893 4178.259522 4167.681560 4150.999710 4155.270755 4164.380953 4179.950804 4197.230563 4214.288667 4220.040515 4210.270941 4224.060103 4231.939092 
1048576 4245.340824 4242.550582 4241.351038 4229.169339 4222.560674 4207.769409 4191.549495 4171.960056 4164.850339 4151.079804 4138.780758 4127.180204 4135.150462 4151.400179 4167.729989 4183.420911 4187.978804 4173.589870 4161.249846 4146.231338 4137.149081 4121.491686 4141.159356 4157.170653 4171.950743 4187.159240 4204.750061 4212.779924 4222.789779 4231.190309 4240.341485 4244.459793 4246.659577 4242.260009 4238.000140 4230.860621 4224.399105 4210.811108 4196.239635 4185.309634 4176.469520 4158.761352 4147.380590 4130.650312 4144.819453 4157.539457 4171.559587 4187.639803 4192.270339 4178.619012 4168.169573 4158.020020 4159.510136 4136.530682 4138.570279 4159.558564 4163.879901 4180.559888 4200.210795 4208.961502 4221.519455 4233.300686 4238.599911 4244.448617 
1048576 4256.950691 4254.538566 4246.558994 4235.981032 4222.139716 4209.158942 4191.590473 4179.190844 4169.030115 4157.420248 4146.540537 4136.690870 4124.220461 4118.639976 4132.408649 4151.748493 4158.180207 4140.928388 4128.418863 4114.449024 4123.380408 4148.891196 4163.229838 4182.668403 4198.679700 4206.260666 4212.269560 4230.158404 4234.539345 4239.689559 4252.439365 4257.449880 4258.450121 4256.350920 4245.290533 4240.909591 4238.558933 4227.010533 4216.309637 4207.709804 4199.329764 4186.769947 4169.870168 4164.239392 4179.120064 4192.179069 4206.769168 4224.270582 4227.580503 4212.660715 4202.699289 4192.700610 4178.019240 4168.409854 4150.249064 4158.459604 4168.860614 4183.650017 4201.540723 4218.880087 4227.589816 4239.849746 4249.989986 4255.739972 
1048576 4295.779392 4292.840138 4288.310185 4283.839837 4272.630438 4258.990288 4247.641191 4235.809669 4225.889221 4212.150350 4193.739966 4199.760035 4212.791100 4227.168858 4241.930321 4259.031266 4263.069481 4248.410463 4237.949848 4226.950929 4224.080592 4224.721342 4242.429510 4251.809791 4267.811775 4284.368828 4293.650389 4307.819530 4319.429398 4324.691370 4334.030673 4338.949919 4341.049120 4336.969927 4330.608994 4326.749593 4319.289699 4308.270290 4295.650870 4279.620945 4270.300269 4251.221195 4239.320755 4225.239158 4215.819761 4205.571488 4216.969013 4234.939814 4238.780588 4224.700853 4214.650020 4199.380055 4189.169034 4178.659990 4192.700610 4208.698869 4224.319011 4239.130765 4255.648702 4261.618480 4277.190194 4283.020273 4288.809374 4294.179380 
1048576 4315.899685 4312.459379 4308.190197 4301.259294 4292.190075 4278.831184 4268.320277 4250.969738 4242.669791 4227.761179 4219.168797 4203.431308 4194.879904 4179.999232 4183.189943 4205.368459 4209.458828 4193.240777 4178.041592 4163.211212 4147.520289 4141.319543 4146.888852 4164.600745 4182.239994 4199.780524 4216.151312 4225.591198 4229.780287 4243.379459 4252.890125 4257.120192 4258.170724 4255.630076 4249.108955 4234.820604 4224.820063 4212.709144 4202.431068 4196.921363 4182.720557 4169.350490 4175.519571 4190.498963 4205.590114 4221.929237 4237.959161 4254.920408 4257.999361 4245.979711 4230.909050 4219.889641 4210.138693 4197.690636 4212.750122 4228.889942 4242.500290 4259.509966 4275.759682 4282.770678 4294.639453 4302.609712 4308.970645 4315.068945 
1048576 4245.968536 4232.408479 4224.689677 4212.910309 4204.019904 4190.810025 4180.541262 4164.090380 4149.159417 4131.231457 4114.679992 4098.800942 4090.109840 4108.930007 4127.388820 4147.820175 4154.210910 4135.480151 4121.439531 4114.858806 4124.300554 4141.099751 4157.230258 4176.810384 4194.859415 4204.651341 4210.401326 4222.301766 4229.690880 4237.210378 4247.680306 4251.921549 4253.949970 4250.649363 4242.459312 4238.620400 4233.451560 4215.570167 4207.190126 4183.091223 4175.510257 4158.241674 4145.950079 4164.269194 4181.990400 4199.238494 4214.579239 4233.149812 4239.279777 4222.599790 4210.921004 4194.151610 4179.218784 4162.000492 4144.240171 4163.660109 4179.829732 4195.939749 4213.649780 4233.220592 4239.510745 4222.620279 4228.539765 4243.981093 
1048576 4263.129085 4261.011258 4258.340225 4248.758778 4241.131246 4228.139296 4214.139655 4194.580019 4186.809063 4172.960296 4162.540659 4162.570462 4140.419886 4123.480991 4121.620208 4136.359319 4142.219201 4129.230976 4116.401076 4106.150940 4128.448665 4144.169390 4158.360884 4177.650437 4195.101559 4209.280014 4227.640107 4237.450659 4242.790863 4251.839593 4262.650385 4266.729578 4268.379882 4265.230149 4257.678986 4250.781611 4251.720384 4241.971299 4230.881110 4212.260246 4199.111834 4179.449752 4163.049161 4151.528701 4164.410755 4178.840667 4192.750901 4208.801314 4213.260487 4199.508578 4189.040512 4177.119583 4166.120663 4157.530144 4160.938784 4174.478352 4186.140373 4202.518612 4221.528769 4230.430350 4241.600633 4252.569750 4258.980975 4262.359813 
1048576 4350.369796 4339.739680 4326.110706 4314.679652 4304.289818 4290.420562 4279.309884 4270.369187 4262.119532 4242.498428 4238.121212 4253.380001 4270.799458 4288.649186 4307.189956 4327.390343 4331.460223 4315.840080 4300.400615 4285.881296 4274.759442 4258.411005 4267.551005 4285.840318 4302.360117 4320.399836 4334.250465 4344.059154 4348.009825 4365.460947 4372.309893 4376.420751 4377.450794 4374.450073 4371.870309 4358.399659 4342.978820 4332.309589 4320.319742 4306.569695 4300.070927 4290.830344 4272.520542 4273.548722 4290.839657 4305.889830 4322.430119 4338.910803 4342.498258 4329.139367 4318.330437 4301.128909 4292.828962 4275.219515 4258.820787 4269.240424 4284.199327 4299.070686 4316.130653 4332.190380 4339.560866 4324.408248 4334.840924 4348.941147 
1048576 4269.650206 4266.351461 4257.250577 4239.460453 4228.951409 4210.758954 4194.108769 4182.050005 4173.461348 4162.250087 4161.419347 4152.501002 4123.719409 4132.760689 4149.651155 4164.500162 4169.931635 4155.941308 4144.530743 4127.921537 4114.219919 4094.300792 4108.458757 4126.779735 4142.910242 4155.980423 4168.059677 4181.319848 4190.411419 4208.549857 4215.100780 4219.468683 4221.610725 4218.259826 4215.398803 4200.119525 4185.499623 4168.059677 4158.569500 4134.410992 4127.329215 4108.620808 4116.248339 4135.679454 4155.330360 4173.118621 4190.329462 4210.479558 4217.339680 4199.430346 4187.680781 4169.179127 4154.559225 4137.480631 4150.310531 4170.060158 4188.999534 4208.000377 4227.120429 4237.260669 4240.980372 4251.500592 4261.611030 4267.118871 
1048576 4325.209185 4322.279245 4317.790270 4313.740879 4305.209965 4291.469231 4272.900522 4264.319316 4248.950630 4238.359630 4228.319973 4211.699590 4202.090204 4183.819517 4171.848297 4159.929231 4162.488505 4149.660468 4137.288779 4125.449806 4114.829004 4105.530679 4085.360095 4094.181582 4106.959328 4121.769220 4135.940224 4153.510556 4157.880321 4145.929590 4164.850339 4171.300679 4172.099754 4167.849198 4150.779918 4140.399396 4131.440073 4116.389900 4122.169688 4139.900208 4154.071212 4169.519991 4185.451195 4201.449454 4216.238856 4232.080653 4248.309880 4265.028983 4268.830642 4255.620763 4243.960604 4226.880148 4219.951108 4208.790138 4223.380238 4239.279777 4253.121093 4268.661141 4286.348820 4292.698577 4305.649549 4313.791171 4319.109023 4324.330017 
1048576 4347.860813 4345.620051 4339.870065 4328.750074 4313.830286 4296.291620 4285.100847 4262.629896 4255.229607 4237.068817 4243.971780 4260.370508 4276.949912 4294.909537 4311.280325 4326.911643 4331.311211 4317.028448 4305.060953 4290.400073 4279.650748 4286.510870 4305.429757 4320.779815 4333.119839 4347.421229 4358.509555 4370.300099 4386.069253 4394.220188 4400.469363 4405.099899 4407.599568 4403.389990 4400.130361 4395.559430 4381.420091 4367.219284 4352.388903 4341.371357 4328.930750 4319.701344 4309.320822 4301.020876 4284.109920 4283.649847 4297.889769 4313.169047 4317.030311 4303.390160 4296.479747 4283.130169 4275.459796 4257.999361 4238.000140 4247.911274 4257.980734 4273.079336 4291.638732 4309.270531 4317.210987 4333.149642 4341.490567 4346.130416 
1048576 4205.519333 4199.938849 4183.789715 4174.189642 4160.780460 4149.250686 4134.759307 4122.888669 4110.930488 4113.359377 4132.669419 4150.489345 4166.120663 4179.419950 4193.320870 4208.600149 4211.010411 4199.050367 4189.679399 4179.399461 4165.040329 4153.959453 4159.791395 4173.438996 4185.849801 4201.490432 4217.680544 4229.718819 4245.130345 4254.128784 4260.530695 4265.079275 4266.640171 4263.609648 4259.761423 4253.130406 4242.079332 4224.220291 4212.440923 4194.861278 4185.250029 4172.619432 4160.769284 4150.200635 4142.189398 4156.580195 4171.319306 4187.209532 4190.800712 4178.259522 4165.649414 4150.290042 4141.690210 4131.490365 4114.890471 4133.259878 4145.599902 4160.180688 4177.469760 4193.341359 4197.560251 4184.139892 4196.111113 4204.470664 
1048576 4313.379526 4309.728742 4306.221381 4296.518862 4289.420322 4275.359213 4257.438704 4248.311743 4241.969436 4231.398925 4229.139537 4219.559953 4182.809964 4171.960056 4152.519628 4149.049520 4155.348986 4138.559103 4123.399034 4117.259756 4118.179902 4104.429856 4126.939923 4141.889513 4159.800708 4180.140793 4186.790437 4197.729751 4207.819700 4214.100540 4223.771393 4228.089005 4230.041057 4225.770012 4219.030961 4215.909168 4207.840189 4200.140014 4192.290828 4177.799448 4163.030535 4161.899909 4180.420190 4195.909947 4210.960120 4224.589095 4239.561036 4255.870357 4260.620102 4245.819524 4234.138876 4227.058962 4215.730354 4205.329344 4207.700491 4221.988842 4232.430831 4248.619080 4267.580807 4276.189953 4288.900644 4300.069064 4306.871444 4311.708733 
1048576 4249.179736 4246.359691 4232.950509 4216.980189 4207.968712 4194.689915 4183.318466 4172.069952 4162.389785 4150.610417 4144.480452 4123.169929 4113.180563 4099.391401 4114.959389 4132.568836 4136.169329 4122.428596 4110.720009 4101.309925 4093.421623 4074.338824 4092.060030 4108.149558 4123.549908 4137.609154 4151.759669 4159.640521 4170.669243 4179.799929 4186.209291 4191.780463 4192.790017 4190.059379 4184.540361 4179.351032 4169.749096 4157.189280 4145.190120 4135.640338 4136.590287 4127.519205 4135.809839 4151.578993 4167.579114 4183.338955 4199.611023 4217.140377 4220.599309 4207.910970 4195.101559 4184.449092 4168.970510 4152.501002 4161.650315 4179.298878 4196.099937 4208.950326 4224.000499 4234.209657 4235.820845 4232.810810 4242.289811 4248.399287 
1048576 4357.540980 4354.100674 4349.799827 4343.260080 4337.139428 4324.801266 4313.569516 4302.211106 4293.110222 4282.031208 4270.790145 4253.949970 4244.400188 4228.210077 4215.490073 4204.981029 4209.419712 4193.769768 4181.249067 4167.629406 4156.898707 4143.370315 4124.950618 4134.710878 4150.480032 4166.511819 4180.891439 4195.999354 4202.978685 4211.690277 4229.139537 4233.520478 4234.639928 4231.519997 4219.070077 4207.480699 4194.740206 4182.791337 4170.909524 4160.519689 4154.570401 4170.941189 4188.949242 4208.229482 4224.570468 4239.819944 4256.159067 4272.639751 4278.380424 4265.939817 4249.570891 4238.339141 4226.580262 4244.010895 4261.050373 4278.121516 4294.380546 4309.089854 4318.131134 4323.989153 4336.010665 4343.029112 4350.719973 4356.101155 
1048576 4356.479272 4354.011267 4341.488704 4337.869585 4336.189479 4324.389622 4312.539473 4295.770079 4285.139963 4270.959646 4258.720204 4246.810451 4238.370806 4220.411181 4209.069535 4199.070856 4197.180271 4184.478894 4168.979824 4152.540118 4145.579413 4138.080403 4125.541076 4125.649109 4136.851057 4150.839522 4167.109728 4183.450714 4189.960659 4203.869030 4217.488691 4222.430289 4224.408418 4220.370203 4211.019725 4195.770249 4187.310115 4177.859053 4166.530445 4147.211090 4156.118259 4171.080887 4189.420491 4202.879965 4217.980430 4233.250394 4247.950390 4264.850169 4268.959165 4255.350679 4244.260490 4233.470187 4223.680124 4240.339622 4256.229848 4271.330312 4285.879433 4301.281646 4309.620708 4329.269752 4333.959892 4335.399717 4349.470139 4355.018958 
1048576 4364.751279 4361.178726 4355.680197 4348.479211 4341.669381 4327.239469 4316.331819 4299.040884 4290.631041 4277.488217 4264.879972 4253.279418 4242.980853 4226.319492 4209.909588 4207.909107 4211.699590 4198.450595 4191.979766 4181.450233 4170.350730 4180.349410 4202.410579 4219.569266 4233.378917 4248.019308 4253.299907 4266.289994 4274.250939 4280.479625 4291.290417 4296.060652 4297.601059 4294.028506 4285.220057 4281.461239 4277.709872 4260.608926 4242.040217 4231.348634 4221.649840 4208.620638 4224.339500 4239.611328 4254.428670 4270.181060 4286.669195 4304.239526 4308.449104 4294.969141 4280.610010 4269.700497 4255.330190 4244.821146 4261.430353 4277.581349 4291.029647 4304.990172 4323.599860 4331.119359 4340.829328 4350.628704 4357.680678 4363.410175 
1048576 4288.149998 4281.571135 4267.320037 4255.099222 4241.269082 4230.109975 4218.628630 4208.099097 4205.029458 4179.630429 4168.789834 4162.089899 4176.439717 4193.190485 4208.540544 4224.469885 4228.521138 4214.201123 4199.638963 4190.409556 4179.479554 4168.290645 4184.110090 4199.329764 4213.308915 4229.148850 4245.160148 4252.750427 4265.209660 4272.360355 4279.609770 4284.430295 4286.289215 4282.450303 4280.010238 4272.650927 4264.289513 4250.779748 4238.750786 4226.509482 4217.199981 4201.939330 4201.261327 4206.160083 4221.219569 4237.039015 4252.200946 4268.471152 4273.330793 4259.480163 4249.989986 4237.970337 4227.140918 4208.460450 4196.899012 4210.740328 4226.788878 4242.530093 4258.779809 4274.539649 4279.598594 4265.639931 4276.080057 4285.650328 
1048576 4318.540916 4316.650331 4305.640236 4294.570535 4286.350682 4273.058847 4255.458713 4239.570349 4230.989143 4220.869392 4203.099757 4193.639383 4188.820720 4187.699407 4203.069955 4221.020266 4225.689918 4210.749641 4194.950685 4188.438877 4178.840667 4166.299477 4169.780761 4184.659570 4197.139293 4214.659333 4231.318831 4241.609946 4250.459373 4261.979833 4268.620163 4273.120314 4274.420440 4271.509126 4267.729819 4258.271307 4250.431433 4239.600152 4227.720201 4207.648337 4199.299961 4192.089662 4210.289568 4224.820063 4239.659756 4253.759980 4269.419238 4286.888987 4290.798679 4276.949912 4262.320697 4251.850769 4241.568968 4229.729995 4214.029759 4218.989983 4231.099039 4246.158525 4265.759140 4281.699657 4288.438708 4299.281165 4312.191159 4318.019375 
1048576 4250.159487 4246.000201 4241.289571 4237.169400 4230.190068 4212.319851 4195.639864 4178.220406 4169.588909 4156.010225 4146.538675 4151.349887 4166.940227 4183.240235 4198.720679 4216.710106 4221.349955 4205.459729 4193.680361 4182.899371 4169.508815 4155.348986 4143.718630 4159.759730 4172.001034 4188.161343 4203.869030 4220.539704 4224.969074 4210.919142 4225.298762 4232.710227 4234.878346 4228.780046 4219.138995 4204.541445 4194.241017 4177.169874 4165.511578 4156.870767 4139.840603 4125.559703 4111.630842 4125.358537 4140.218720 4154.570401 4170.808941 4188.979045 4192.899913 4178.579897 4163.401201 4152.780399 4144.741222 4134.720191 4150.340334 4165.200517 4177.181050 4192.030057 4209.039733 4216.490313 4231.130704 4235.889763 4242.449999 4247.689620 
1048576 4462.519661 4459.848627 4450.850189 4444.718361 4441.831261 4436.278716 4419.809207 4407.979548 4397.980869 4385.918379 4384.839907 4379.559308 4347.629845 4333.890975 4343.470559 4360.189661 4364.488646 4350.170493 4342.919216 4361.219704 4371.151328 4390.660673 4399.700090 4412.610084 4422.759637 4431.998357 4450.431094 4460.250959 4464.861006 4474.081099 4485.258833 4489.690065 4491.448402 4488.028586 4479.190335 4471.300170 4471.538588 4462.908953 4445.930943 4435.969517 4424.478859 4411.639646 4400.478676 4387.808964 4378.948361 4365.500063 4352.901131 4348.648712 4352.420568 4339.501262 4330.020398 4320.919514 4346.668720 4361.420870 4373.630509 4389.360547 4403.879866 4410.989583 4419.740289 4432.059824 4438.089207 4446.281120 4456.449300 4461.400211 
1048576 4270.380363 4267.860204 4263.568670 4258.770496 4251.580685 4233.540967 4221.390933 4210.190848 4199.570045 4186.879843 4176.300019 4160.270095 4154.490307 4172.099754 4188.980907 4206.169397 4211.550578 4195.740446 4183.070734 4165.960476 4156.149924 4143.038765 4133.140668 4143.459722 4159.040749 4176.000133 4192.329943 4209.419712 4213.990644 4200.199619 4213.631153 4221.919924 4223.549739 4216.508940 4206.478596 4194.788635 4184.190184 4166.901112 4155.430943 4137.730226 4125.669599 4112.739116 4130.739719 4146.380350 4161.700606 4177.140072 4192.329943 4211.090505 4214.650020 4198.659211 4188.369960 4172.639921 4163.248464 4153.739661 4168.020561 4185.700789 4199.808463 4213.361070 4230.421036 4237.929359 4251.889884 4257.509485 4263.559356 4269.219935 
1048576 4281.088710 4275.258631 4261.288792 4245.329648 4236.659035 4222.590476 4211.621359 4202.870652 4192.078486 4173.770547 4160.679877 4176.089540 4191.411659 4207.881168 4225.259647 4241.580144 4245.799035 4231.929779 4220.580682 4205.400124 4195.339978 4181.720316 4162.579775 4173.869267 4188.330844 4204.830155 4217.239097 4231.810570 4238.858819 4250.409082 4265.580326 4270.520061 4272.360355 4268.851131 4257.170483 4242.021590 4233.520478 4220.109433 4208.069295 4196.980968 4187.069833 4174.750298 4188.250750 4206.700251 4222.210497 4237.119108 4253.529012 4269.080237 4272.740334 4259.660840 4247.449338 4235.930741 4220.539704 4206.849262 4194.598645 4202.159122 4216.020927 4230.169579 4247.050732 4263.060167 4268.309101 4254.780710 4269.400612 4280.140623 
1048576 4241.360351 4238.100722 4231.609404 4220.239818 4214.508459 4204.660654 4187.760875 4180.079326 4163.270816 4146.561027 4123.060033 4106.700420 4104.770720 4121.169448 4137.938842 4154.300317 4159.109667 4143.601283 4131.700844 4114.909098 4107.318819 4094.719887 4080.230370 4096.331075 4110.069945 4125.310108 4140.969366 4157.990217 4162.630066 4148.179665 4162.479192 4170.458764 4171.559587 4166.200757 4153.560847 4142.109305 4131.300375 4114.070907 4101.829603 4089.040682 4079.820588 4096.599296 4114.471376 4126.340151 4136.459902 4150.670022 4165.250808 4185.190424 4190.929234 4174.740985 4157.910123 4150.450230 4153.449088 4138.849676 4130.948335 4152.810201 4161.600024 4179.010168 4199.398682 4208.419472 4212.670028 4226.339981 4233.879969 4239.879549 
1048576 4312.289879 4308.810458 4300.858825 4290.319979 4276.489839 4264.460877 4252.860323 4241.090268 4231.451079 4213.400185 4203.300923 4193.719476 4182.830453 4177.249968 4193.078727 4214.229062 4216.948524 4197.599366 4182.510078 4173.269495 4169.229418 4157.369956 4140.770063 4144.961014 4152.318463 4169.680178 4186.030477 4207.599908 4215.041175 4205.260426 4230.258986 4235.468805 4237.381741 4233.490676 4211.619496 4192.849621 4176.329821 4166.999832 4147.870466 4152.851179 4161.369056 4176.130518 4193.630069 4210.159183 4225.749522 4241.259769 4256.730899 4273.200408 4278.849810 4264.641553 4253.301769 4236.709327 4226.000980 4212.718457 4201.650620 4221.260548 4230.029881 4245.210439 4261.638969 4278.298467 4283.230752 4293.939099 4304.541275 4310.799763 
1048576 4194.708541 4187.401384 4173.789173 4157.308489 4149.869084 4136.539996 4124.579951 4139.030352 4154.790193 4169.730470 4186.971113 4202.488810 4214.558750 4229.908809 4245.961085 4263.000563 4264.058545 4250.280559 4236.979410 4226.379097 4220.960662 4207.439721 4199.679941 4195.658490 4207.029939 4223.840311 4240.838811 4258.530214 4262.819886 4253.039137 4270.279780 4275.890067 4276.778549 4274.491221 4259.159788 4247.318953 4232.378677 4215.240479 4197.649658 4186.909646 4175.459966 4162.369296 4150.299355 4139.099270 4136.350006 4151.839763 4166.498780 4184.249789 4187.731072 4172.800109 4162.380472 4146.508873 4135.400057 4121.769220 4102.960229 4115.020856 4128.860310 4144.130275 4161.998630 4176.909104 4183.860496 4169.439897 4182.869568 4193.559289 
1048576 4612.941295 4611.410201 4602.469504 4593.359306 4589.680582 4584.949464 4576.951265 4566.600546 4555.029795 4541.460425 4530.118778 4517.190158 4512.220621 4494.950175 4482.580349 4466.669634 4456.641153 4442.689940 4438.471049 4438.649863 4429.699853 4415.620118 4402.888939 4385.139793 4382.360727 4381.388426 4365.239292 4384.379834 4388.580099 4391.418770 4409.100860 4417.318851 4419.460893 4413.230345 4398.589954 4386.700690 4379.330203 4377.899691 4366.800189 4360.560328 4364.799708 4379.479215 4395.108670 4412.559792 4428.869113 4444.129765 4458.511248 4475.869238 4480.510950 4466.138780 4477.251321 4490.930587 4496.948794 4519.199952 4528.770223 4545.219243 4551.539198 4560.839385 4573.108628 4580.041394 4586.439580 4596.600309 4605.570808 4611.529410 
1048576 4243.709147 4235.479981 4222.929478 4212.010652 4202.388227 4189.850762 4179.708660 4162.080586 4150.699824 4132.431000 4120.269790 4116.659984 4130.749032 4145.530984 4160.590470 4177.499563 4181.090742 4166.750237 4156.250507 4147.090018 4136.489704 4124.378785 4106.508568 4125.539213 4138.909280 4153.840244 4168.879241 4184.080288 4187.708721 4177.140072 4188.779742 4195.600748 4197.319970 4191.569984 4175.109789 4161.609337 4149.761051 4140.179604 4124.920815 4114.558920 4125.040025 4139.108583 4153.510556 4168.380052 4184.029996 4198.638722 4214.741290 4232.870415 4236.619920 4222.029820 4209.950566 4193.419591 4184.180871 4175.109789 4164.829850 4164.921120 4178.170115 4193.449393 4210.250452 4226.379097 4233.520478 4218.220711 4231.261089 4242.891446 
1048576 4378.030077 4374.381155 4370.240495 4357.330501 4342.289641 4330.089316 4318.790510 4306.059331 4296.740517 4278.538749 4267.869517 4258.718342 4244.599491 4234.110937 4230.828956 4239.169881 4240.049049 4237.890244 4222.899675 4215.439782 4206.810147 4190.079868 4173.571244 4161.680117 4160.920158 4175.819457 4191.080108 4210.729152 4219.479859 4233.559594 4243.601114 4248.740152 4250.759259 4246.480763 4240.458831 4228.899255 4222.320393 4203.420132 4203.200340 4221.288487 4226.870835 4241.621122 4257.149994 4274.100065 4290.560260 4305.500537 4320.839420 4338.279366 4341.660067 4326.120019 4316.968843 4300.890490 4291.320220 4278.419539 4266.180098 4283.418879 4295.108840 4311.649129 4327.880219 4342.770204 4348.408431 4364.119843 4370.350391 4376.260564 
1048576 4259.260371 4256.630316 4251.729697 4247.009754 4239.119589 4226.319492 4209.598526 4192.549735 4184.920341 4170.930013 4159.631208 4148.229957 4136.851057 4124.429077 4127.610475 4145.670682 4151.890054 4136.558622 4123.749211 4109.678790 4098.629579 4084.369168 4071.021453 4085.099325 4099.199548 4116.050899 4131.799564 4150.331020 4155.028611 4140.241072 4144.981503 4159.890115 4160.780460 4148.161039 4137.519747 4126.369953 4115.590826 4103.539512 4092.728719 4081.230611 4088.509828 4102.928564 4119.530320 4133.209586 4149.369895 4166.349769 4181.081429 4199.510440 4201.890901 4188.170657 4177.279770 4161.139950 4152.720794 4142.839462 4157.619551 4172.690213 4187.239334 4202.730954 4219.248891 4226.170480 4239.629954 4246.940836 4252.448678 4258.560017 
1048576 4321.409389 4318.779334 4313.630983 4305.310547 4297.360778 4285.600036 4273.889586 4254.870117 4246.970639 4235.429689 4226.829857 4208.639264 4202.451557 4198.828712 4214.800894 4232.080653 4236.521199 4221.400246 4210.019484 4196.960479 4187.429324 4173.420370 4160.670564 4174.599424 4189.759493 4204.260185 4220.381379 4237.769172 4244.528711 4258.669913 4265.610129 4270.911217 4272.021353 4268.519580 4264.630377 4253.650084 4241.250455 4228.979349 4212.249070 4201.348871 4191.050306 4180.800170 4180.731252 4195.990041 4212.699831 4228.280857 4243.660718 4261.450842 4265.779629 4251.999781 4240.339622 4223.939031 4214.849323 4203.729331 4216.959700 4234.729335 4248.339683 4264.291376 4281.830043 4288.030788 4298.198968 4308.380187 4315.258935 4320.088774 
1048576 4361.690953 4357.989877 4354.400560 4349.259660 4335.548729 4316.249862 4305.260256 4292.579368 4280.639812 4277.449101 4273.230210 4263.190553 4234.870896 4217.509180 4213.958979 4232.360050 4238.540307 4222.899675 4213.418812 4202.919081 4192.769527 4175.230861 4189.088941 4208.149388 4223.519936 4237.988964 4253.020510 4261.020571 4266.569391 4278.680310 4287.200049 4291.560501 4293.570295 4289.930686 4284.670576 4275.279120 4264.019430 4248.959944 4234.040156 4223.790020 4215.439782 4205.400124 4222.881049 4241.880029 4255.259410 4265.779629 4280.289635 4298.849031 4302.408546 4287.540913 4278.790206 4271.211103 4263.250157 4246.039316 4261.249676 4278.950393 4294.689745 4308.050498 4321.299493 4327.829927 4341.259599 4348.799586 4354.180768 4359.580576 
1048576 4384.009168 4381.030798 4371.089861 4363.950342 4362.270236 4354.808480 4338.219762 4326.239228 4320.269451 4306.739196 4296.569154 4293.199629 4273.278639 4259.351641 4246.469587 4234.829918 4236.469045 4227.289930 4214.048386 4200.579599 4191.581160 4184.039310 4166.509956 4160.730168 4167.119041 4181.418568 4194.689915 4212.180153 4218.570888 4236.320034 4250.019789 4254.939035 4256.241024 4252.800718 4241.200164 4227.079451 4212.001339 4193.989560 4181.900993 4159.281030 4160.650074 4175.141454 4192.678258 4209.080711 4224.769771 4240.589216 4254.050553 4271.099344 4275.240004 4262.899980 4252.180457 4251.889884 4260.869697 4286.369309 4294.380546 4310.490564 4324.009642 4329.839721 4341.248423 4353.269935 4358.710721 4366.381094 4377.339035 4383.521155 
1048576 4199.400544 4193.959758 4181.420431 4163.831472 4154.870287 4140.280187 4129.050300 4118.440673 4111.619666 4091.380164 4100.268707 4120.839760 4139.600322 4158.828408 4175.720736 4191.409796 4197.569564 4185.970873 4171.028733 4152.690992 4138.410091 4119.509831 4107.320681 4124.028608 4142.539576 4163.239151 4184.029996 4201.941192 4206.530750 4202.470183 4222.359508 4227.718338 4229.201004 4225.349054 4208.860919 4187.349230 4168.389365 4150.239751 4138.048738 4120.178521 4107.678309 4090.759903 4105.590284 4123.829305 4139.360040 4154.641181 4169.100896 4185.218364 4189.589992 4175.299779 4167.420790 4150.860012 4140.799865 4126.830027 4109.160975 4119.200632 4132.770002 4147.669300 4164.230078 4181.779921 4185.900092 4174.239933 4189.200699 4197.619855 
1048576 4212.761298 4210.058600 4198.299721 4187.559709 4181.059077 4166.578874 4151.269794 4131.190479 4123.900086 4112.059250 4124.511033 4138.510674 4152.730107 4170.089960 4186.520353 4205.290228 4209.339619 4192.680120 4181.010649 4167.029634 4161.339253 4147.849977 4135.459661 4152.920097 4161.890596 4176.929593 4192.519933 4209.131002 4212.331027 4200.549796 4215.648398 4221.271724 4223.020747 4219.330847 4206.560552 4192.300141 4177.529365 4160.579294 4142.720252 4132.049158 4124.268889 4112.260416 4104.549065 4119.180143 4134.159535 4147.540778 4164.449871 4182.219505 4186.389968 4170.579836 4155.900329 4144.780338 4139.021039 4125.999287 4109.280184 4113.880917 4124.568775 4139.330238 4159.150645 4176.819697 4184.320569 4192.279652 4206.269979 4211.800173 
1048576 4333.989695 4330.249503 4318.710417 4313.969985 4312.321544 4301.469773 4284.439608 4273.200408 4261.160269 4248.300567 4237.189889 4226.701334 4210.200161 4203.408957 4186.930135 4175.718874 4175.310954 4159.739241 4148.039967 4132.479429 4119.418561 4109.449685 4115.169868 4131.579772 4148.328677 4165.010527 4178.650677 4188.369960 4195.509478 4210.200161 4217.181355 4221.320152 4223.531112 4219.530150 4217.360169 4205.709323 4194.950685 4182.210192 4171.099514 4162.130877 4153.529182 4146.089777 4164.271057 4178.529605 4195.429385 4210.559651 4225.930199 4243.269563 4247.371107 4232.810810 4219.761118 4207.689315 4202.190787 4217.049107 4232.158884 4248.568788 4263.099283 4277.899861 4286.039621 4304.708913 4309.520125 4312.150180 4325.939342 4331.998527 
1048576 4267.420620 4261.910915 4248.721525 4236.208275 4225.259647 4206.521437 4189.388826 4178.479314 4168.240353 4179.840907 4197.061062 4216.689616 4231.799394 4247.270525 4263.650626 4283.169284 4286.950454 4270.799458 4258.040339 4247.499630 4233.259708 4220.910370 4238.650203 4254.659638 4269.260913 4285.801202 4303.211346 4312.198609 4328.308627 4336.249083 4342.459142 4347.110167 4348.549992 4345.219582 4341.790453 4336.889833 4322.320223 4309.529439 4292.549565 4282.549024 4272.459075 4258.109257 4240.700975 4231.380299 4213.619977 4223.190248 4237.908870 4255.810753 4258.830100 4244.629294 4232.710227 4222.178832 4213.269800 4202.969372 4181.619734 4190.329462 4200.160503 4215.870053 4233.978689 4249.868914 4254.659638 4242.429510 4256.889224 4266.660661 
1048576 4287.520424 4284.759983 4279.728979 4275.251180 4266.530275 4248.188809 4236.340523 4224.769771 4213.619977 4201.190546 4193.250090 4172.081128 4163.039848 4161.149263 4178.099334 4198.130220 4201.641306 4185.719416 4173.180088 4164.980724 4177.428782 4192.249849 4206.100479 4221.979529 4233.948886 4244.050011 4251.081496 4272.390157 4278.620705 4284.590483 4295.080900 4299.959168 4301.689565 4298.290238 4288.140684 4285.609350 4282.489419 4272.408783 4260.789603 4251.759499 4251.459613 4244.599491 4232.369363 4193.820059 4186.050966 4193.559289 4208.950326 4226.779565 4230.400547 4215.890542 4205.711186 4192.629829 4181.120545 4168.059677 4186.319187 4201.469943 4215.389490 4228.958860 4246.389493 4253.780469 4267.830402 4274.029285 4280.930385 4286.050797 
1048576 4311.088473 4307.359457 4295.619205 4291.169345 4289.090633 4277.549684 4261.109978 4250.049591 4240.060225 4227.459431 4209.959880 4205.789417 4222.840071 4239.760339 4257.429391 4274.381325 4278.721288 4263.751209 4252.269864 4236.519337 4222.739488 4209.930077 4189.388826 4202.969372 4219.299182 4236.059263 4249.390215 4261.719063 4269.709811 4281.459376 4296.720028 4301.648587 4303.850234 4300.540313 4289.140925 4273.070022 4260.769114 4249.019548 4237.139598 4224.089906 4216.169938 4206.210375 4187.360406 4177.900031 4172.489047 4187.868908 4203.379154 4220.040515 4223.389551 4210.619256 4196.580499 4186.330363 4177.130759 4193.270579 4209.179431 4224.330187 4239.059985 4255.011678 4262.829199 4281.239584 4286.330193 4290.370271 4303.108901 4309.220240 
1048576 4266.779870 4258.790985 4246.110097 4235.560074 4220.610484 4209.250212 4197.319970 4186.170176 4178.518429 4177.020863 4196.099937 4214.540124 4232.060164 4245.938733 4260.091111 4274.729639 4277.830943 4266.390577 4256.760702 4242.410883 4234.699532 4215.920344 4198.281094 4209.879786 4224.330187 4235.921428 4250.738770 4268.670455 4277.609289 4293.890670 4302.488640 4306.940362 4308.078438 4306.040704 4300.519824 4286.259413 4271.119833 4257.449880 4240.570590 4226.170480 4219.081253 4205.159843 4195.259884 4193.918779 4201.518372 4217.579961 4232.700914 4249.749705 4255.538806 4240.570590 4230.139777 4215.369001 4205.979407 4188.859835 4176.938906 4192.011431 4205.539823 4220.878705 4237.359390 4253.711551 4259.061068 4244.949669 4253.279418 4265.949130 
1048576 4219.800234 4216.959700 4211.578518 4200.529307 4192.490131 4179.930314 4168.640822 4156.989977 4149.530083 4131.589085 4120.100290 4102.319479 4107.069224 4120.901227 4134.729505 4150.871187 4156.190902 4139.879718 4129.478708 4121.139646 4122.389480 4117.339849 4136.228934 4144.148901 4158.439115 4178.529605 4187.028855 4202.390090 4211.390391 4216.140136 4226.598889 4231.018946 4233.218729 4230.000079 4222.359508 4219.070077 4213.819280 4201.250151 4189.690575 4173.669964 4162.149504 4144.819453 4128.109664 4116.969183 4110.559821 4127.260298 4143.111408 4160.949960 4167.720675 4151.249304 4140.028730 4123.169929 4111.269489 4101.270810 4114.599898 4131.220281 4145.361483 4161.570221 4179.200158 4186.760634 4192.860797 4205.590114 4212.919623 4218.250513 
1048576 4553.768784 4550.369456 4538.560286 4528.818652 4522.839561 4505.390301 4488.760605 4477.439448 4466.800019 4452.949390 4441.140220 4429.038614 4419.039935 4402.140155 4394.341260 4383.061081 4365.328699 4351.839423 4341.131076 4327.790812 4301.909357 4288.889468 4270.249978 4267.981276 4279.259592 4303.019494 4322.789609 4343.640059 4355.130717 4374.030977 4386.069253 4390.580580 4392.119125 4388.799891 4379.440099 4362.680018 4347.261041 4362.760112 4378.661513 4396.619275 4410.630092 4427.971318 4443.829879 4459.420219 4474.269226 4488.769919 4504.410550 4522.761330 4526.529461 4511.110485 4500.130191 4484.130070 4478.689283 4468.809813 4447.150975 4456.048831 4465.289414 4481.190816 4500.120878 4518.060014 4525.709897 4533.249885 4546.890035 4552.870989 
1048576 4362.238571 4359.379411 4353.830591 4341.710359 4327.110946 4317.009822 4299.880937 4289.399832 4280.459136 4268.011078 4249.019548 4238.210618 4234.770313 4217.490554 4225.838929 4233.190790 4234.679043 4230.290651 4215.041175 4207.780585 4198.711365 4188.120365 4170.639440 4154.000431 4154.030234 4170.188680 4187.300801 4206.741229 4211.029038 4201.559350 4218.660295 4226.529971 4228.541628 4222.270101 4207.929596 4189.848900 4177.330062 4170.000553 4181.990400 4196.589813 4210.289568 4226.909950 4242.250696 4257.479683 4274.530336 4290.219396 4305.521026 4323.219880 4326.479509 4311.859608 4302.090034 4284.769297 4279.300570 4261.931404 4251.489416 4266.241565 4279.648885 4295.220599 4311.861470 4326.488823 4332.419485 4347.329959 4354.288802 4360.169172 
1048576 4225.660115 4220.940173 4208.538681 4191.650078 4180.729389 4168.331623 4157.260060 4143.629223 4136.150703 4118.349403 4106.448963 4090.009257 4088.470712 4104.770720 4120.320082 4142.500460 4146.389663 4129.000008 4112.878814 4097.800702 4100.080580 4094.019532 4083.691165 4103.228450 4117.261618 4136.919975 4151.809961 4161.849618 4165.830091 4180.189222 4187.859595 4192.769527 4194.820300 4191.648215 4185.190424 4174.938425 4163.891077 4158.750176 4157.980904 4132.060334 4121.320322 4116.538912 4134.019837 4150.290042 4166.780040 4180.449992 4196.360707 4213.919863 4216.350615 4201.430827 4190.279171 4178.250208 4165.001214 4155.149683 4139.838740 4145.560786 4159.091040 4173.001274 4190.970212 4208.140075 4212.189466 4202.719778 4216.479138 4224.810749 
1048576 4318.030551 4314.590245 4311.269149 4310.050979 4294.950515 4277.659580 4260.839894 4251.170903 4241.149873 4232.220352 4231.989384 4221.970215 4193.829373 4176.730290 4159.430042 4176.180810 4179.989919 4164.380953 4149.729386 4141.530022 4133.919254 4124.850035 4107.080400 4112.210125 4120.640457 4138.739780 4154.291004 4171.738401 4177.570343 4164.179787 4179.589450 4187.701270 4189.630970 4183.281213 4170.229658 4158.940166 4149.029031 4136.880860 4131.859168 4143.780097 4148.490727 4161.451012 4180.239514 4195.719957 4208.900034 4222.819582 4239.780828 4256.749526 4260.880873 4245.869815 4234.369844 4223.281518 4215.611145 4203.550518 4217.410460 4234.399647 4247.190431 4260.791466 4277.098924 4284.340888 4299.120978 4305.480048 4310.630262 4316.469654 
1048576 4274.509847 4272.000864 4258.880392 4249.000922 4242.891446 4228.958860 4210.850224 4200.318828 4190.210253 4176.640883 4157.289863 4148.969427 4133.459181 4140.729085 4156.719893 4173.109308 4178.300500 4162.469879 4150.910303 4135.120660 4126.969725 4112.828523 4129.178822 4145.121202 4159.970209 4176.519811 4191.590473 4199.819639 4211.859778 4220.629111 4226.470366 4231.339321 4233.339801 4229.420796 4225.630313 4219.761118 4209.840670 4197.610542 4185.801372 4174.498841 4162.659869 4149.610177 4163.781181 4179.570824 4194.090143 4208.000377 4225.039855 4242.731258 4247.859120 4232.130945 4218.788818 4205.780104 4195.678979 4186.840728 4172.310233 4175.640643 4186.220467 4201.669246 4220.940173 4239.689559 4246.098921 4252.890125 4267.450422 4272.829741 
1048576 4283.310845 4280.420020 4278.410226 4262.620583 4248.820245 4233.658314 4221.929237 4204.319790 4196.731374 4182.109609 4170.950502 4158.681259 4148.729146 4161.119461 4177.249968 4195.129499 4199.311137 4183.730111 4171.811044 4157.710820 4147.060215 4131.721333 4137.521610 4156.351089 4171.788692 4188.001156 4200.309515 4212.651402 4218.699411 4235.008731 4241.399467 4246.730357 4247.870296 4244.221374 4241.511226 4226.619378 4217.749462 4204.088822 4191.748798 4180.159420 4172.069952 4157.720134 4163.639620 4178.389907 4194.179550 4208.179191 4224.449396 4242.559895 4246.300086 4230.840132 4220.360890 4208.238795 4198.430106 4185.630009 4170.350730 4186.319187 4200.300202 4214.899614 4231.760278 4247.359931 4253.879189 4270.819947 4276.599735 4282.120615 
1048576 4222.819582 4207.741469 4198.679700 4186.000675 4178.779200 4166.400060 4156.609997 4141.470417 4125.598818 4109.339789 4092.510790 4074.750468 4080.200568 4094.839096 4110.829905 4130.069166 4136.709496 4118.239507 4101.078957 4094.248638 4098.629579 4123.998806 4136.608914 4157.699645 4174.219444 4184.240475 4189.319909 4208.270460 4212.630913 4215.160385 4229.629412 4234.399647 4236.539826 4232.950509 4221.059382 4217.930138 4215.760157 4202.269018 4191.109911 4190.139472 4173.308611 4159.050062 4143.100232 4140.680656 4158.750176 4174.150527 4190.949723 4210.889339 4216.820002 4199.570045 4188.470542 4172.598943 4156.939685 4139.030352 4123.110324 4141.090438 4156.799987 4172.459245 4191.130400 4209.769890 4216.499627 4199.279472 4203.639925 4220.789298 
1048576 4239.490256 4234.539345 4222.329706 4206.620157 4192.480817 4175.890237 4165.640101 4153.089598 4143.569618 4131.861031 4119.649529 4128.361121 4142.550752 4155.689850 4171.861336 4188.999534 4190.091044 4176.560789 4165.431485 4155.090079 4144.089296 4140.699282 4124.499857 4125.740379 4135.010764 4149.999470 4165.979102 4184.199497 4188.699648 4179.330543 4196.191207 4202.039912 4203.710705 4199.679941 4184.570163 4169.359803 4156.799987 4142.820835 4124.401137 4114.910960 4116.488621 4134.330899 4151.109606 4167.879000 4183.219746 4195.040092 4209.531471 4227.008671 4229.679704 4216.060042 4203.449935 4194.490612 4183.780402 4175.230861 4154.590890 4162.991419 4172.759131 4188.140854 4205.819219 4223.410040 4227.129743 4216.209054 4230.111837 4238.680005 
1048576 4267.020151 4263.291135 4258.500412 4248.609766 4241.229966 4228.070378 4218.000919 4202.060401 4193.671048 4179.710522 4168.558866 4169.089720 4182.020202 4195.390269 4209.499806 4225.900397 4230.320454 4215.428606 4207.119346 4195.619375 4180.029035 4166.709259 4150.969908 4159.640521 4171.520472 4186.689854 4201.650620 4220.029339 4227.250814 4242.399707 4252.029583 4256.920889 4259.040579 4254.920408 4249.660298 4237.379879 4222.210497 4207.689315 4194.030538 4181.420431 4169.879481 4159.029573 4147.790372 4140.429199 4156.569019 4172.699526 4188.299179 4205.280915 4211.049527 4196.330905 4185.520113 4168.750718 4157.770425 4146.790132 4165.090621 4177.778959 4192.620516 4208.490252 4226.390272 4233.850166 4240.760580 4252.390936 4259.288311 4264.950752 
1048576 4307.888448 4299.359396 4288.800061 4274.001345 4265.049472 4250.669852 4237.798974 4226.040095 4216.600209 4203.269258 4188.090563 4177.330062 4163.220525 4151.089117 4158.869386 4176.039249 4181.358963 4166.720435 4155.790433 4145.840183 4131.780937 4117.669538 4103.330895 4117.960110 4132.969305 4151.690751 4166.739061 4183.970392 4187.909886 4173.168913 4182.590172 4193.359986 4194.740206 4185.529426 4170.440137 4159.830511 4149.759188 4138.149321 4153.160378 4168.178886 4182.999954 4198.661074 4215.270281 4231.549799 4248.140380 4262.860864 4277.670756 4295.751452 4299.839959 4284.750670 4273.639992 4259.491339 4251.090810 4233.209416 4217.360169 4227.411002 4240.769893 4255.939275 4274.200648 4290.601239 4296.749830 4282.129928 4294.989631 4306.610674 
1048576 4257.800058 4256.119952 4254.430532 4242.410883 4234.569147 4222.411662 4206.141457 4188.861698 4181.031138 4168.281332 4155.749455 4144.398496 4136.890173 4120.869562 4130.009562 4147.430882 4154.190421 4137.931392 4125.630483 4114.989191 4103.349522 4087.438807 4073.070362 4088.111222 4102.109000 4119.239748 4133.190960 4152.229056 4157.418385 4141.530022 4149.839282 4162.279889 4164.319485 4153.760150 4143.780097 4131.231457 4119.908437 4108.019173 4096.139222 4084.389657 4093.969241 4109.159112 4126.040265 4142.438993 4158.029333 4172.259942 4186.850041 4204.459488 4207.840189 4194.341600 4182.389006 4170.250148 4160.759971 4150.860012 4154.339433 4168.540239 4179.671407 4194.680601 4214.098677 4222.989082 4235.100001 4246.819764 4253.050312 4256.550223 
1048576 4246.260971 4242.509604 4239.249974 4234.500229 4220.029339 4207.611084 4190.420732 4179.090261 4168.430343 4156.099632 4144.428298 4135.919735 4149.790853 4162.359983 4177.190363 4194.119945 4198.579118 4182.288423 4172.969609 4162.589088 4153.508693 4132.909700 4141.561687 4159.349948 4171.159118 4188.571125 4205.280915 4214.920104 4227.850586 4237.739369 4244.150594 4246.089607 4248.211160 4245.350137 4242.639989 4235.379398 4227.951169 4214.089364 4195.969552 4179.449752 4171.440378 4158.388823 4146.199673 4135.180265 4137.551412 4151.228815 4167.770967 4185.229540 4189.051688 4174.178466 4164.470360 4152.199253 4144.340754 4129.409790 4145.050421 4161.641002 4175.748676 4189.958796 4206.020385 4211.321473 4226.168618 4233.609885 4239.151254 4244.429991 
1048576 4240.300506 4234.198481 4220.770672 4203.010350 4193.440080 4181.159660 4169.398919 4157.099873 4148.060456 4150.539637 4167.100415 4183.540121 4197.610542 4210.030660 4225.229844 4243.060946 4246.409982 4232.399166 4220.901057 4213.340580 4203.541204 4190.461710 4202.799872 4221.338779 4235.940054 4249.921069 4263.499752 4271.339625 4282.450303 4291.281104 4297.340289 4301.790148 4303.529859 4301.059991 4296.420142 4290.521145 4279.000685 4265.109077 4254.039377 4242.101684 4240.289330 4234.770313 4224.328324 4201.199859 4182.379693 4196.861759 4212.530330 4228.608683 4232.039675 4219.789058 4206.938669 4193.998873 4183.521494 4164.431244 4154.881462 4160.290584 4174.610600 4188.910127 4205.809906 4221.590236 4225.580022 4213.439301 4230.160266 4239.490256 
1048576 4356.591031 4339.730367 4324.320704 4312.319681 4304.749891 4298.640415 4296.749830 4310.131073 4316.521809 4334.241152 4350.749776 4366.699606 4380.829632 4396.179691 4412.010312 4430.359229 4441.300407 4454.538226 4468.819126 4489.829764 4505.500197 4518.469796 4525.640979 4537.649453 4556.650296 4568.750039 4577.960819 4584.949464 4591.278732 4601.990804 4611.758515 4616.428167 4619.011655 4614.679143 4608.798772 4599.280655 4591.090605 4589.240998 4578.860477 4578.700289 4570.821300 4551.550373 4536.541179 4527.099431 4509.801045 4500.878975 4483.539611 4471.970722 4462.860525 4452.100024 4451.960325 4448.439926 4449.369386 4446.350038 4427.248612 4409.529269 4403.600469 4389.239475 4375.940189 4360.528663 4364.628345 4355.520010 4349.730909 4355.240613 
1048576 4341.769964 4338.810220 4331.059754 4321.090877 4312.399775 4294.630140 4284.640774 4272.000864 4262.160510 4249.669611 4232.700914 4221.219569 4211.429507 4193.160683 4181.560129 4170.600325 4168.309271 4154.181108 4141.960293 4126.381129 4118.431360 4105.258733 4109.431058 4126.951098 4137.350246 4152.499139 4166.210070 4183.759913 4195.960239 4209.760576 4216.320813 4221.059382 4222.499207 4219.138995 4215.879366 4204.820842 4195.619375 4180.608317 4169.519991 4176.899791 4191.370681 4207.570106 4224.110395 4240.160808 4255.509004 4271.730781 4287.928343 4303.619266 4308.311269 4295.490682 4279.650748 4269.320518 4259.910434 4242.440686 4231.158644 4246.300086 4260.059446 4275.571555 4291.418940 4308.659583 4313.068464 4325.490445 4334.840924 4340.639338 
1048576 4242.680967 4234.500229 4222.549498 4210.419953 4199.489951 4181.949422 4169.840366 4151.210189 4142.990336 4128.269851 4116.630182 4108.520225 4099.918529 4099.171609 4114.709795 4131.920636 4135.470837 4121.251404 4108.861089 4092.849791 4086.440429 4072.370008 4089.290276 4104.230553 4120.979458 4136.590287 4151.059315 4158.860072 4171.619192 4178.689793 4185.380414 4189.960659 4191.750661 4187.509418 4186.399281 4180.211574 4168.469459 4157.390445 4140.319303 4129.160196 4119.159654 4128.679633 4144.281149 4158.949479 4174.608737 4191.350192 4208.201542 4225.721583 4230.240360 4216.419533 4201.048985 4186.609760 4179.229960 4165.859893 4154.790193 4171.989858 4179.989919 4195.589572 4212.729633 4228.910431 4233.930260 4219.120368 4230.231047 4241.229966 
1048576 4384.031519 4381.569102 4373.120144 4361.320287 4351.649433 4340.579733 4326.321185 4314.500839 4304.099828 4291.359335 4282.759503 4271.438345 4252.849147 4239.030182 4221.480340 4212.090746 4210.570827 4196.420312 4185.659811 4173.500463 4167.079926 4153.599963 4142.040387 4164.209589 4169.570282 4185.469821 4199.510440 4214.130342 4217.740148 4233.300686 4242.498428 4246.620461 4248.209298 4244.690761 4239.659756 4223.160446 4212.450236 4196.869209 4203.001037 4220.569506 4234.600812 4249.941558 4266.319796 4282.580689 4297.649488 4314.659163 4330.830649 4346.739501 4351.779819 4339.009523 4324.369133 4309.149459 4299.791530 4286.998883 4273.550585 4289.120436 4303.019494 4318.360239 4335.839301 4352.878779 4356.600344 4367.409274 4377.631471 4383.519292 
1048576 4313.420504 4310.708493 4301.201552 4285.059869 4270.639271 4252.800718 4244.880751 4226.440564 4220.120609 4206.759855 4195.529968 4194.078967 4195.719957 4210.921004 4226.971418 4246.499389 4252.219573 4235.651344 4219.111055 4205.759615 4210.270941 4200.570285 4226.610065 4240.971059 4258.129746 4277.329892 4285.568371 4291.649908 4305.150360 4310.620949 4318.211228 4322.869703 4324.570298 4320.660606 4317.399114 4313.578829 4301.059991 4289.260134 4283.091053 4279.559478 4263.199866 4243.470728 4224.039614 4214.039072 4231.199622 4244.949669 4255.319014 4269.918427 4274.100065 4264.010116 4257.870838 4246.419296 4230.899736 4222.789779 4205.890000 4210.328683 4233.749583 4251.319915 4269.080237 4283.159971 4287.650809 4294.339567 4306.441173 4312.170669 
1048576 4498.358816 4492.590204 4476.441070 4464.378580 4457.930103 4446.340725 4435.058683 4418.650642 4410.259426 4391.631112 4406.010732 4422.590137 4434.918985 4453.200847 4471.391439 4487.561062 4499.470815 4513.850436 4529.498518 4542.568699 4549.479112 4567.760974 4580.989480 4592.908546 4613.328725 4623.748362 4628.539085 4636.960104 4646.768793 4655.389115 4663.908854 4668.010399 4669.679329 4666.799679 4660.109058 4654.269665 4646.999761 4646.299407 4635.481164 4627.550021 4627.000540 4604.639485 4592.100158 4583.060741 4565.099254 4555.799067 4538.519308 4528.049380 4523.249343 4510.490224 4507.489502 4487.799481 4479.149356 4465.429112 4447.439685 4438.439384 4435.969517 4423.171282 4443.529993 4461.480305 4468.489438 4471.190274 4488.531500 4497.069865 
1048576 4233.330488 4230.840132 4223.311320 4208.208993 4193.849862 4179.779440 4168.720916 4155.399278 4155.579954 4138.920456 4122.421145 4130.680114 4144.320264 4157.489166 4172.399640 4188.830033 4192.290828 4178.470001 4165.779799 4157.610238 4149.211571 4136.338830 4118.399695 4123.710096 4133.559763 4150.280729 4167.260602 4185.199738 4189.360887 4178.540781 4194.358364 4201.360047 4203.179851 4197.789356 4185.220227 4172.779620 4156.190902 4139.300436 4122.249782 4111.479968 4096.928984 4104.189575 4122.151062 4138.719290 4156.390205 4172.259942 4186.790437 4202.190787 4205.860198 4193.039611 4183.260724 4167.631269 4157.369956 4143.500701 4124.348983 4135.658965 4150.040448 4162.460566 4178.589210 4193.359986 4200.071096 4217.369482 4227.129743 4232.399166 
1048576 4233.049229 4230.380058 4219.049588 4210.129380 4201.099277 4187.358543 4168.950021 4152.819514 4144.281149 4142.079502 4159.180447 4177.190363 4191.759974 4206.269979 4223.270342 4240.579903 4244.498909 4229.711369 4214.869812 4205.239937 4197.899252 4214.931279 4229.059443 4245.420918 4258.980975 4276.100546 4283.159971 4305.219278 4309.948534 4310.280085 4325.069487 4330.070689 4331.899807 4328.619689 4315.899685 4315.171391 4312.871024 4299.160093 4287.511110 4269.748926 4261.210561 4248.719662 4237.389192 4225.410521 4206.338897 4195.230082 4183.450714 4201.048985 4205.720499 4190.750420 4176.840186 4166.569561 4158.869386 4147.680476 4129.419103 4134.830087 4144.478589 4160.581157 4180.070013 4196.990281 4204.269499 4213.329405 4226.230085 4231.670871 
1048576 4265.859723 4263.170063 4244.700074 4228.709266 4214.700311 4196.420312 4186.689854 4174.340516 4168.100655 4166.180268 4157.710820 4135.118797 4111.660644 4116.900265 4133.200273 4149.980843 4153.639078 4139.119759 4128.281027 4114.110023 4106.650129 4126.960412 4140.049219 4156.809300 4170.099273 4185.998812 4193.259403 4214.899614 4218.740389 4219.749942 4234.809428 4239.318892 4241.019487 4237.679765 4225.319251 4222.931340 4222.478718 4204.839468 4193.119705 4180.738702 4170.360044 4156.989977 4145.249724 4156.839103 4175.391048 4194.641486 4214.398563 4234.800115 4240.199924 4223.540425 4208.009690 4190.130159 4175.350070 4157.630727 4140.520468 4157.990217 4174.960777 4194.270819 4214.169458 4234.939814 4241.170362 4239.359871 4259.200767 4264.758900 
1048576 4255.469888 4252.498969 4236.409441 4220.670089 4205.519333 4191.650078 4173.990339 4161.980003 4152.931273 4142.459482 4147.591069 4163.671285 4179.280251 4194.101319 4210.790619 4229.558632 4234.040156 4217.889160 4205.910489 4191.679880 4180.660471 4162.339494 4148.099571 4160.720855 4174.780101 4190.698266 4207.000136 4225.799814 4231.899977 4216.050729 4225.080833 4238.730296 4240.969196 4227.990285 4218.081012 4206.949845 4197.189584 4184.739664 4173.088819 4164.548591 4146.620631 4141.099751 4157.399759 4170.149565 4184.920341 4198.869690 4216.888919 4236.159846 4239.538684 4224.510863 4210.410640 4197.629169 4190.780222 4177.739844 4166.319966 4184.590653 4194.809124 4207.000136 4222.920164 4239.419475 4241.559654 4230.391234 4246.959463 4253.750667 
1048576 4209.341481 4202.669486 4189.269617 4176.249728 4165.951163 4152.601585 4140.838981 4128.100350 4134.420305 4149.708897 4166.999832 4182.739183 4196.448252 4212.440923 4230.249673 4246.909171 4252.260551 4236.679524 4221.681505 4207.720980 4199.860618 4186.369479 4174.130037 4190.059379 4202.609882 4218.021408 4233.129323 4251.150414 4256.159067 4240.918905 4252.199084 4262.790084 4263.659939 4256.390035 4243.811592 4232.829437 4220.411181 4207.869992 4195.401445 4180.470482 4171.850160 4161.519930 4144.741222 4135.418683 4149.951041 4165.790975 4181.839526 4198.469222 4201.639444 4188.559949 4176.080227 4162.590951 4152.880982 4135.429859 4125.010222 4128.739238 4143.759608 4158.869386 4175.459966 4191.098735 4196.779802 4182.720557 4197.418690 4208.240658 
1048576 4245.189950 4241.179675 4234.459251 4223.430529 4207.590595 4193.870351 4182.649776 4169.559106 4158.100113 4148.159176 4129.540175 4142.029211 4155.060276 4168.229178 4185.119644 4201.710224 4205.049947 4190.040752 4179.479554 4168.190062 4160.519689 4149.550572 4132.140428 4137.510434 4145.728424 4163.470119 4180.120304 4198.549315 4201.700911 4191.458225 4207.249731 4214.080051 4215.810448 4210.190848 4198.959097 4183.180630 4168.389365 4155.151546 4136.810079 4124.980420 4114.510491 4117.039964 4134.159535 4150.198773 4167.869687 4182.830453 4197.819158 4213.269800 4216.559231 4203.299060 4195.680842 4178.401083 4167.180508 4156.799987 4136.960953 4147.499800 4158.951342 4172.081128 4189.020023 4205.750301 4211.489111 4227.979109 4238.100722 4243.500531 
1048576 4262.380302 4259.889945 4249.161109 4244.549200 4241.319373 4228.709266 4217.630252 4206.949845 4192.659631 4181.100056 4172.220826 4162.469879 4142.349586 4125.809297 4129.100591 4148.529842 4152.430221 4135.489464 4122.950137 4108.758643 4101.900384 4090.171307 4104.170948 4118.820652 4133.759066 4151.748493 4168.380052 4177.689552 4194.149747 4201.799631 4208.659753 4213.379696 4215.309396 4211.561754 4207.560793 4202.999175 4188.079387 4175.521433 4156.840965 4140.879959 4133.058712 4120.290279 4108.561203 4110.191017 4125.190899 4140.000790 4156.490788 4172.649235 4175.880924 4163.198173 4148.319364 4137.020558 4129.940644 4145.080224 4162.101075 4178.090021 4194.648936 4209.300503 4217.918962 4232.689738 4237.899557 4242.699593 4255.291075 4260.910675 
1048576 4365.390167 4362.339154 4356.849939 4344.901070 4330.368713 4318.270832 4311.049357 4293.700680 4282.340407 4268.109798 4257.548600 4246.689379 4232.970998 4219.749942 4233.049229 4250.479862 4253.730178 4238.929600 4228.148609 4212.928936 4206.119105 4213.459790 4228.681326 4243.619740 4257.829860 4274.180159 4284.128547 4297.601059 4310.298711 4315.290600 4324.130714 4328.871146 4330.439493 4327.349365 4320.848733 4320.720211 4309.300333 4299.201071 4282.850772 4270.549864 4260.590300 4242.330790 4247.579724 4261.160269 4279.678687 4293.551669 4309.449345 4326.410592 4330.299795 4316.240549 4307.201132 4290.889949 4279.229790 4268.670455 4254.300147 4271.591082 4283.361137 4300.050437 4315.739498 4331.089556 4335.729405 4350.420088 4358.239472 4363.849759 
1048576 4240.779206 4236.929119 4216.581583 4199.599847 4185.330123 4167.478532 4150.969908 4134.189337 4126.699641 4113.649949 4125.069827 4134.349525 4148.930311 4164.079204 4180.859774 4202.699289 4208.238795 4190.700129 4175.670445 4156.518728 4154.870287 4151.329398 4141.578451 4161.680117 4179.170355 4197.180271 4216.400906 4226.280376 4230.190068 4240.998998 4251.720384 4256.209359 4258.090630 4254.151136 4248.138517 4231.529310 4222.169518 4211.209714 4203.759134 4198.020324 4180.500284 4162.849858 4145.711660 4145.449027 4160.961136 4175.640643 4193.119705 4213.670269 4219.738767 4200.050607 4189.129919 4173.029214 4168.160260 4155.458882 4146.959633 4162.589088 4169.810563 4183.869809 4201.209173 4219.559953 4221.780226 4210.630432 4233.449697 4238.789901 
1048576 4281.111062 4278.820008 4263.179377 4245.920107 4232.699051 4218.829796 4201.181233 4189.159721 4179.069772 4166.340455 4155.660048 4145.819694 4137.068987 4136.180505 4112.739116 4130.590707 4132.930189 4118.191078 4106.771201 4091.190174 4085.950553 4101.170227 4117.559642 4133.619368 4148.429260 4165.479913 4172.479734 4196.468741 4200.011492 4200.290889 4215.380177 4220.439121 4222.139716 4218.699411 4206.320271 4203.809425 4203.809425 4188.429564 4177.641124 4159.620032 4155.850038 4174.569622 4192.888737 4208.380356 4223.478958 4235.479981 4250.749946 4268.240184 4268.629476 4255.518317 4247.600213 4237.050191 4226.971418 4213.130102 4196.809605 4201.360047 4211.541265 4227.099940 4244.681448 4262.691364 4267.029464 4258.040339 4274.019971 4280.230030 
1048576 4356.469959 4352.480173 4348.669201 4339.050502 4330.579191 4318.831488 4308.450967 4290.170968 4283.599555 4268.260673 4256.039858 4243.850708 4233.000800 4218.220711 4233.920947 4251.440987 4255.520180 4241.000861 4225.650802 4215.169698 4204.500467 4193.611443 4208.611324 4224.359989 4239.480942 4255.138338 4270.518199 4278.380424 4291.130230 4299.068823 4305.360839 4308.730364 4310.609773 4307.109863 4304.969683 4299.970344 4291.649908 4277.380183 4265.930504 4250.921309 4241.559654 4227.450117 4216.050729 4231.348634 4245.920107 4262.130708 4278.549924 4296.651110 4302.050918 4287.051037 4272.520542 4256.300628 4248.721525 4239.819944 4253.529012 4268.560559 4283.020273 4298.858345 4315.281287 4323.169589 4332.819954 4342.788830 4349.060357 4354.789853 
1048576 4268.750548 4254.519939 4235.710949 4218.790680 4211.518914 4196.669906 4184.370860 4173.450172 4164.500162 4152.100533 4140.140489 4129.510373 4114.869982 4096.640274 4112.560302 4133.621231 4138.549790 4121.899605 4106.560722 4090.540111 4095.280543 4085.579887 4078.740254 4097.560421 4108.270630 4128.430039 4143.260419 4153.689370 4157.839343 4172.340035 4180.589691 4184.899852 4186.119884 4183.759913 4178.000614 4166.699946 4160.929471 4147.700965 4138.499498 4156.529903 4164.930433 4182.519391 4199.290648 4216.339439 4232.211038 4246.009514 4259.308800 4276.551306 4277.449101 4265.820608 4258.120432 4246.879369 4232.540727 4222.858697 4202.049226 4212.379456 4221.528769 4236.770794 4254.080355 4271.449521 4275.269806 4260.931164 4249.149933 4267.150536 
1048576 4233.868793 4230.849445 4221.120849 4212.079570 4203.189164 4184.929654 4167.350009 4157.399759 4146.208987 4135.940224 4135.239869 4109.539092 4112.469032 4127.301276 4143.789411 4162.199795 4166.670144 4149.479792 4137.370735 4126.569256 4118.449986 4105.690867 4091.069102 4109.820351 4121.029750 4135.090858 4149.660468 4167.189822 4168.821499 4156.818613 4175.301641 4180.639982 4182.480276 4179.120064 4164.280370 4148.570821 4133.170471 4119.560122 4107.169807 4091.771320 4090.180621 4105.810076 4124.270752 4139.779136 4154.080525 4168.128595 4183.309153 4199.799150 4204.669967 4190.070555 4178.069532 4168.150946 4156.820476 4141.859710 4130.098969 4132.859409 4146.739841 4160.659388 4178.790376 4196.479917 4204.910249 4215.249792 4226.930439 4232.559353 
1048576 4371.270537 4363.520071 4351.219162 4335.219041 4326.339811 4313.779995 4302.641377 4287.879914 4278.289154 4264.678806 4248.248413 4237.988964 4227.370024 4220.910370 4204.878584 4203.211516 4210.159183 4195.850343 4186.859354 4197.139293 4217.710346 4237.068817 4253.059626 4272.080958 4278.950393 4285.160452 4298.111424 4308.240488 4312.580451 4322.970286 4333.941266 4337.659106 4339.160398 4336.779937 4328.040406 4320.399836 4317.989573 4311.639816 4303.429276 4288.500175 4282.740876 4279.909655 4278.328270 4295.529798 4311.811179 4327.150062 4341.930151 4359.669983 4363.140091 4349.859431 4338.061437 4322.981462 4314.178601 4296.690226 4285.389557 4290.578887 4304.900765 4320.500419 4338.059574 4352.789372 4359.660670 4345.091060 4358.658567 4369.739443 
1048576 4300.510511 4297.059029 4289.560020 4278.080538 4261.489958 4246.920347 4235.519096 4222.409800 4213.981330 4202.609882 4192.629829 4177.508876 4191.389307 4206.500947 4221.301526 4237.210378 4240.330309 4227.701575 4214.929417 4205.370322 4190.800712 4176.929593 4158.770666 4170.259461 4184.570163 4196.578637 4211.520776 4228.010774 4234.220833 4251.601174 4262.838513 4266.768694 4268.439487 4265.569150 4258.731380 4244.130105 4229.629412 4215.409979 4204.260185 4193.570465 4183.100536 4172.319546 4187.799990 4210.319370 4222.961143 4238.670692 4252.640530 4268.171266 4271.440208 4260.210320 4250.640050 4233.770072 4224.009812 4210.200161 4192.169756 4201.529548 4216.130823 4226.820543 4243.431613 4260.091111 4265.990108 4283.020273 4293.000326 4299.269989 
1048576 4270.330071 4264.781252 4251.440987 4238.961264 4225.000739 4212.649539 4200.939089 4187.909886 4177.549854 4159.310833 4147.689790 4136.551172 4126.120359 4114.139825 4123.920575 4140.919074 4145.340994 4130.419344 4119.470716 4107.650369 4094.578326 4103.910178 4117.868841 4134.690389 4148.660228 4165.029153 4175.489768 4190.789536 4201.350734 4207.110032 4217.211157 4221.299663 4223.421216 4219.660535 4212.541506 4211.811349 4202.349111 4190.659150 4172.768444 4162.089899 4151.750356 4156.649113 4171.859473 4187.470302 4202.619195 4219.019786 4234.999418 4252.480343 4257.120192 4243.070260 4228.930920 4216.220230 4206.558689 4195.939749 4178.568721 4195.779562 4209.980369 4223.849624 4240.600392 4255.790263 4260.979593 4246.519879 4259.400070 4268.350080 
1048576 4199.210554 4185.829312 4173.338413 4160.739481 4150.409251 4137.258977 4127.210006 4116.728902 4106.940702 4096.260294 4079.829901 4085.510969 4100.309685 4115.561023 4129.039124 4144.769162 4148.298874 4134.848714 4124.760628 4110.909998 4104.949534 4088.610411 4093.891010 4110.900685 4121.199250 4137.370735 4152.599722 4165.139049 4178.410396 4191.398621 4197.150469 4202.120006 4203.200340 4199.938849 4196.211696 4187.678918 4175.400361 4158.290103 4141.461104 4130.091518 4119.779915 4107.430577 4105.471075 4122.478887 4139.890894 4155.199975 4172.049463 4191.311076 4194.401205 4179.660231 4166.739061 4155.369475 4143.780097 4128.720611 4108.941182 4119.109362 4135.210067 4150.411114 4166.459665 4182.199016 4189.468920 4176.238552 4180.978984 4198.340699 
1048576 4348.799586 4345.450550 4337.878898 4326.408729 4315.560684 4297.070205 4280.880094 4269.128665 4262.210801 4247.909412 4237.430170 4234.850407 4210.559651 4199.160263 4184.668884 4197.619855 4199.879244 4191.270098 4179.401323 4165.019840 4155.999050 4141.820595 4131.721333 4117.369652 4129.450768 4145.139828 4159.769043 4176.190123 4179.978743 4198.290408 4211.449996 4216.739908 4218.449816 4215.000197 4204.720259 4187.950864 4178.769886 4164.109007 4171.920940 4188.410938 4203.319550 4220.470786 4239.629954 4256.520420 4271.179438 4284.299910 4298.299551 4315.439612 4319.390282 4305.271432 4295.650870 4283.929244 4275.180399 4261.789843 4241.069779 4250.099882 4259.379581 4274.550825 4292.849451 4310.449585 4318.758845 4331.709817 4341.630265 4347.268492 
1048576 4386.158660 4383.800551 4380.621016 4377.910867 4363.568500 4351.969808 4341.280088 4325.678572 4316.050559 4297.809675 4287.760705 4276.759923 4268.441349 4255.129024 4249.470308 4259.821028 4261.469468 4254.488274 4244.299605 4227.980971 4219.450057 4208.689556 4196.329042 4181.139171 4194.449633 4207.680002 4221.869633 4239.538684 4244.050011 4258.999601 4272.339866 4277.350381 4278.870299 4275.280982 4265.379161 4254.370928 4242.591560 4229.640588 4217.630252 4208.751023 4216.829315 4231.231287 4246.810451 4263.078794 4278.559238 4293.469712 4310.490564 4327.248782 4330.769181 4317.520186 4304.120317 4289.209843 4281.021655 4271.751270 4285.670817 4301.119596 4315.320402 4330.230877 4347.600043 4354.020581 4368.539900 4375.319928 4380.740225 4385.288805 
1048576 4221.780226 4215.251654 4203.910008 4189.450294 4174.700007 4161.980003 4151.269794 4139.479250 4128.521308 4120.340571 4138.730466 4158.429801 4176.730290 4191.949964 4206.480458 4222.219810 4226.310179 4212.250933 4200.290889 4190.430045 4179.310054 4159.970209 4142.349586 4155.891016 4169.778898 4183.320329 4196.301103 4213.960841 4219.749942 4236.198962 4247.291014 4252.590239 4254.441708 4250.921309 4243.699834 4227.980971 4213.599488 4199.650139 4182.320088 4174.459726 4159.210250 4157.299176 4155.460745 4144.588485 4161.290824 4175.571725 4190.400243 4208.300263 4211.559892 4197.940230 4185.870290 4174.750298 4160.059616 4147.600383 4138.089716 4140.030593 4155.209288 4169.620574 4186.199978 4202.280194 4207.059741 4195.889458 4210.911691 4220.159724 
1048576 4304.179922 4301.669076 4297.690466 4286.911339 4280.719906 4268.109798 4251.599312 4235.761240 4227.789119 4215.110093 4202.760756 4190.171137 4180.539399 4180.530086 4196.060821 4212.049767 4215.609282 4201.950505 4189.860076 4177.790135 4166.280851 4150.889814 4139.950499 4158.420488 4170.039669 4185.860977 4202.561453 4218.380898 4222.419113 4236.331210 4245.489836 4249.708727 4251.619801 4248.728976 4242.429510 4228.351638 4220.299423 4206.201062 4195.040092 4183.160141 4172.440618 4159.269854 4172.500223 4189.919680 4204.019904 4217.850044 4233.140498 4250.610247 4254.890606 4240.389913 4229.949787 4214.620218 4206.679761 4197.148606 4199.609160 4214.821383 4226.649180 4243.679345 4261.478782 4270.110279 4280.649126 4292.150959 4297.589883 4303.030670 
1048576 4346.050322 4342.839122 4339.409992 4328.010604 4318.758845 4305.919632 4289.811477 4277.279601 4266.889766 4252.228886 4240.740091 4230.000079 4222.229123 4237.629473 4253.899679 4271.868616 4277.030006 4259.470850 4248.218611 4233.960062 4228.260368 4221.130162 4235.859960 4248.300567 4260.480404 4276.279360 4293.929785 4304.639995 4321.180284 4329.999909 4337.219521 4339.069128 4340.460524 4337.988794 4335.191101 4329.109564 4313.720390 4295.609891 4283.649847 4270.849749 4255.279899 4241.369665 4223.018885 4227.969795 4242.731258 4256.770015 4272.550344 4289.349541 4292.611033 4280.108958 4267.180339 4258.409142 4245.348275 4230.899736 4237.469286 4253.419116 4265.140742 4281.589761 4297.789186 4308.039322 4319.140688 4333.408549 4338.620231 4344.429821 
1048576 4384.120926 4380.660132 4373.650998 4356.849939 4343.099892 4328.889772 4315.070808 4298.020154 4290.349782 4276.890308 4291.689023 4311.401397 4329.230636 4348.641261 4369.208589 4389.978945 4395.028576 4376.390949 4360.480234 4343.820736 4329.739138 4311.129451 4324.609414 4345.308989 4364.769906 4383.210093 4400.450736 4410.170019 4414.228722 4427.758977 4437.159747 4442.159086 4443.921149 4440.199584 4434.200004 4417.430609 4402.561113 4385.048524 4367.670044 4350.900650 4342.870787 4324.968904 4310.280085 4298.079759 4284.091294 4289.289936 4308.311269 4329.379648 4334.069788 4317.238927 4302.589223 4286.210984 4271.978512 4254.709929 4266.720265 4286.389798 4303.758964 4323.368892 4341.641441 4351.040348 4355.469719 4367.530346 4376.329482 4382.349551 
1048576 4403.229803 4401.670769 4395.339638 4388.680682 4380.699247 4362.368956 4354.069009 4336.480051 4328.411072 4313.990474 4302.680492 4294.930026 4284.899682 4271.999002 4254.780710 4252.769053 4256.160930 4244.059324 4242.930561 4252.940416 4261.020571 4276.258871 4291.620106 4308.639094 4319.259897 4336.180165 4350.820556 4359.051585 4363.810644 4373.719916 4384.610802 4389.198497 4390.919581 4387.330264 4379.561171 4369.810224 4366.220906 4364.838824 4354.890436 4340.080544 4329.150543 4312.200472 4294.410348 4286.250100 4296.010360 4310.429096 4326.621071 4344.120622 4347.629845 4334.419966 4323.590547 4309.820011 4300.829023 4287.829623 4301.970825 4319.129512 4333.049059 4347.240552 4364.600405 4370.689392 4381.410778 4390.969872 4396.589473 4402.559251 
1048576 4242.138937 4234.479740 4224.630073 4212.480038 4200.350493 4181.049764 4164.589569 4155.458882 4140.580073 4125.740379 4109.701142 4099.799320 4090.730101 4098.938778 4113.439471 4127.740860 4134.278744 4122.450948 4120.908678 4141.520709 4149.410874 4171.008244 4183.780402 4199.629650 4208.529368 4213.988781 4221.480340 4237.409681 4241.909832 4248.039797 4260.560498 4265.571013 4267.789423 4263.650626 4253.609106 4248.110577 4245.249555 4235.900939 4226.461053 4208.229482 4200.728610 4185.808823 4175.338894 4167.418927 4173.479974 4190.281034 4208.009690 4224.909469 4230.190068 4214.789718 4200.300202 4183.849320 4178.948700 4166.910425 4157.379270 4172.390327 4180.129617 4195.259884 4211.351275 4227.990285 4233.051091 4219.278693 4230.009392 4240.518436 
1048576 4248.660058 4236.159846 4224.900156 4213.709384 4203.829914 4190.370440 4179.181531 4172.649235 4158.169031 4144.020379 4128.221422 4116.849974 4100.000486 4113.819450 4129.959270 4145.549610 4149.779677 4135.839641 4124.600440 4115.059972 4105.700180 4093.000665 4106.650129 4123.289138 4136.830568 4152.901471 4166.370258 4174.089059 4186.868668 4196.450114 4201.909527 4206.009209 4207.428545 4204.560071 4200.888798 4197.290167 4182.130098 4171.710461 4154.110327 4142.820835 4134.051502 4141.289741 4156.209528 4172.939807 4188.150167 4204.830155 4219.610244 4239.650443 4242.859781 4226.980731 4214.860499 4204.578698 4193.300381 4174.198955 4158.189520 4168.290645 4183.281213 4198.819399 4215.840250 4233.298823 4239.700735 4225.339741 4231.641069 4247.620702 
1048576 4272.889346 4269.691184 4258.159548 4247.020930 4238.210618 4226.850346 4215.840250 4204.859957 4190.150648 4176.439717 4159.539938 4152.890295 4136.800766 4124.980420 4125.149921 4138.991237 4145.478830 4132.779315 4122.359678 4117.129371 4127.180204 4148.868844 4161.030054 4179.921001 4194.149747 4204.401746 4211.189225 4219.559953 4229.389131 4237.338901 4245.501012 4249.680787 4251.649603 4248.060286 4243.450239 4236.798733 4230.270162 4219.250754 4199.789837 4189.528525 4177.300259 4163.529724 4154.060036 4171.349108 4186.119884 4202.039912 4218.028858 4235.509783 4242.049530 4227.340221 4216.009751 4198.910668 4187.399521 4173.709080 4162.989557 4177.670926 4192.009568 4205.768928 4224.129021 4241.950810 4246.041179 4251.789302 4265.470430 4271.689802 
1048576 4359.100014 4355.570301 4342.108965 4330.169410 4313.521087 4304.680973 4288.310185 4281.669855 4282.679409 4253.230989 4241.859540 4227.209836 4221.830517 4237.471148 4252.020270 4262.089729 4263.630137 4260.400310 4248.028621 4232.440144 4227.248952 4215.968773 4198.700190 4187.939689 4182.990640 4198.990762 4216.469824 4236.670211 4244.038835 4253.320396 4265.509546 4272.129387 4273.388535 4268.860444 4258.219153 4250.559956 4241.360351 4223.030061 4205.429927 4220.830277 4234.960303 4250.669852 4268.199205 4285.169765 4300.080240 4314.260557 4330.080003 4346.858710 4348.659888 4334.731027 4324.380308 4314.191639 4303.179681 4285.290837 4274.228588 4278.909415 4292.789847 4308.590665 4324.520007 4342.261702 4346.389323 4335.159436 4351.198673 4358.248785 
1048576 4250.779748 4248.209298 4239.890724 4232.630134 4217.630252 4203.628749 4187.310115 4168.160260 4159.389064 4145.430401 4132.719710 4125.008360 4115.469754 4104.480147 4122.029990 4141.001031 4147.721455 4130.501300 4117.710516 4102.850333 4096.899182 4104.360938 4118.939862 4136.878997 4154.851660 4171.390086 4178.950563 4186.550155 4197.429866 4206.210375 4213.210195 4217.479378 4219.099879 4216.469824 4211.159423 4205.770791 4197.338596 4183.368757 4170.110449 4159.899428 4152.629524 4141.818732 4141.168669 4157.939926 4172.921181 4185.749218 4200.160503 4216.598347 4220.819101 4206.961021 4196.560010 4187.149927 4175.640643 4166.198894 4144.150764 4154.309630 4161.929712 4176.739603 4195.049405 4213.610664 4222.499207 4234.150052 4243.750125 4249.650985 
1048576 4343.910143 4341.740161 4340.739921 4334.310070 4320.459440 4302.579910 4284.849390 4273.859784 4264.140502 4251.079634 4249.960184 4244.489595 4214.270040 4204.099998 4199.741408 4217.939451 4224.760458 4207.409918 4195.241258 4178.220406 4164.731130 4146.389663 4160.920158 4180.939868 4198.830575 4219.250754 4235.159606 4245.471209 4249.639809 4259.670153 4270.970821 4274.798557 4277.009517 4273.220897 4265.170544 4253.299907 4237.400368 4220.040515 4207.579419 4190.411419 4178.760573 4189.329222 4207.689315 4222.260788 4234.688357 4249.179736 4264.099523 4282.608628 4285.769537 4271.071404 4261.689261 4249.710590 4243.260249 4230.029881 4244.280979 4261.208698 4275.521263 4288.420081 4303.770140 4309.998825 4326.209426 4334.140569 4340.151325 4342.429340 
1048576 4252.610728 4249.880090 4237.849265 4228.880629 4219.569266 4206.281155 4187.749699 4170.820117 4163.010046 4153.670743 4134.640098 4127.088934 4123.650491 4137.810320 4153.650254 4171.250388 4175.288603 4160.050303 4147.909582 4137.190059 4130.639136 4118.550569 4136.450589 4151.260480 4163.099453 4176.439717 4191.940650 4200.849682 4215.810448 4222.881049 4228.489473 4232.781008 4234.081134 4231.449217 4227.979109 4226.339981 4211.820662 4197.599366 4180.639982 4169.669002 4161.940888 4154.941067 4149.530083 4159.159958 4173.940048 4185.838625 4201.870412 4221.148789 4224.959761 4209.639505 4197.549075 4186.209291 4178.229719 4164.651036 4144.929349 4153.469577 4164.690152 4180.541262 4198.828712 4216.240719 4222.318530 4232.469946 4245.709628 4252.240062 
1048576 4275.459796 4272.669554 4261.711612 4248.980433 4239.579663 4222.210497 4210.619256 4198.970273 4188.958555 4175.988957 4174.729809 4152.821377 4143.569618 4125.518724 4134.388641 4152.679816 4158.170894 4140.380770 4128.361121 4116.790369 4108.941182 4099.389538 4083.359614 4100.179300 4110.740498 4124.959931 4140.058532 4158.399999 4160.478711 4148.649052 4169.849679 4174.061120 4176.460207 4172.518849 4155.509174 4139.000550 4130.929708 4115.000367 4112.180322 4128.539935 4130.389541 4146.009684 4164.339975 4181.409255 4196.871072 4212.230444 4226.880148 4244.498909 4247.320816 4233.671352 4222.759977 4209.190607 4202.060401 4185.160622 4172.930494 4176.229239 4188.489169 4204.099998 4220.191389 4235.640168 4242.571071 4255.190492 4267.780110 4273.228347 
1048576 4264.321178 4261.380062 4256.680608 4252.251238 4244.308919 4226.179793 4214.739427 4202.838987 4192.810506 4179.470241 4165.379331 4153.730348 4167.729989 4183.029756 4198.119044 4214.679822 4217.449576 4203.660414 4193.000495 4178.559408 4169.998690 4155.240953 4137.059674 4147.179425 4160.931334 4174.999893 4190.510139 4207.579419 4213.199019 4198.940471 4214.590415 4224.020988 4225.060344 4218.369722 4202.440381 4187.241197 4175.810143 4163.380712 4151.230678 4141.889513 4131.570458 4118.751734 4126.068205 4141.028970 4155.701026 4171.339795 4186.108708 4203.239456 4206.970334 4193.838686 4182.029516 4166.150466 4158.370197 4146.698862 4161.959514 4178.969190 4193.659872 4206.920043 4223.989323 4231.089726 4244.919866 4251.880571 4257.220775 4263.151437 
1048576 4275.489599 4272.559658 4267.480224 4259.239882 4250.960425 4237.540066 4226.351157 4210.621119 4203.008488 4190.379754 4174.290225 4166.830331 4152.748734 4139.469936 4120.120779 4125.420004 4132.080823 4114.259034 4102.829844 4098.879173 4094.699398 4080.859944 4072.660580 4084.890708 4099.840298 4120.999947 4141.051322 4150.729626 4158.839583 4170.060158 4177.199677 4181.830212 4183.189943 4179.390147 4175.370559 4165.951163 4163.620993 4146.240652 4134.420305 4117.280245 4103.081301 4118.259996 4133.090377 4149.120301 4165.260121 4181.960598 4196.809605 4213.521257 4217.671230 4204.791039 4193.531349 4177.009687 4168.160260 4156.680778 4172.479734 4188.759252 4203.550518 4218.250513 4235.871136 4242.271185 4252.169281 4261.560738 4268.519580 4274.290055 
1048576 4401.151091 4390.640184 4373.420030 4357.490689 4346.061498 4332.119599 4315.450788 4303.909838 4288.919270 4287.708551 4305.150360 4319.690168 4333.550110 4350.278527 4367.580637 4384.189844 4390.859976 4410.488531 4426.259547 4441.279918 4447.938874 4464.359954 4478.469491 4489.900544 4511.170089 4523.320124 4532.389343 4539.130256 4544.960335 4556.249827 4565.689713 4570.690915 4572.499543 4568.859935 4561.539739 4553.949460 4544.960335 4544.079304 4539.418966 4537.969828 4522.750154 4504.129291 4488.019273 4480.730742 4464.888945 4453.539848 4435.479641 4424.350336 4422.260448 4421.399906 4413.280636 4409.939051 4402.410239 4391.990602 4374.179989 4357.229918 4353.730008 4336.360842 4343.500361 4359.578714 4365.239292 4367.120564 4386.629909 4401.030019 
1048576 4230.018705 4218.040034 4206.050187 4191.650078 4182.010889 4169.348627 4159.631208 4148.719832 4144.210368 4123.030230 4110.630602 4094.088450 4106.460139 4122.091457 4139.181226 4156.399518 4161.499441 4144.709557 4132.870585 4117.408767 4110.120237 4096.278921 4083.909094 4102.539271 4111.280665 4128.338769 4142.820835 4160.389304 4164.861515 4149.630666 4164.630547 4172.060639 4174.169153 4168.370739 4156.328738 4141.328856 4131.648690 4118.179902 4102.339968 4091.439769 4099.240527 4116.728902 4134.550691 4149.001092 4164.280370 4181.830212 4196.131602 4213.141277 4219.399765 4206.120968 4194.060341 4182.279110 4167.979583 4154.900089 4136.901349 4153.780639 4169.939086 4186.240956 4202.470183 4220.008850 4223.829135 4208.840430 4213.580862 4228.960723 
1048576 4391.418770 4388.211295 4385.279492 4376.711324 4362.329841 4348.739982 4331.979901 4321.221262 4313.049838 4300.851375 4300.918430 4292.668775 4263.300449 4251.040518 4238.961264 4230.529070 4235.399887 4220.658913 4209.948704 4198.510200 4188.289866 4170.369357 4154.620692 4173.189402 4187.349230 4205.381498 4219.889641 4236.130044 4239.128903 4227.120429 4242.120311 4248.300567 4250.230268 4245.931283 4230.801016 4215.929657 4214.340821 4201.620817 4201.620817 4216.250032 4222.309217 4237.638786 4255.630076 4272.488877 4288.818687 4302.399233 4318.179563 4333.648831 4336.940125 4323.730245 4312.859848 4302.300513 4288.259894 4276.089370 4282.601178 4297.150299 4310.760647 4324.920475 4342.360422 4353.338853 4366.679117 4378.600046 4384.109750 4390.200600 
1048576 4352.400079 4350.399598 4331.618547 4316.180944 4301.561043 4284.400493 4267.310724 4252.640530 4244.260490 4233.429208 4231.801257 4226.269200 4237.448797 4254.149273 4268.109798 4283.221439 4287.170246 4275.200889 4268.160090 4283.329472 4293.810576 4305.981100 4321.379587 4337.599501 4348.080605 4360.580817 4381.870851 4394.341260 4398.319870 4404.019564 4416.311160 4421.100020 4422.059283 4418.900236 4408.290610 4399.089143 4398.921505 4396.209493 4389.839247 4368.269816 4358.099774 4338.629544 4327.170551 4316.801205 4301.188514 4295.948893 4301.149398 4322.780296 4327.971488 4309.598356 4295.609891 4278.220236 4262.709990 4244.690761 4225.520417 4244.320095 4262.911156 4281.921312 4301.350564 4322.558641 4329.159856 4326.099530 4345.778376 4351.070151 
1048576 4460.079595 4457.250237 4446.210340 4433.849826 4423.920065 4410.760477 4399.931058 4384.569824 4378.709942 4360.320047 4348.879680 4331.169650 4320.601001 4305.168986 4293.048754 4290.450364 4294.529557 4271.319136 4263.389856 4257.880151 4252.040759 4270.510748 4289.239645 4310.149699 4324.849695 4339.000210 4347.670823 4364.760593 4369.109869 4373.589531 4387.259483 4391.970113 4394.000396 4389.790818 4380.499944 4375.070333 4372.030497 4363.320768 4357.978702 4348.130897 4331.130534 4332.419485 4348.140210 4363.968968 4379.980266 4397.220910 4412.388429 4429.480061 4433.050752 4419.060424 4408.059642 4391.150549 4382.170737 4369.240254 4353.830591 4359.209910 4373.800009 4387.401044 4404.840991 4420.749843 4428.211600 4440.410063 4452.349618 4459.248856 
1048576 4331.659526 4326.829687 4313.139245 4300.998524 4290.280864 4285.000265 4267.340526 4277.499393 4289.940000 4306.409508 4322.260618 4339.961335 4356.930032 4373.170435 4387.350753 4403.509200 4409.290850 4395.060241 4398.670048 4417.309538 4424.789920 4445.500672 4456.190392 4473.468289 4479.950294 4487.099126 4500.571638 4512.239248 4516.670480 4524.741322 4536.479712 4540.771246 4542.019218 4539.310932 4530.148581 4520.760849 4518.529400 4512.870684 4504.619166 4492.890090 4483.709112 4470.750690 4458.909854 4449.380562 4432.631657 4420.930520 4409.190267 4395.268857 4378.769547 4367.990419 4358.319566 4358.619452 4347.991198 4334.710538 4316.860810 4306.660965 4307.469353 4303.529859 4277.199507 4291.780293 4297.979176 4306.539893 4322.290421 4331.249744 
1048576 4242.958501 4240.619019 4231.361672 4220.278934 4206.219688 4188.260064 4176.640883 4164.868966 4155.181348 4145.279527 4133.790731 4117.660224 4109.039903 4096.079618 4092.808813 4111.800343 4118.191078 4101.229832 4089.370370 4071.630538 4072.459415 4067.400470 4092.130810 4110.299051 4127.580673 4143.940285 4150.949419 4158.530384 4172.308370 4177.428782 4185.309634 4189.779982 4192.309454 4188.811406 4183.791578 4179.781303 4171.939567 4160.700366 4150.830209 4149.969667 4128.010944 4115.950316 4131.490365 4147.389904 4164.889455 4181.139171 4195.060581 4210.690036 4214.489833 4200.991243 4192.849621 4176.320508 4169.881344 4151.919857 4134.779796 4143.979400 4157.759249 4170.360044 4186.850041 4202.499986 4210.209474 4225.039855 4236.269742 4241.269082 
1048576 4234.390333 4231.948406 4224.279895 4212.969914 4201.991484 4185.428843 4168.080166 4156.099632 4147.561267 4135.470837 4127.049819 4124.978557 4139.289260 4153.149202 4170.181230 4187.401384 4191.089422 4176.490009 4161.680117 4151.159897 4143.489525 4135.940224 4117.859527 4121.938720 4130.089656 4147.179425 4163.319245 4181.111231 4188.440740 4200.799391 4212.610424 4216.840491 4218.280315 4216.240719 4205.871373 4196.329042 4186.689854 4173.850641 4161.119461 4140.619189 4132.429138 4117.360339 4126.090556 4142.601043 4157.610238 4170.250148 4184.069112 4202.188924 4205.459729 4191.359505 4181.951284 4173.129797 4158.629104 4146.000370 4131.229594 4135.169089 4144.730046 4160.450771 4179.101437 4197.280854 4204.830155 4218.539223 4227.809608 4233.879969 
1048576 4211.900756 4206.389189 4190.750420 4174.958915 4165.640101 4153.208807 4141.220823 4130.970687 4122.380167 4103.180021 4095.939919 4111.111164 4125.420004 4139.428958 4153.639078 4171.509296 4175.988957 4160.670564 4150.809720 4136.668518 4133.630544 4125.639796 4124.060273 4137.650132 4147.650674 4164.179787 4180.280492 4191.620275 4203.289747 4214.920104 4220.901057 4225.589335 4227.049649 4223.829135 4220.519215 4211.880267 4201.639444 4190.258682 4173.150286 4162.760451 4147.499800 4132.170230 4119.839519 4130.240530 4146.359861 4160.908982 4176.100716 4193.479195 4196.550697 4184.100777 4174.569622 4162.641242 4150.809720 4135.679454 4119.679332 4137.368873 4153.329879 4167.871550 4185.069352 4198.960960 4202.879965 4191.230983 4201.769829 4210.609943 
1048576 4420.861602 4418.561235 4413.550720 4403.781146 4398.349673 4380.580038 4363.890737 4353.700206 4348.060116 4338.439554 4337.098449 4326.820374 4292.270169 4279.209301 4265.649244 4271.989688 4274.008796 4271.339625 4259.880632 4249.600694 4239.140078 4220.981151 4202.509299 4184.059799 4198.139533 4211.520776 4225.431010 4242.470488 4248.660058 4262.609407 4276.201129 4281.749949 4283.729941 4279.570654 4269.739613 4254.180938 4250.120372 4233.280197 4232.970998 4249.239340 4253.270105 4269.739613 4288.770258 4305.969924 4321.388900 4334.729165 4348.179325 4365.799949 4368.999973 4355.410114 4346.018657 4334.328696 4326.429218 4310.209304 4314.620048 4331.210628 4341.039807 4356.639460 4375.569522 4384.879023 4396.710545 4409.559071 4413.109273 4419.339821 
1048576 4269.130528 4265.889525 4259.159788 4247.670993 4238.070920 4219.599068 4208.479077 4196.900874 4187.799990 4170.181230 4159.690812 4149.921238 4140.218720 4153.881222 4168.590531 4184.551537 4190.059379 4173.079506 4162.669182 4153.670743 4151.670262 4133.110866 4135.269672 4153.830931 4160.949960 4178.419709 4196.809605 4206.910729 4217.861220 4228.740931 4234.449938 4238.689318 4240.680486 4237.540066 4234.209657 4225.499928 4218.950868 4205.580801 4194.339737 4173.869267 4162.978381 4145.100713 4151.860252 4166.970029 4182.340577 4198.551178 4213.001579 4230.430350 4234.800115 4220.480099 4209.870473 4198.370501 4184.249789 4173.010588 4156.529903 4173.060879 4186.570644 4202.349111 4219.209775 4235.910252 4240.380600 4252.959043 4261.258990 4268.160090 
1048576 4290.290177 4286.780953 4269.110039 4252.430052 4238.860682 4221.821204 4209.959880 4197.290167 4187.380895 4175.320268 4167.031497 4152.480513 4141.729325 4124.199972 4124.930128 4141.610116 4146.359861 4131.080583 4120.938480 4105.290398 4094.509408 4081.800580 4086.861387 4101.971164 4118.010402 4134.161398 4149.610177 4161.670804 4172.431305 4184.199497 4191.009328 4195.230082 4197.129980 4193.739966 4191.050306 4180.239514 4171.350971 4157.228395 4144.808277 4135.590047 4129.949957 4144.148901 4162.600264 4181.059077 4201.021045 4219.410941 4237.590358 4260.640591 4265.310243 4245.489836 4232.279956 4214.879125 4203.500226 4185.080528 4167.471081 4182.470962 4200.169817 4217.850044 4237.970337 4258.448258 4264.729097 4262.709990 4282.878712 4288.909957 
1048576 4225.850105 4219.701514 4206.748679 4194.909707 4179.209471 4164.449871 4148.500040 4139.989614 4133.328795 4126.219079 4140.779376 4159.178585 4173.830152 4189.878702 4203.509539 4219.140857 4224.559292 4211.729392 4204.550758 4190.601408 4179.470241 4190.020263 4210.459068 4229.219630 4243.629053 4258.429632 4263.930023 4272.740334 4283.159971 4290.468991 4299.178720 4303.690046 4305.079579 4302.071407 4296.749830 4291.400313 4283.070564 4268.620163 4258.310422 4247.630015 4246.359691 4240.371287 4230.419174 4206.009209 4184.631631 4181.049764 4196.170717 4212.940112 4216.481000 4201.799631 4191.609100 4181.461409 4172.040150 4157.310352 4142.031074 4147.320986 4158.860072 4173.770547 4192.819819 4208.790138 4213.379696 4200.698808 4215.769470 4225.028679 
1048576 4293.419421 4290.329292 4284.679890 4272.770137 4270.261154 4256.259650 4246.639088 4227.649420 4211.880267 4194.060341 4174.089059 4157.708958 4156.330600 4169.680178 4185.590893 4202.160984 4207.720980 4190.549254 4180.500284 4170.080647 4166.821018 4165.809602 4184.721038 4195.259884 4211.859778 4229.819402 4238.270223 4252.629355 4261.530936 4265.779629 4277.560860 4281.681031 4283.841699 4280.190915 4272.719845 4269.450903 4263.158888 4255.009815 4243.100062 4227.379337 4213.249311 4197.709262 4181.429744 4178.449512 4186.939448 4201.300442 4218.449816 4234.040156 4240.740091 4224.520177 4209.559411 4201.699048 4203.340039 4187.610000 4177.369177 4200.099036 4210.758954 4230.570048 4251.811653 4260.189831 4265.731201 4278.359935 4285.899922 4292.400554 
1048576 4228.049889 4214.819521 4202.319309 4187.081009 4178.570583 4166.319966 4154.780880 4146.939144 4137.450829 4120.109603 4109.829664 4095.330834 4107.220098 4122.748971 4137.599841 4152.590409 4156.140611 4143.560305 4131.220281 4119.729623 4109.250382 4090.070724 4099.329934 4116.971046 4129.318520 4145.160317 4160.169512 4172.958434 4186.678678 4198.301584 4204.390571 4208.881408 4210.369661 4207.480699 4203.949124 4195.241258 4183.150828 4168.219864 4153.629765 4141.299054 4131.559283 4118.600860 4136.320204 4151.469097 4169.169813 4184.329882 4200.929776 4220.180213 4223.240539 4207.890481 4196.070135 4185.600206 4171.188921 4153.760150 4141.839221 4148.760810 4164.030775 4180.770367 4196.669906 4209.190607 4216.929898 4205.470905 4210.161045 4226.729274 
1048576 4244.519398 4230.570048 4218.040034 4207.760096 4197.310656 4188.470542 4176.940769 4165.230319 4164.529964 4135.759547 4124.131054 4110.390320 4126.939923 4141.759127 4154.320806 4170.089960 4172.040150 4160.050303 4152.771086 4138.329998 4128.780216 4114.819691 4096.319899 4105.679691 4116.930068 4130.700603 4145.380110 4164.520651 4167.810082 4156.630486 4176.570103 4182.061180 4184.141755 4180.449992 4163.390025 4146.179184 4134.111106 4126.759246 4107.460380 4110.518843 4115.959629 4131.279886 4148.958251 4165.470600 4182.329401 4198.390990 4215.421155 4235.230386 4239.089787 4223.870113 4212.249070 4195.580259 4184.409976 4164.909944 4152.668640 4165.928811 4179.181531 4194.550216 4212.420434 4229.409620 4235.379398 4221.498966 4225.701094 4243.159667 
1048576 4224.970937 4221.590236 4216.318950 4209.009930 4201.140255 4187.738523 4173.900932 4161.410034 4149.699584 4136.279225 4120.940343 4113.120958 4105.659202 4120.809957 4136.320204 4153.259099 4158.230498 4142.779857 4131.749272 4116.280004 4110.960290 4126.030952 4142.329097 4157.790914 4173.479974 4189.649597 4196.209833 4216.790199 4221.700132 4223.210737 4237.830639 4241.760820 4243.571311 4240.309820 4228.590056 4227.319732 4227.140918 4212.999716 4194.950685 4185.980186 4169.728607 4159.519449 4147.840664 4136.860371 4121.329635 4129.769281 4146.700725 4162.469879 4166.349769 4154.531285 4139.330238 4128.379747 4116.680473 4105.970263 4122.309387 4136.990756 4151.329398 4165.520892 4184.801131 4191.920161 4200.581461 4210.380837 4217.790440 4223.838449 
1048576 4303.120077 4300.449044 4290.459678 4278.730601 4268.959165 4255.170003 4244.109616 4232.458770 4221.580923 4207.680002 4196.640104 4204.150289 4219.280556 4235.830158 4251.379520 4269.219935 4274.290055 4258.640110 4247.609526 4232.501611 4219.699651 4204.910249 4213.498905 4232.481122 4247.169942 4262.980074 4278.909415 4288.500175 4295.341671 4309.020936 4315.420985 4320.120439 4322.020337 4318.188876 4315.450788 4303.919151 4293.719307 4282.860085 4270.609468 4257.729277 4249.360412 4231.300205 4220.739007 4204.789177 4217.769951 4232.991487 4248.300567 4265.829921 4271.268845 4257.600754 4246.130586 4231.259227 4217.909649 4204.530269 4194.170237 4208.469763 4221.459851 4236.379638 4253.311083 4270.639271 4275.690764 4283.988848 4296.248779 4301.428795 
1048576 4237.780347 4234.770313 4227.699712 4216.140136 4205.269739 4186.889157 4169.790074 4159.210250 4148.859531 4137.789831 4130.171612 4118.300974 4107.289016 4110.708833 4126.189277 4142.869264 4147.188738 4131.911322 4121.139646 4107.348621 4096.031189 4088.420421 4092.440009 4104.390740 4119.990394 4135.400057 4150.869325 4161.350429 4172.520712 4185.620695 4192.419350 4196.479917 4198.759794 4195.360467 4192.808643 4182.040691 4169.611260 4160.139710 4142.750055 4135.709256 4120.869562 4109.010100 4127.658904 4145.950079 4159.608856 4172.608256 4186.891019 4203.900695 4208.670929 4193.730652 4182.798788 4174.340516 4159.780219 4146.771505 4128.661007 4137.430340 4148.291424 4163.529724 4181.329161 4198.970273 4207.849503 4220.860079 4230.840132 4236.109555 
1048576 4222.171381 4213.988781 4201.009870 4184.911028 4171.559587 4159.420729 4147.989675 4135.830328 4125.371575 4113.409668 4101.810977 4095.168784 4109.960049 4126.040265 4144.780338 4165.871069 4171.399400 4153.829068 4138.480872 4124.199972 4113.400355 4094.818607 4083.089530 4097.549245 4112.360999 4130.540416 4145.469517 4166.269675 4171.710461 4153.890535 4157.131538 4175.199196 4176.339135 4161.108285 4147.559404 4136.828706 4127.340391 4115.231335 4104.459658 4094.759002 4093.309864 4111.079499 4126.630723 4141.289741 4157.070071 4171.770066 4186.710343 4204.438999 4208.790138 4196.939990 4185.609519 4174.120724 4163.019359 4150.070250 4132.948816 4149.679095 4164.149985 4179.799929 4195.591435 4211.260006 4216.000438 4202.939570 4209.760576 4221.780226 
1048576 4203.010350 4197.970033 4185.339436 4166.768864 4163.740203 4143.368453 4146.918654 4167.249426 4173.249006 4190.009087 4206.949845 4225.689918 4242.269322 4260.670394 4277.089611 4292.540252 4297.669977 4282.750189 4270.909354 4255.870357 4245.029762 4229.819402 4237.720743 4254.549742 4269.829020 4283.539951 4296.069965 4309.630021 4317.319021 4334.589466 4341.769964 4346.899688 4348.350689 4344.459623 4341.650754 4327.131435 4312.019795 4299.098626 4286.870360 4277.380183 4263.060167 4256.978631 4256.051034 4229.128361 4218.390211 4199.959338 4188.409075 4188.848659 4193.270579 4178.708419 4172.461107 4155.449569 4147.140309 4141.589627 4117.660224 4127.189517 4134.690389 4149.110988 4167.379811 4184.979945 4189.791158 4178.069532 4193.510860 4201.050848 
1048576 4303.880036 4300.959408 4299.709573 4293.560982 4281.539470 4268.711433 4257.529974 4242.559895 4232.950509 4218.669608 4206.560552 4197.839648 4182.519391 4171.900451 4155.470058 4144.949839 4143.679515 4129.800946 4119.670019 4122.870043 4131.700844 4148.600623 4162.449390 4177.881405 4191.990942 4198.441282 4210.339859 4220.589995 4225.621000 4235.049710 4245.650023 4250.150174 4251.470789 4248.758778 4240.419716 4234.140739 4231.629893 4225.349054 4208.069295 4196.401685 4191.918299 4173.640162 4179.559648 4185.771570 4197.169095 4210.799932 4227.090627 4244.839773 4248.220474 4233.999178 4221.260548 4208.870232 4199.499264 4187.120125 4207.530990 4219.809547 4233.930260 4248.330370 4265.230149 4270.639271 4285.611212 4291.608930 4297.280684 4303.669557 
1048576 4188.438877 4179.690033 4168.579355 4151.539877 4142.390564 4130.339250 4119.060934 4110.500216 4095.289856 4081.059247 4066.029564 4064.589739 4078.138620 4093.989730 4111.550748 4131.650552 4138.020799 4120.649770 4106.638953 4088.610411 4084.859043 4085.849971 4107.179120 4126.269370 4143.459722 4161.611199 4168.599844 4176.551476 4186.959937 4195.129499 4202.110693 4207.760096 4209.300503 4205.150530 4200.879484 4195.479676 4185.529426 4178.799689 4157.990217 4162.261263 4163.021222 4124.879837 4112.839699 4111.319780 4127.969965 4144.009203 4159.839824 4177.469760 4180.701450 4166.908562 4154.609516 4142.070189 4127.560183 4115.160555 4103.600979 4108.369350 4123.069346 4136.638716 4154.330119 4169.110209 4175.720736 4161.430523 4175.238311 4186.809063 
1048576 4329.940304 4315.590486 4300.139844 4288.310185 4278.851673 4267.580807 4255.739972 4250.120372 4238.920286 4221.079871 4211.520776 4192.180932 4204.168916 4220.491275 4234.669730 4251.299426 4256.531596 4240.669310 4230.050370 4234.470427 4249.081016 4259.420559 4272.818565 4288.500175 4303.129390 4309.730604 4327.479750 4337.590188 4341.710359 4349.829629 4361.230880 4365.520552 4367.729649 4364.119843 4354.940727 4345.299676 4345.659167 4340.060055 4327.869043 4311.660305 4303.190857 4289.710894 4278.590903 4266.610369 4266.479984 4284.890369 4303.069785 4322.448745 4326.188937 4310.669377 4297.779873 4281.850532 4271.341488 4255.209118 4236.768931 4249.349236 4264.209419 4280.779511 4299.079999 4313.899204 4321.349785 4307.709634 4311.420023 4328.930750 
1048576 4230.279475 4216.410220 4204.001278 4192.670807 4182.681441 4168.979824 4158.109426 4151.921719 4135.360941 4125.049338 4112.660885 4101.360217 4106.339067 4122.370854 4138.600081 4156.298935 4162.300378 4147.058353 4135.109484 4121.439531 4111.111164 4095.850512 4080.001265 4095.759243 4110.408947 4126.248881 4142.679274 4161.991179 4166.269675 4150.610417 4155.691713 4170.440137 4172.429442 4159.878939 4148.010164 4136.528820 4126.019776 4117.880017 4105.661064 4096.560180 4105.050117 4120.789468 4137.970507 4153.279588 4172.170535 4186.891019 4202.999175 4222.849384 4226.081073 4210.639745 4199.748859 4186.850041 4174.310714 4159.338772 4139.229655 4150.651395 4166.210070 4180.440679 4199.340940 4214.009270 4221.709445 4207.801074 4212.509841 4229.551181 
1048576 4259.431735 4256.490618 4242.969677 4233.099520 4226.120189 4212.560132 4195.088521 4185.339436 4174.400121 4171.149805 4166.301340 4140.269011 4125.621170 4112.288356 4129.249603 4147.250205 4151.070490 4135.699943 4120.379686 4110.138863 4101.680592 4086.609930 4102.829844 4119.331017 4133.230075 4150.809720 4166.319966 4174.331203 4188.369960 4195.529968 4200.618714 4205.659032 4207.629710 4203.980789 4200.659692 4196.409136 4186.199978 4175.089300 4156.349227 4142.390564 4134.450108 4132.099450 4150.349647 4165.779799 4180.530086 4192.629829 4209.289327 4228.090867 4232.920706 4217.380658 4202.898592 4191.819578 4184.840247 4172.630608 4151.459783 4160.929471 4169.948399 4185.369238 4204.779863 4222.579300 4229.910672 4236.999899 4251.740873 4257.680848 
1048576 4210.609943 4205.560312 4192.559049 4181.580618 4170.080647 4152.139649 4135.129973 4118.351266 4111.070186 4097.159952 4094.488919 4104.770720 4118.639976 4135.601223 4151.020199 4165.450111 4171.721637 4160.171375 4144.869745 4128.590226 4130.689427 4120.450467 4110.829905 4132.099450 4134.610295 4146.149382 4162.089899 4180.900753 4189.159721 4209.069535 4216.400906 4220.660776 4221.990705 4219.150171 4214.409739 4197.400063 4180.461168 4162.369296 4151.269794 4131.339490 4117.630422 4097.208381 4112.320021 4126.390442 4143.429920 4159.748554 4175.808281 4194.259644 4197.619855 4182.551056 4170.970991 4159.649834 4148.259759 4134.511575 4123.399034 4141.291603 4149.239510 4163.969308 4181.589931 4196.578637 4201.618955 4187.639803 4201.160744 4209.620878 
1048576 4574.969411 4571.080208 4565.520212 4557.669163 4550.220445 4547.530785 4541.100934 4529.319704 4519.259557 4505.919293 4493.840039 4484.260455 4475.679249 4458.658397 4441.019148 4429.601133 4419.500008 4417.210817 4416.210577 4415.230826 4412.770271 4392.890260 4375.308752 4366.159439 4351.679236 4333.699122 4312.191159 4325.181246 4332.249984 4335.889593 4355.380312 4365.129396 4367.370158 4358.680919 4342.289641 4326.280206 4316.911101 4295.490682 4297.740757 4318.721592 4325.179383 4340.270534 4356.879741 4373.500124 4388.799891 4404.179752 4419.630393 4437.381402 4440.950230 4426.900297 4435.289651 4451.259971 4462.189972 4481.550306 4488.350824 4504.699260 4511.319101 4526.479170 4533.760250 4540.799186 4550.948739 4559.909925 4567.081109 4573.440179 
1048576 4345.450550 4341.630265 4327.770323 4318.060353 4312.120378 4298.740998 4280.138761 4289.889708 4295.319319 4309.849814 4326.049238 4341.918975 4357.751459 4371.330142 4385.700449 4400.141537 4406.411201 4416.260868 4433.369264 4451.319575 4460.601136 4479.339346 4488.319159 4497.500136 4502.229393 4511.890933 4522.960633 4531.159997 4538.990557 4548.300058 4557.618871 4561.800510 4563.249648 4560.479894 4552.990198 4546.081647 4543.399438 4535.930231 4528.841004 4528.760910 4509.590566 4496.918991 4481.639713 4470.689222 4462.629557 4450.669512 4445.239902 4423.569888 4412.049428 4395.319149 4394.838586 4393.231124 4393.760115 4376.661032 4360.098392 4350.351170 4341.479391 4333.859310 4328.290001 4307.650030 4315.068945 4322.061315 4337.010905 4344.308749 
1048576 4432.490095 4426.639527 4417.439923 4405.578598 4391.839728 4380.181432 4371.449351 4355.590791 4344.331101 4356.149584 4370.659590 4385.430366 4401.648417 4417.950287 4433.669150 4449.250177 4462.739453 4475.759342 4490.621388 4504.511133 4522.569478 4540.391266 4548.380151 4557.471722 4575.299099 4583.410919 4588.430747 4600.400105 4609.709606 4614.500329 4626.389593 4630.519077 4632.920027 4628.479481 4621.610045 4616.109654 4611.350596 4606.740549 4598.461092 4595.048726 4593.830556 4569.189623 4556.940868 4547.361284 4534.030333 4522.560164 4507.210106 4495.998845 4484.649748 4470.530897 4458.738491 4454.469308 4445.580766 4432.689399 4420.571029 4401.100799 4394.389689 4387.389868 4375.129938 4391.679540 4398.081452 4410.669208 4422.061145 4430.469126 
1048576 4261.609167 4259.120673 4252.860323 4249.250516 4242.170602 4230.231047 4220.949486 4220.059142 4199.130461 4186.179489 4167.528823 4183.331504 4198.430106 4214.210436 4229.430109 4245.890304 4251.370206 4238.599911 4226.669669 4219.621420 4230.501130 4255.359992 4265.690222 4284.871742 4298.469052 4306.079820 4311.069846 4325.689748 4332.030192 4338.629544 4350.399598 4354.329780 4355.719313 4353.361204 4343.310371 4339.670762 4334.010184 4322.919995 4314.960912 4299.581051 4296.518862 4294.620827 4285.011441 4256.930202 4239.158705 4222.420976 4197.929054 4186.149687 4187.168553 4172.660410 4160.329700 4142.299294 4141.001031 4141.749814 4162.030295 4181.049764 4197.400063 4213.849083 4222.439602 4229.189828 4241.609946 4247.771576 4255.259410 4260.430112 
1048576 4278.799519 4275.999963 4267.850891 4253.199324 4244.439304 4226.859659 4216.708243 4205.849022 4200.950265 4178.980365 4167.860374 4152.130336 4138.810560 4153.769463 4170.289263 4186.909646 4192.180932 4177.540541 4162.000492 4151.551053 4141.159356 4125.639796 4116.209224 4129.759967 4142.340273 4159.219563 4174.470901 4191.899672 4196.720198 4181.738943 4193.900153 4203.490913 4204.360768 4197.338596 4184.819758 4173.750058 4163.380712 4154.050723 4141.131416 4129.230976 4138.030112 4150.230438 4168.588668 4183.840007 4201.000556 4217.021167 4232.399166 4247.810692 4251.329228 4238.838330 4227.260128 4213.931039 4198.560491 4186.280072 4173.940048 4179.188982 4193.820059 4207.659513 4223.480821 4239.359871 4246.430472 4261.329770 4272.120073 4277.849570 
1048576 4290.498793 4281.749949 4271.831363 4257.190973 4249.099642 4235.370085 4224.428907 4206.970334 4195.129499 4177.100956 4161.920398 4151.510075 4131.739959 4120.059311 4120.759666 4134.580493 4140.991718 4129.679874 4121.420905 4107.190296 4092.680290 4103.198647 4124.589264 4143.809900 4160.000011 4176.229239 4185.110331 4192.389548 4199.160263 4209.971055 4218.710586 4222.920164 4225.149751 4221.061245 4215.819761 4206.711426 4199.888557 4182.420671 4170.268774 4150.740802 4158.619791 4173.560068 4189.429805 4207.519814 4224.650562 4239.879549 4256.021231 4273.129627 4278.410226 4263.199866 4253.739491 4235.589877 4224.879667 4210.220650 4200.629890 4214.961082 4228.729755 4244.189709 4260.549322 4278.190434 4282.280803 4267.551005 4277.309403 4288.788885 
1048576 4327.051342 4324.929789 4320.289940 4314.780235 4306.029528 4292.521626 4281.019792 4264.939576 4255.909473 4243.198782 4230.629653 4213.491455 4209.090024 4192.451015 4180.720076 4180.351272 4186.429083 4169.879481 4155.009985 4146.439955 4158.530384 4180.379212 4190.670326 4209.360108 4226.550460 4235.761240 4242.910072 4256.589338 4262.520000 4270.110279 4281.220958 4286.030307 4286.929965 4283.979535 4275.240004 4270.620644 4265.720025 4252.240062 4239.968956 4223.130643 4215.229303 4203.030840 4193.410277 4203.129560 4219.010472 4233.868793 4250.509664 4267.631099 4270.758480 4257.509485 4245.201126 4232.339561 4220.670089 4208.140075 4225.280136 4240.930080 4255.220294 4270.000383 4287.680611 4293.289036 4306.688905 4314.349964 4320.040345 4326.099530 
1048576 4201.199859 4189.440981 4180.999473 4169.490188 4161.208868 4143.700004 4127.221182 4116.479307 4101.781175 4087.490961 4085.039720 4102.109000 4118.630663 4135.739058 4150.459543 4159.860313 4166.418687 4159.659147 4164.079204 4176.430404 4194.119945 4213.599488 4225.730896 4242.740571 4255.069420 4276.119173 4285.829142 4293.559119 4297.990352 4308.361560 4319.621250 4324.309528 4325.550050 4322.599620 4315.119237 4305.901006 4298.340529 4297.479987 4292.879254 4281.340167 4264.401272 4249.420017 4233.110696 4213.059321 4199.240357 4182.199016 4170.339555 4188.949242 4194.539040 4178.911448 4167.238250 4153.380170 4146.430641 4132.460803 4122.618586 4121.230915 4134.140909 4151.571542 4169.739783 4187.328741 4194.069654 4177.449271 4185.630009 4200.160503 
1048576 4307.679832 4304.939881 4300.229251 4293.410107 4284.700379 4272.250459 4260.629416 4247.410223 4239.590839 4220.079631 4208.318889 4193.440080 4204.919562 4223.499447 4241.568968 4259.230569 4262.480885 4248.358309 4235.820845 4220.239818 4208.929837 4193.998873 4201.149568 4220.210016 4234.969616 4251.539707 4263.240844 4275.420681 4281.859845 4299.590364 4305.578768 4310.401157 4311.671481 4309.089854 4307.130352 4290.500656 4278.291017 4266.910255 4251.848906 4241.360351 4234.628752 4222.258925 4210.250452 4192.808643 4199.380055 4215.780646 4231.249914 4248.790443 4251.869395 4239.190370 4226.919264 4210.900515 4200.829193 4188.580438 4203.889519 4222.299904 4235.489294 4251.809791 4268.590361 4274.550825 4285.430536 4295.989871 4301.311448 4306.850955 
1048576 4189.118743 4180.189222 4165.429622 4147.840664 4138.829187 4125.930369 4113.739356 4103.768617 4096.578807 4087.170586 4095.079377 4114.530981 4126.710817 4140.319303 4155.199975 4171.740264 4176.769406 4160.329700 4149.360582 4140.229896 4139.879718 4115.018994 4121.419042 4141.768441 4148.069769 4165.278748 4182.299599 4193.129018 4204.889759 4216.590896 4222.258925 4226.550460 4228.619859 4225.648940 4223.089665 4212.239757 4204.571247 4191.858694 4176.340997 4155.568779 4148.321226 4133.600742 4121.571779 4120.130092 4130.810499 4148.399457 4163.390025 4179.449752 4182.849079 4170.320928 4159.400240 4144.940525 4133.909941 4119.280726 4101.268947 4112.040624 4125.909880 4139.170051 4153.400660 4168.760031 4174.929112 4161.419347 4175.180569 4187.479615 
1048576 4319.218919 4316.590726 4312.779754 4295.969382 4284.931347 4266.509786 4254.968837 4236.988723 4227.600992 4212.940112 4193.989560 4184.380174 4179.799929 4199.519753 4218.690097 4235.198721 4239.719361 4225.440323 4209.879786 4199.128598 4209.959880 4234.539345 4243.789241 4259.848967 4271.401092 4282.539710 4291.320220 4311.079159 4318.980500 4323.489964 4336.001351 4339.639097 4340.671003 4337.750375 4328.308627 4326.360300 4321.090877 4304.360598 4291.998222 4273.870960 4268.920049 4250.740632 4250.409082 4246.110097 4226.399586 4242.220894 4258.580506 4277.730361 4280.949011 4265.440628 4252.608865 4238.151014 4230.139777 4217.749462 4206.720740 4224.790260 4232.930019 4247.279838 4264.609888 4282.390699 4288.930446 4307.279363 4312.839359 4317.939281 
1048576 4201.639444 4189.470783 4178.769886 4166.910425 4157.250747 4145.240411 4133.939743 4121.141508 4115.920514 4095.159471 4083.910957 4077.158868 4093.639553 4110.239446 4125.799984 4142.889753 4148.010164 4132.948816 4120.819271 4104.020074 4096.331075 4080.459476 4068.410024 4090.240225 4098.219797 4114.618525 4129.771143 4148.388281 4152.631387 4162.918776 4174.429923 4179.300740 4180.489108 4177.121446 4170.039669 4158.940166 4148.920998 4135.910422 4120.329395 4109.540954 4100.888968 4092.589021 4107.760265 4124.009982 4139.710218 4156.460986 4172.250628 4191.119224 4195.841029 4180.230200 4168.448970 4155.341536 4143.938422 4126.088694 4109.699279 4121.519625 4135.780036 4151.290283 4168.961197 4186.538979 4193.840548 4178.009927 4184.920341 4200.510681 
1048576 4243.900999 4238.709807 4231.300205 4219.610244 4205.189645 4191.340879 4179.790616 4166.850820 4154.210910 4142.859951 4128.150642 4118.358716 4129.040986 4138.739780 4154.110327 4170.529544 4175.949842 4158.100113 4146.700725 4143.480211 4136.320204 4118.189216 4103.919491 4126.301035 4140.749574 4156.570882 4167.841747 4181.189463 4183.910787 4202.980548 4209.479317 4214.040935 4215.860739 4212.059081 4210.380837 4191.100597 4174.519330 4155.218601 4133.859649 4116.069525 4130.430520 4146.719351 4162.611440 4177.728668 4193.399101 4208.220169 4224.410281 4231.620580 4234.040156 4231.471568 4220.159724 4205.990583 4195.319489 4181.919619 4170.220345 4152.180627 4154.108465 4168.819636 4185.589030 4202.609882 4209.000617 4224.229604 4234.630615 4242.330790 
1048576 4282.921553 4280.220717 4275.809973 4270.089790 4261.380062 4248.470068 4236.619920 4221.720621 4212.168977 4197.850823 4182.690755 4172.699526 4165.168852 4148.539156 4136.709496 4136.240110 4141.420126 4128.299654 4119.589925 4117.179662 4127.439111 4148.731008 4161.991179 4178.330302 4192.449152 4199.851304 4205.320030 4221.798852 4226.660356 4231.680185 4244.489595 4248.870537 4249.909893 4247.270525 4237.089306 4232.840613 4228.889942 4220.290110 4203.168675 4194.410518 4185.730591 4173.548892 4173.329100 4160.420969 4175.029695 4190.100357 4205.670208 4223.689437 4227.379337 4213.239998 4201.540723 4187.680781 4177.151248 4164.509475 4179.891199 4196.390510 4211.489111 4226.120189 4243.150353 4250.530154 4261.938855 4270.588979 4276.780412 4282.029346 
1048576 4293.549806 4290.178418 4284.368828 4271.989688 4264.930263 4255.289212 4246.069118 4226.839170 4210.190848 4194.160923 4173.461348 4163.200036 4147.620872 4130.270332 4113.670439 4133.678973 4139.190540 4121.130332 4104.388878 4095.470533 4099.778831 4082.079977 4072.248936 4097.579047 4107.359797 4128.810018 4145.279527 4155.149683 4158.519208 4172.289744 4181.750119 4186.561331 4187.919199 4184.190184 4180.381075 4164.919257 4155.969247 4149.390385 4137.180746 4119.379446 4126.580432 4142.599180 4163.488746 4178.499803 4187.069833 4201.149568 4216.600209 4234.820604 4241.270944 4224.799573 4208.119586 4200.259224 4201.160744 4186.050966 4172.790796 4192.100838 4208.369181 4231.000319 4251.979291 4259.860143 4264.259711 4277.251661 4286.210984 4291.661084 
1048576 4219.651222 4210.209474 4198.109731 4183.499143 4173.239693 4158.711061 4147.630185 4141.559824 4126.600921 4112.720490 4100.309685 4089.210182 4103.790969 4118.200392 4132.179543 4147.358239 4150.090739 4138.000309 4127.839580 4114.180803 4107.920453 4090.668634 4096.979275 4113.879055 4124.838859 4140.589386 4155.660048 4168.290645 4182.800651 4193.611443 4199.279472 4203.919321 4204.951227 4202.239215 4198.759794 4191.469401 4180.189222 4162.458703 4145.059735 4134.580493 4125.520587 4112.239927 4126.150161 4142.699763 4160.249606 4175.571725 4190.821201 4208.181053 4211.479798 4197.869450 4185.659811 4174.120724 4159.409553 4147.179425 4129.549488 4139.060155 4153.698683 4168.190062 4185.181111 4200.609401 4206.869751 4192.471504 4206.079990 4217.971116 
1048576 4235.951230 4230.549559 4217.389971 4206.258804 4191.799089 4177.771509 4165.770486 4152.869806 4143.709317 4128.979519 4113.851115 4121.860489 4136.960953 4152.379930 4169.039428 4185.980186 4191.089422 4175.269976 4161.179066 4146.920517 4139.600322 4128.159955 4142.889753 4158.290103 4173.289984 4189.338535 4204.699770 4213.150591 4225.380719 4232.149571 4239.659756 4243.960604 4245.899618 4241.960123 4239.210859 4232.740030 4223.611206 4211.990163 4193.749279 4183.970392 4174.130037 4160.569981 4148.820415 4161.629826 4176.219925 4189.759493 4206.119105 4223.369062 4227.539524 4212.139174 4201.060161 4187.710583 4177.611321 4167.089239 4148.039967 4157.200456 4168.910906 4184.059799 4202.200100 4218.149930 4222.178832 4210.820422 4225.861281 4234.770313 
1048576 4221.789539 4216.790199 4204.209894 4187.079147 4178.510979 4164.878279 4153.560847 4141.310230 4135.251045 4114.579409 4103.729501 4088.688642 4078.499973 4089.780152 4099.119455 4115.099087 4116.559401 4104.340449 4103.250802 4092.000425 4079.589620 4095.848650 4115.600139 4134.811461 4154.609516 4168.240353 4185.048863 4195.218906 4200.130701 4210.248590 4220.839590 4224.719480 4226.459190 4223.121330 4214.590415 4207.840189 4207.650200 4200.009629 4191.970453 4172.949120 4158.329219 4138.270393 4129.799083 4146.721214 4162.680358 4178.240895 4192.169756 4210.639745 4213.228822 4199.199378 4189.331084 4173.871130 4163.268954 4152.109846 4133.760929 4142.040387 4154.600203 4171.179608 4188.099876 4204.170778 4209.449515 4196.800292 4211.779684 4221.148789 
1048576 4567.800090 4565.000534 4552.330822 4541.158676 4541.009665 4537.859932 4526.400939 4506.388679 4499.549046 4485.448822 4470.480606 4465.419799 4454.469308 4436.559975 4426.270723 4408.581182 4399.430007 4386.560991 4369.709641 4368.240014 4370.208830 4353.649914 4341.490567 4330.879077 4329.718649 4325.030372 4311.719909 4295.630381 4302.510992 4324.940965 4336.260259 4343.109205 4345.109686 4339.899868 4331.100732 4311.770201 4300.059751 4297.589883 4309.920594 4320.221022 4334.909841 4351.319745 4367.189482 4384.700209 4399.690777 4413.999617 4430.258647 4448.059946 4451.271147 4437.139258 4424.870014 4430.100322 4439.128563 4456.300288 4466.800019 4483.260214 4498.381168 4504.639655 4528.628662 4538.070410 4543.250427 4547.679797 4560.340196 4566.080868 
1048576 4376.599565 4371.440038 4360.780120 4344.081506 4333.179444 4314.640537 4298.619926 4287.000746 4299.810156 4315.299913 4331.419244 4348.520190 4363.859072 4378.670827 4394.089803 4409.968853 4414.290190 4400.499165 4408.020526 4425.620660 4432.719201 4454.471171 4463.460296 4479.188472 4487.380385 4506.219178 4515.569657 4523.640499 4528.239369 4538.910463 4550.240934 4554.359242 4555.769265 4552.761093 4544.829950 4535.119981 4526.389763 4525.799304 4524.130374 4504.550248 4497.520626 4482.971504 4471.661523 4458.758980 4443.259910 4431.130365 4420.069978 4404.660314 4406.509921 4404.960200 4404.120147 4402.421415 4393.300042 4379.089922 4362.160340 4345.430061 4338.180646 4320.919514 4317.259416 4332.249984 4337.340593 4355.419427 4366.319627 4374.710843 
1048576 4264.591262 4261.679947 4245.609045 4229.519516 4215.719178 4201.080650 4188.360646 4176.709801 4166.720435 4164.891317 4158.690572 4130.799323 4139.589146 4148.339853 4162.648693 4179.811105 4183.920100 4167.569801 4159.551114 4155.470058 4150.079563 4136.009142 4131.769761 4146.240652 4151.519388 4172.669724 4190.279171 4201.980308 4216.410220 4223.709926 4230.620340 4234.541208 4236.521199 4233.399406 4230.149090 4224.261269 4215.519875 4196.830094 4185.639322 4167.750478 4153.890535 4135.061055 4139.119759 4158.228636 4176.801071 4196.090624 4212.221131 4228.290170 4234.021530 4221.269861 4208.879545 4192.290828 4178.050905 4160.480574 4142.280668 4159.210250 4177.369177 4196.628928 4216.479138 4234.731197 4239.739850 4239.829257 4256.818444 4263.170063 
1048576 4180.369899 4175.079986 4161.849618 4146.020859 4136.839882 4129.528999 4115.490243 4107.808694 4115.760326 4132.740200 4147.890955 4163.740203 4178.550094 4194.028676 4211.189225 4227.919504 4232.639447 4216.950387 4205.059260 4193.210974 4182.420671 4168.460146 4156.069830 4172.461107 4183.109850 4199.730232 4215.409979 4231.870174 4235.871136 4222.739488 4237.478599 4244.349897 4246.531054 4240.650684 4228.988662 4217.030481 4201.680422 4187.390208 4170.989618 4160.879180 4152.098671 4139.291123 4127.461463 4115.359858 4119.580612 4134.830087 4150.351509 4166.448489 4170.730710 4156.550393 4145.730287 4132.669419 4121.799022 4108.680412 4094.049335 4099.419340 4113.350064 4128.200933 4145.290703 4162.630066 4166.990519 4155.451432 4170.209169 4178.559408 
1048576 4237.141460 4233.190790 4218.799993 4207.259044 4195.868969 4180.520773 4163.039848 4148.241132 4139.009863 4120.379686 4109.481350 4114.229232 4127.848893 4142.029211 4157.429561 4175.009206 4179.120064 4164.610058 4152.821377 4138.668999 4132.010043 4118.110985 4102.179781 4107.739776 4121.309146 4136.629403 4152.981564 4170.680419 4176.050425 4162.309691 4176.991060 4186.270759 4187.770188 4180.220887 4168.368876 4157.530144 4143.578932 4125.440493 4113.739356 4098.890349 4109.999165 4121.320322 4138.030112 4153.069109 4170.009866 4187.408835 4202.449694 4220.468923 4223.329946 4208.838567 4197.049886 4181.640223 4173.610359 4160.769284 4153.380170 4168.549553 4176.119342 4190.599546 4208.208993 4223.659635 4227.580503 4213.549197 4228.109494 4236.489534 
1048576 4356.609657 4353.009164 4349.010065 4344.169050 4335.220903 4323.460162 4305.120558 4294.089973 4284.348339 4271.520302 4254.700616 4244.498909 4246.048629 4259.578884 4274.329171 4281.030968 4283.091053 4280.360416 4271.710292 4255.691543 4247.840494 4228.970036 4211.680964 4195.190966 4208.629951 4220.260307 4233.779386 4251.340404 4256.818444 4273.740575 4285.519943 4291.901365 4293.419421 4288.321361 4280.431196 4264.269024 4249.149933 4235.910252 4217.149690 4200.870171 4194.090143 4198.130220 4217.270762 4233.069718 4246.270284 4262.389615 4278.099164 4295.481369 4299.370572 4286.000505 4272.220656 4260.148853 4250.818864 4238.590598 4252.778366 4270.009696 4284.201190 4299.130291 4316.741601 4323.130473 4336.901009 4343.921319 4348.920658 4354.389384 
1048576 4364.650697 4361.940548 4359.928891 4352.470860 4341.069609 4322.970286 4311.079159 4293.698817 4281.619564 4267.150536 4255.188629 4242.680967 4241.280258 4256.790504 4273.660481 4288.351163 4292.149097 4280.511290 4265.449941 4254.469648 4243.940115 4225.429147 4214.249551 4220.411181 4234.109074 4250.479862 4262.341186 4279.749468 4285.179079 4300.789908 4314.329475 4318.138584 4319.379106 4316.259176 4307.029769 4292.219877 4279.559478 4266.640171 4257.800058 4243.880510 4236.800596 4234.010354 4216.050729 4230.020568 4245.990887 4260.970280 4278.760403 4298.290238 4301.950336 4285.261035 4273.388535 4259.219393 4249.479622 4238.830879 4253.080115 4269.249737 4283.640534 4299.739376 4319.000989 4327.330738 4344.299436 4352.258518 4357.390106 4363.341257 
1048576 4384.789616 4370.199516 4358.829930 4346.629605 4336.111248 4323.450848 4313.349724 4302.728921 4293.799400 4275.819287 4268.858582 4257.949069 4252.050072 4267.809913 4284.640774 4301.451147 4305.360839 4289.930686 4278.399050 4263.389856 4254.190251 4240.479320 4227.949306 4231.950268 4245.610908 4260.670394 4276.350141 4294.609651 4300.499335 4311.539233 4325.440153 4331.128672 4332.941025 4328.550771 4318.749532 4307.450727 4297.109321 4285.199568 4274.500534 4256.600514 4255.620763 4272.509366 4287.090153 4304.589704 4319.999367 4335.910082 4351.750016 4369.441420 4375.329241 4361.480474 4351.820797 4335.530102 4323.739558 4305.679351 4294.119775 4307.689145 4323.508590 4339.329898 4356.309772 4374.699667 4379.559308 4364.890978 4366.461188 4383.560270 
1048576 4313.910380 4311.511293 4306.228831 4291.379824 4276.910797 4259.448498 4248.479381 4229.729995 4218.310118 4200.749099 4184.588790 4174.560308 4169.099033 4185.410216 4200.728610 4216.780886 4223.048687 4207.991064 4195.909947 4179.770127 4173.059016 4154.209048 4139.538854 4157.019779 4173.040390 4188.850522 4204.759374 4222.379997 4227.010533 4212.928936 4222.698510 4232.909530 4235.329106 4226.779565 4213.349894 4202.259704 4191.990942 4181.070253 4168.849438 4151.409492 4161.590710 4181.450233 4201.689735 4219.900817 4237.599671 4250.880331 4263.158888 4279.769957 4281.951115 4269.810393 4263.050854 4251.429811 4234.351218 4222.650081 4201.689735 4215.169698 4225.019366 4239.439964 4255.829379 4273.319617 4282.219335 4299.480468 4306.530580 4311.950877 
1048576 4312.220961 4306.560382 4295.250401 4282.578826 4270.320758 4251.830280 4234.200343 4223.160446 4213.910550 4202.840850 4190.219566 4181.519151 4175.439477 4180.001095 4196.379334 4213.139415 4218.008369 4203.731194 4188.969731 4175.068811 4165.759310 4152.629524 4170.341417 4185.680300 4199.359566 4217.559472 4232.209176 4240.969196 4251.260310 4260.160029 4267.169163 4271.488637 4273.310304 4269.229248 4265.200347 4258.070141 4248.179495 4238.538444 4223.130643 4211.850464 4201.211035 4202.149808 4213.700071 4227.951169 4244.809970 4260.409623 4278.190434 4296.191037 4299.860448 4284.759983 4270.371050 4257.760942 4250.619560 4238.119349 4229.830578 4248.000681 4251.779988 4265.880212 4283.370450 4298.990592 4303.330556 4289.170727 4302.289337 4311.040044 
1048576 4368.070513 4365.280271 4355.000332 4337.100312 4325.449467 4306.800663 4296.598956 4277.070984 4265.299067 4246.911034 4230.670631 4214.920104 4200.190306 4182.239994 4162.840545 4145.700485 4147.939384 4134.228453 4129.160196 4120.340571 4101.948813 4098.979756 4119.981080 4135.150462 4152.219743 4171.689972 4181.569442 4203.259945 4208.259284 4213.929176 4225.099459 4230.169579 4231.989384 4227.820784 4217.699170 4215.899855 4211.759195 4200.149328 4179.509357 4188.768566 4205.340520 4226.330668 4248.490557 4267.349839 4287.419841 4305.979237 4323.251545 4338.350147 4342.369735 4328.919575 4317.700863 4301.769659 4286.691546 4268.109798 4250.189289 4266.610369 4283.780232 4299.839959 4312.450066 4325.540736 4331.210628 4347.980022 4360.660911 4366.759211 
1048576 4208.529368 4194.339737 4180.869088 4169.050604 4160.949960 4148.079082 4137.199372 4129.828885 4118.420184 4100.479186 4092.589021 4111.120477 4126.781598 4139.330238 4153.139889 4168.059677 4171.971232 4158.999771 4153.240472 4139.710218 4127.129912 4113.160074 4120.230675 4134.338349 4144.631326 4160.501063 4177.359864 4189.589992 4204.440862 4213.640466 4220.040515 4224.870354 4226.740450 4223.391414 4219.081253 4213.420674 4200.829193 4183.299839 4163.570702 4154.790193 4143.821076 4124.660045 4115.030169 4132.509232 4148.129374 4163.529724 4179.278389 4200.160503 4203.248769 4188.358784 4175.050184 4164.569080 4150.271416 4132.078961 4120.349884 4127.889872 4142.129794 4159.249365 4175.961018 4193.261266 4200.110212 4185.469821 4189.949483 4207.698628 
1048576 4226.669669 4212.548956 4200.370982 4186.250269 4175.808281 4166.629165 4154.970869 4149.980843 4143.400118 4120.590165 4109.149799 4094.149917 4097.120836 4115.099087 4133.651033 4154.969007 4161.950201 4142.539576 4128.299654 4111.830145 4097.521305 4106.359556 4128.189757 4147.749394 4165.770486 4185.428843 4193.339497 4201.570526 4211.079329 4220.219329 4227.939993 4232.069477 4234.759137 4231.428728 4226.719961 4219.779745 4203.919321 4191.718996 4171.499982 4163.019359 4153.380170 4143.849015 4142.509773 4146.330059 4163.319245 4178.799689 4193.291068 4206.810147 4213.191569 4203.138873 4192.819819 4181.578755 4165.919498 4148.419946 4136.551172 4150.981084 4166.329280 4182.340577 4201.540723 4217.760637 4221.869633 4208.400846 4208.380356 4224.760458 
1048576 4263.971001 4262.190312 4257.779568 4238.130525 4223.139957 4210.220650 4192.190245 4181.589931 4169.430584 4156.520590 4145.719111 4133.559763 4117.218778 4110.809416 4117.161036 4134.779796 4138.719290 4123.199731 4111.809656 4101.430997 4095.720127 4110.360518 4126.369953 4142.349586 4154.790193 4170.529544 4177.009687 4201.790318 4205.549136 4205.659032 4220.390692 4225.719720 4227.058962 4223.749042 4211.910069 4209.199920 4209.810868 4195.710644 4178.440198 4161.050543 4150.500521 4136.439413 4134.358838 4148.740321 4163.671285 4180.470482 4196.450114 4215.050489 4220.340401 4204.681143 4191.691056 4177.220166 4167.929292 4153.899848 4142.180085 4155.520350 4170.559347 4185.721278 4204.569384 4223.531112 4230.391234 4252.878949 4257.701337 4263.779148 
1048576 4369.260743 4366.479814 4364.380613 4348.980263 4335.220903 4321.748391 4303.820431 4293.268546 4284.540191 4272.880033 4265.910015 4252.709448 4267.910495 4283.359274 4299.620166 4317.779094 4321.850836 4305.530339 4294.060171 4279.209301 4271.619022 4258.619621 4245.869815 4262.529314 4273.390397 4289.921373 4304.500297 4322.810099 4327.960312 4343.461245 4350.401461 4355.570301 4357.310012 4353.350028 4349.950701 4338.141531 4322.450608 4310.859367 4292.860627 4281.859845 4271.259531 4261.340946 4243.871197 4246.890545 4263.080657 4280.949011 4297.498614 4312.850535 4317.549989 4304.770380 4290.239885 4278.169945 4267.619923 4248.799756 4257.950932 4276.650026 4290.411249 4300.778732 4317.160696 4330.279306 4340.399057 4356.760532 4362.128675 4367.789254 
1048576 4262.270406 4259.850830 4256.289452 4245.270044 4231.899977 4218.859598 4202.190787 4191.339016 4183.020443 4171.539098 4160.780460 4144.368693 4135.699943 4137.149081 4157.388583 4176.968709 4181.979224 4164.550453 4148.839042 4132.509232 4119.241610 4127.848893 4150.008783 4168.430343 4185.549915 4204.221070 4212.100059 4219.310358 4232.250154 4238.940775 4246.098921 4250.509664 4252.189770 4249.291494 4244.070500 4240.360111 4229.389131 4211.049527 4193.710163 4182.260484 4172.490910 4164.131358 4156.190902 4142.850637 4158.718511 4174.388945 4188.960418 4203.841090 4208.119586 4195.921123 4183.899611 4172.340035 4157.619551 4143.159837 4151.949659 4167.359322 4181.139171 4195.800051 4212.491214 4223.480821 4237.581044 4249.999300 4255.460575 4261.050373 
1048576 4305.809736 4303.490743 4290.999845 4281.690344 4273.960367 4256.650805 4245.691001 4231.719300 4216.149449 4198.480397 4182.368517 4170.881584 4160.720855 4176.460207 4191.579297 4209.170118 4212.999716 4197.148606 4186.389968 4175.670445 4166.960716 4152.109846 4139.820114 4152.560607 4167.320207 4182.560369 4197.260365 4213.789478 4216.199741 4204.049706 4221.661016 4226.420075 4228.120670 4225.170240 4209.030420 4194.289446 4181.988537 4172.330722 4155.829549 4149.310291 4161.959514 4179.209471 4199.270159 4213.539883 4227.180034 4239.870235 4255.270585 4272.859544 4278.220236 4263.550043 4248.330370 4240.220413 4232.890904 4222.849384 4199.691117 4208.689556 4214.650020 4231.840372 4251.528531 4269.219935 4276.270047 4285.540432 4298.070446 4304.559901 
1048576 4269.659519 4266.289994 4248.689860 4230.760038 4216.060042 4202.259704 4190.411419 4177.389666 4188.530147 4204.800352 4222.650081 4238.739610 4254.329950 4271.000624 4286.589101 4303.319380 4307.510331 4293.899983 4281.630740 4265.610129 4257.790744 4242.708907 4230.100662 4251.020029 4260.120913 4276.139662 4290.850833 4308.961332 4313.729703 4327.710718 4336.370155 4341.069609 4343.269393 4339.588806 4333.769903 4322.059453 4312.040284 4298.690706 4280.949011 4271.030426 4262.680188 4248.371348 4236.090928 4219.260067 4202.621058 4214.510322 4232.229665 4252.200946 4253.808409 4236.990586 4222.800955 4210.280254 4204.679281 4193.698987 4182.940349 4181.910306 4192.020744 4208.739847 4227.239639 4247.680306 4252.249375 4243.031144 4261.979833 4267.690703 
1048576 4216.840491 4213.631153 4199.968651 4184.350371 4170.330241 4159.338772 4147.749394 4139.751196 4128.398374 4110.241309 4123.659804 4139.609635 4155.019298 4170.609638 4186.820239 4203.168675 4207.359627 4193.749279 4181.148484 4186.440259 4199.359566 4215.361550 4224.611446 4240.620881 4254.929721 4263.039678 4277.030006 4287.559539 4291.890189 4301.890731 4312.390462 4317.348823 4318.930209 4316.080362 4307.379946 4299.210384 4298.469052 4291.968420 4279.850051 4270.169884 4254.581407 4242.919385 4234.001040 4220.928997 4206.780344 4192.449152 4188.280553 4205.448553 4207.029939 4193.121567 4181.170836 4169.398919 4158.111289 4143.301398 4131.270573 4136.689007 4151.189700 4164.768383 4183.061421 4199.009389 4203.790799 4194.580019 4208.439961 4216.531292 
1048576 4253.858700 4239.369184 4226.779565 4214.091226 4204.090685 4193.790257 4186.959937 4171.049222 4162.210971 4146.490246 4143.830389 4153.300077 4167.940468 4183.281213 4198.510200 4219.919443 4226.490855 4216.561094 4234.610125 4256.568849 4269.950092 4283.299670 4297.731444 4306.279123 4313.290119 4324.940965 4331.700504 4341.250286 4349.410534 4358.580336 4368.100315 4372.319207 4374.699667 4371.101037 4364.708439 4357.360303 4354.059696 4352.569580 4341.179505 4330.400378 4330.050200 4307.691008 4306.869581 4300.771281 4271.930084 4260.599613 4235.681146 4245.931283 4249.919206 4233.909771 4222.000018 4206.700251 4195.289686 4174.860194 4163.239151 4173.310474 4189.370200 4204.930738 4223.059863 4238.439724 4245.659336 4232.110456 4235.258326 4252.249375 
1048576 4380.278289 4377.471283 4368.670285 4357.410595 4346.050322 4331.300035 4313.629121 4303.200170 4293.121397 4281.889647 4279.600456 4254.110157 4244.940355 4227.239639 4209.909588 4200.709984 4200.801253 4190.199077 4174.550995 4165.239632 4150.459543 4138.849676 4145.819694 4160.070792 4172.960296 4184.300080 4199.050367 4217.060283 4229.800776 4243.440926 4250.479862 4254.730418 4256.039858 4253.130406 4249.138758 4238.519818 4232.089967 4214.739427 4214.769229 4230.938852 4235.969856 4251.580685 4270.760342 4287.190735 4302.069545 4316.190258 4330.601543 4347.570240 4351.079464 4337.850958 4326.879978 4316.559061 4302.371293 4293.529317 4278.009757 4282.850772 4291.631281 4307.109863 4324.808717 4342.390224 4349.268973 4363.380373 4373.269156 4379.549995 
1048576 4304.951057 4300.609231 4293.588921 4281.900823 4270.911217 4259.040579 4243.299365 4232.078791 4221.100360 4207.750782 4195.990041 4185.741767 4171.481356 4158.070311 4147.550091 4158.869386 4162.259400 4145.679995 4135.141149 4120.528698 4111.489281 4099.691287 4118.159413 4130.750895 4144.709557 4161.139950 4177.510738 4186.129197 4201.019183 4207.348451 4213.020205 4218.110815 4219.520837 4215.849563 4212.940112 4208.710045 4199.510440 4185.950384 4166.509956 4155.129194 4154.618829 4169.980064 4185.458645 4201.378673 4217.078909 4233.380780 4248.939455 4267.670214 4272.671416 4257.049412 4243.770614 4228.441045 4219.990224 4205.070436 4193.989560 4210.729152 4222.450778 4237.079993 4253.780469 4269.901663 4275.139421 4286.710173 4297.209904 4302.510992 
1048576 4411.641508 4403.810948 4390.800372 4378.220066 4368.089139 4358.580336 4347.460344 4337.269813 4322.679713 4340.630025 4355.760291 4369.379953 4384.459928 4402.039573 4417.140037 4432.870075 4447.689280 4462.689161 4473.879933 4492.130131 4497.969523 4521.138966 4530.139267 4542.591050 4561.850801 4571.460187 4575.381055 4585.709423 4595.229402 4602.840170 4611.568525 4615.560174 4616.999999 4614.509642 4608.631134 4604.350775 4596.909508 4595.499486 4586.769268 4580.138251 4580.371082 4562.869668 4540.229216 4529.548809 4521.369934 4510.771483 4488.369450 4477.620125 4467.738792 4462.279379 4462.031648 4461.569712 4456.091672 4439.128563 4427.241161 4408.249632 4400.229082 4389.759153 4383.469000 4370.780662 4374.520853 4383.830354 4398.919642 4410.618916 
1048576 4451.619461 4448.739812 4441.039637 4433.110356 4428.429529 4423.310980 4422.398284 4404.459149 4395.628348 4383.280873 4365.500063 4354.879260 4350.058734 4332.950339 4321.299493 4315.720871 4316.739738 4313.301295 4305.809736 4305.539653 4296.200350 4278.570414 4266.738892 4257.729277 4240.470007 4227.390513 4233.520478 4251.159728 4255.199805 4263.559356 4280.460998 4290.709272 4292.469472 4283.331335 4270.751029 4256.870598 4247.020930 4233.891144 4222.160205 4212.019965 4203.898832 4217.179492 4232.970998 4249.420017 4266.679287 4282.521084 4296.779633 4315.020517 4318.790510 4304.509610 4311.220720 4328.150302 4331.089556 4352.299497 4364.138469 4381.010309 4386.339337 4402.169958 4412.509501 4419.080913 4425.620660 4435.839131 4444.880411 4450.559616 
1048576 4217.930138 4212.819040 4199.950024 4183.929414 4169.639200 4157.790914 4140.879959 4131.661728 4123.739898 4111.999646 4118.129611 4134.209827 4151.050001 4166.169092 4180.740565 4196.589813 4200.389609 4186.520353 4177.249968 4166.370258 4152.579233 4138.950258 4121.959209 4130.270332 4142.429680 4156.811163 4171.459004 4188.559949 4192.790017 4179.921001 4197.439179 4206.229001 4208.050668 4200.769588 4185.199738 4168.570042 4156.799987 4145.329818 4133.259878 4120.539874 4111.278802 4110.800102 4127.349705 4144.668579 4160.739481 4174.361005 4188.360646 4204.280674 4209.080711 4194.820300 4185.391590 4174.798727 4160.350189 4151.400179 4131.650552 4141.390324 4150.450230 4165.930673 4184.089601 4199.938849 4205.210134 4193.291068 4208.149388 4216.400906 
1048576 4313.381389 4311.010242 4304.930568 4294.080660 4284.709692 4271.660000 4261.050373 4248.701036 4240.499809 4227.390513 4215.970635 4205.740988 4191.039130 4179.669544 4167.219624 4177.430645 4182.768986 4168.828949 4153.490067 4142.139107 4128.230736 4136.791453 4155.060276 4172.708839 4182.230681 4195.900634 4208.769649 4222.119227 4237.670451 4246.259108 4253.109917 4254.778847 4256.000742 4254.071042 4250.129685 4246.210679 4234.280437 4216.149449 4203.559831 4193.209112 4179.010168 4171.431065 4171.900451 4187.630489 4203.399643 4218.561575 4234.300926 4251.219332 4256.889224 4242.800176 4231.980070 4214.629531 4205.320030 4195.580259 4210.131243 4225.580022 4241.459072 4257.760942 4274.010658 4280.449823 4285.918549 4298.750311 4307.240248 4312.669858 
1048576 4279.309884 4275.679588 4269.659519 4257.488996 4248.199984 4233.671352 4219.269380 4207.840189 4197.638482 4180.289805 4168.460146 4157.230258 4146.819934 4130.469635 4129.000008 4146.819934 4150.239751 4135.221243 4125.880077 4114.739597 4107.510671 4121.860489 4140.619189 4156.129435 4169.840366 4182.590172 4188.789055 4208.600149 4212.809727 4216.531292 4229.610786 4234.230146 4236.308858 4233.159125 4222.230986 4219.589755 4216.820002 4199.290648 4187.168553 4167.489707 4160.199314 4145.059735 4160.931334 4176.530987 4192.959517 4207.689315 4224.060103 4240.719602 4245.210439 4231.110215 4220.029339 4207.110032 4195.921123 4180.539399 4168.659449 4185.229540 4197.459668 4212.290049 4229.681566 4245.670512 4250.099882 4264.350981 4272.099584 4277.499393 
1048576 4206.389189 4200.309515 4190.290347 4174.679518 4163.570702 4145.769402 4130.180925 4112.560302 4105.409607 4092.009738 4080.250859 4085.021093 4101.321101 4116.220400 4131.970927 4148.969427 4154.480994 4138.501361 4129.109904 4115.441814 4101.598635 4088.459536 4105.400294 4120.700061 4135.919735 4152.370617 4168.031737 4175.771028 4185.948521 4195.230082 4202.419892 4206.769168 4208.279774 4205.100238 4201.000556 4193.620756 4184.281453 4172.928631 4160.920158 4145.659506 4136.700183 4123.540595 4119.679332 4133.380949 4145.588726 4160.881042 4176.579416 4193.391651 4197.400063 4181.521013 4169.579595 4156.619310 4150.399938 4144.070670 4127.940163 4130.810499 4138.868302 4155.108705 4172.340035 4189.809784 4194.658250 4184.240475 4195.660353 4205.530509 
1048576 4249.449819 4240.838811 4230.201244 4219.280556 4208.680242 4189.649597 4179.429263 4164.928570 4152.441397 4141.138867 4126.140848 4115.859047 4108.460620 4106.130451 4123.060033 4142.619669 4147.229716 4130.549729 4118.859768 4108.570516 4121.208563 4142.589867 4150.338471 4168.819636 4183.599725 4191.309214 4197.381437 4222.109914 4226.731136 4225.609824 4241.649061 4246.169701 4248.380661 4245.489836 4232.959822 4230.769351 4230.560735 4213.510081 4201.769829 4191.389307 4184.979945 4171.621054 4159.670323 4173.168913 4188.498482 4203.628749 4218.529910 4236.619920 4241.870716 4226.841033 4211.360589 4198.370501 4188.530147 4176.869988 4168.009385 4168.760031 4181.658849 4197.999835 4217.028618 4232.389852 4239.751026 4224.169999 4235.349596 4248.090088 
1048576 4273.928702 4271.900281 4264.788702 4254.400730 4240.419716 4228.379577 4211.600870 4202.190787 4192.529246 4180.630669 4199.098796 4217.850044 4232.520238 4243.999720 4259.141162 4275.901243 4279.470071 4265.481606 4255.311564 4247.261211 4238.370806 4220.729694 4201.309755 4220.739007 4239.020869 4254.819825 4268.709570 4285.529256 4288.900644 4298.079759 4310.369492 4314.061254 4315.370694 4312.841222 4304.779693 4290.210083 4275.390878 4261.730239 4242.198542 4232.000560 4226.699471 4209.369421 4208.661616 4202.699289 4187.610000 4203.379154 4219.520837 4237.100482 4240.740091 4226.809368 4212.718457 4200.680181 4190.299660 4177.780822 4164.431244 4179.639742 4193.089902 4207.910970 4225.499928 4241.868854 4245.730117 4259.210080 4267.970100 4272.568971 
1048576 4218.269140 4204.168916 4192.469642 4180.289805 4171.160981 4160.480574 4148.209468 4138.048738 4127.720371 4141.250625 4156.379029 4174.510017 4190.310836 4209.760576 4228.308797 4248.140380 4253.450781 4236.228764 4221.990705 4206.450656 4192.398861 4178.479314 4187.809303 4206.389189 4223.398864 4241.989926 4259.189591 4268.620163 4272.280261 4286.188632 4295.611754 4299.379885 4301.751032 4298.478365 4292.659461 4277.719185 4262.648523 4249.699414 4238.659516 4223.968834 4217.250273 4214.420915 4193.870351 4180.630669 4164.619371 4169.739783 4186.579958 4201.970994 4207.849503 4195.241258 4183.899611 4168.508574 4154.510796 4140.729085 4128.770903 4142.360762 4157.129675 4172.310233 4190.759733 4208.860919 4213.681445 4198.389128 4200.419411 4217.090085 
1048576 4194.200039 4187.460989 4171.419889 4154.600203 4140.930250 4128.869623 4117.490724 4108.000547 4099.918529 4091.620445 4086.950794 4104.999825 4118.910059 4134.209827 4150.949419 4167.200997 4171.900451 4158.129916 4143.569618 4132.850096 4124.540836 4109.218717 4094.170406 4110.241309 4124.749452 4140.140489 4155.291244 4172.889516 4176.720977 4161.890596 4176.620394 4183.901474 4186.240956 4179.880023 4167.631269 4152.739421 4140.838981 4129.890352 4112.230614 4100.808874 4091.409966 4083.210602 4101.600498 4119.049758 4137.549549 4153.510556 4167.499021 4181.928933 4186.218604 4175.689071 4165.889695 4148.509353 4138.940945 4121.780396 4104.759544 4115.629941 4130.909219 4142.099991 4157.980904 4173.280671 4178.199917 4165.399820 4182.450473 4192.858934 
1048576 4367.459565 4364.678636 4361.070693 4350.179806 4334.371537 4322.059453 4304.230213 4293.609411 4286.909476 4269.368947 4263.810813 4262.000322 4263.080657 4281.509668 4299.178720 4317.149520 4322.100431 4314.441234 4331.231117 4349.270836 4361.551255 4376.079887 4383.500665 4395.550117 4403.650761 4422.450438 4428.900778 4439.139739 4445.159808 4454.970360 4464.659840 4468.921572 4470.380023 4467.489198 4459.859803 4452.850670 4447.551444 4445.459694 4440.149292 4423.739389 4412.509501 4395.820200 4383.210093 4365.870729 4352.519289 4334.310070 4317.380488 4309.680313 4312.019795 4303.719848 4287.099466 4275.070503 4265.669733 4251.299426 4257.330671 4273.680970 4285.439849 4296.040162 4314.031452 4327.720031 4339.599982 4355.370998 4360.700026 4366.751760 
1048576 4230.039194 4220.560193 4209.751263 4198.249429 4184.860736 4166.869447 4149.990156 4138.650373 4126.889631 4112.849012 4096.658900 4085.328430 4099.400714 4116.049036 4131.959751 4148.639739 4152.800888 4137.860611 4126.040265 4110.120237 4102.980718 4086.120054 4074.579105 4089.148715 4103.809595 4120.400175 4135.319963 4153.469577 4157.450050 4142.358899 4156.708717 4164.339975 4166.448489 4160.258919 4147.659987 4134.669900 4124.559462 4110.900685 4098.409787 4102.101550 4117.960110 4135.010764 4153.549671 4173.189402 4193.110391 4211.168736 4226.021469 4243.370146 4247.030243 4236.249253 4222.610965 4204.008728 4188.969731 4176.909104 4168.450832 4179.099575 4194.051027 4211.761057 4229.249433 4243.979231 4247.609526 4237.070680 4223.860800 4227.871075 
1048576 4289.131612 4286.048934 4281.310365 4266.338423 4252.439365 4234.289750 4224.179313 4211.710766 4201.710224 4192.080349 4179.619253 4170.170054 4163.470119 4179.699346 4196.770489 4216.849804 4222.080112 4203.429446 4191.290587 4176.249728 4165.289924 4149.999470 4170.089960 4186.419770 4201.140255 4219.010472 4238.070920 4252.931103 4268.521443 4281.559959 4288.690165 4293.050617 4294.719547 4290.919751 4287.399352 4277.320579 4260.148853 4242.679104 4225.440323 4219.211638 4203.999415 4188.479856 4177.739844 4194.440320 4212.051630 4227.420315 4240.440205 4255.959764 4259.210080 4248.939455 4239.570349 4223.499447 4214.819521 4200.449213 4183.609039 4191.368818 4203.651100 4215.659574 4232.060164 4249.030724 4257.200286 4274.519160 4282.809794 4288.129508 
1048576 4391.880706 4374.530166 4362.849519 4350.369796 4336.111248 4317.330196 4297.079518 4307.139665 4318.410531 4336.990416 4351.358861 4366.450012 4380.390048 4397.271201 4414.329305 4431.059584 4438.860342 4454.759881 4471.780732 4489.280283 4497.108981 4518.639296 4526.790231 4539.048299 4557.039589 4564.099014 4568.859935 4582.190886 4589.740187 4595.650360 4606.759176 4612.108693 4614.420235 4609.689116 4601.230845 4597.339779 4591.949284 4590.550438 4579.558969 4577.269778 4572.689533 4552.530125 4537.638277 4524.869844 4518.920556 4498.839378 4487.270489 4469.810054 4470.810294 4467.969760 4465.909675 4463.391379 4464.039579 4444.619641 4432.160407 4422.709346 4415.620118 4398.349673 4383.999854 4375.400022 4382.310435 4359.900951 4370.089620 4390.379414 
1048576 4364.300519 4354.890436 4343.250766 4331.950098 4322.199151 4309.840500 4294.719547 4282.809794 4273.280501 4255.799577 4245.879129 4228.720441 4219.090566 4232.868552 4248.470068 4256.200045 4257.300869 4255.229607 4243.731499 4229.659215 4218.958318 4207.130522 4190.370440 4179.589450 4179.829732 4195.919260 4210.490733 4230.160266 4236.660898 4250.520840 4261.190072 4266.418517 4268.189892 4264.069721 4257.500172 4245.840013 4235.139117 4225.390032 4215.858877 4229.510203 4240.101203 4255.929962 4271.680489 4289.759323 4304.701462 4319.321364 4335.479811 4353.959113 4357.010126 4342.669621 4330.700263 4316.119477 4306.070507 4293.680191 4281.640053 4285.151139 4298.809916 4313.521087 4331.110045 4347.959533 4354.689270 4339.119419 4349.948838 4363.220185 
1048576 4218.909889 4215.959460 4204.951227 4198.661074 4186.891019 4168.661311 4157.070071 4144.500941 4133.861512 4120.839760 4108.030349 4095.859826 4093.190655 4106.549546 4122.169688 4138.091579 4143.988714 4130.680114 4118.299112 4109.051079 4095.399752 4082.070664 4096.658900 4114.249721 4129.448906 4146.728665 4158.800468 4167.459905 4174.008965 4185.339436 4193.481058 4198.649898 4200.160503 4196.690395 4191.659391 4183.169454 4174.061120 4155.380651 4146.160558 4131.769761 4122.011364 4110.570997 4109.211266 4125.310108 4140.861332 4153.989255 4168.810323 4186.520353 4191.510379 4175.540060 4165.880382 4154.229537 4140.079021 4131.730646 4112.629220 4121.709615 4131.030291 4146.000370 4164.468497 4183.311015 4189.580679 4200.039431 4211.839288 4217.591137 
1048576 4592.148587 4589.900374 4582.259804 4576.170817 4572.389647 4570.331424 4562.759772 4553.530365 4552.159458 4536.051303 4520.660266 4505.688325 4492.089152 4474.001005 4465.030506 4449.380562 4440.160468 4426.790401 4418.289289 4418.510944 4407.959059 4394.030198 4378.421232 4371.589050 4370.870069 4352.798685 4340.419546 4360.679537 4365.600646 4373.088479 4386.380315 4392.050207 4393.719137 4389.598966 4378.510639 4368.329421 4363.309592 4346.070811 4327.459261 4311.840981 4318.071529 4334.580153 4350.550473 4364.760593 4379.840568 4395.550117 4413.329065 4430.299625 4433.849826 4444.500431 4456.890747 4472.538829 4482.299089 4505.511373 4514.640197 4521.599039 4535.509273 4544.138908 4550.980404 4560.381174 4569.089040 4576.688632 4585.590214 4591.019824 
1048576 4257.589579 4255.160689 4251.299426 4247.261211 4234.010354 4222.000018 4210.000858 4197.299480 4186.470062 4171.689972 4161.160439 4145.838320 4137.070850 4148.351029 4164.379090 4182.189703 4186.419770 4171.131179 4159.191623 4142.470658 4135.958850 4118.040204 4106.080160 4112.120718 4127.249122 4144.199193 4159.040749 4177.341238 4182.931036 4167.649895 4181.120545 4192.410037 4193.890840 4184.320569 4171.989858 4160.689190 4150.440916 4136.931151 4124.639556 4113.109782 4098.549485 4101.559520 4117.099568 4133.900627 4149.680957 4163.410515 4179.449752 4196.720198 4200.529307 4186.289385 4174.830392 4164.339975 4152.318463 4139.659926 4157.248884 4172.841087 4186.781123 4201.220348 4218.369722 4224.389791 4238.750786 4245.040938 4251.150414 4256.550223 
1048576 4303.378984 4300.661385 4295.149818 4288.300872 4279.699177 4265.658557 4254.059866 4241.080955 4229.079932 4215.611145 4206.340760 4189.070314 4183.979705 4183.189943 4196.859896 4207.318649 4211.360589 4205.189645 4195.299000 4180.358723 4171.369597 4192.370921 4206.050187 4224.549979 4242.310300 4257.839173 4271.300510 4296.150059 4299.800843 4299.670458 4315.270111 4320.070148 4322.420806 4318.790510 4306.638613 4305.509850 4300.249740 4290.049896 4276.970401 4252.389073 4245.320335 4225.779325 4213.839769 4208.911210 4192.709923 4207.730293 4224.568605 4241.250455 4245.100543 4232.289270 4217.240959 4205.169156 4197.180271 4183.020443 4199.020565 4215.490073 4230.409861 4244.768992 4262.030125 4269.750789 4281.120375 4289.440811 4295.809194 4301.639274 
1048576 4393.139854 4389.109090 4371.959716 4356.840625 4346.299917 4332.790151 4321.061075 4306.308925 4297.619686 4286.671057 4274.209961 4264.090210 4249.230027 4238.281399 4221.420735 4228.590056 4234.239459 4215.359688 4179.770127 4171.781242 4164.500162 4150.379449 4164.909944 4183.320329 4195.960239 4203.278571 4217.410460 4236.320034 4242.690280 4263.930023 4270.069301 4274.379462 4275.940359 4273.019731 4269.840196 4250.749946 4232.868552 4223.950207 4231.629893 4248.160869 4264.419898 4280.449823 4296.740517 4311.490804 4327.308387 4341.069609 4356.870428 4373.870790 4377.288744 4363.829270 4355.039448 4343.681037 4332.300276 4319.230095 4307.821393 4319.489002 4334.548488 4348.998889 4365.358502 4379.080608 4383.239895 4372.078925 4384.700209 4392.189905 
1048576 4274.070263 4270.730540 4263.190553 4251.560196 4240.881652 4226.669669 4208.780825 4197.539762 4188.608378 4174.049944 4163.570702 4155.239090 4137.469456 4123.719409 4105.038941 4108.779132 4116.229713 4098.238423 4090.121016 4109.829664 4115.900025 4142.200574 4153.119400 4172.369838 4179.449752 4186.119884 4197.590053 4207.469523 4212.850705 4221.910611 4232.490435 4236.500710 4238.810390 4235.450178 4228.480160 4221.061245 4220.830277 4213.869572 4196.170717 4178.520292 4171.309993 4152.851179 4142.388701 4147.499800 4165.209830 4181.159660 4192.870110 4209.330305 4215.918481 4202.701151 4195.749760 4180.248827 4169.199616 4152.150825 4166.090861 4184.160382 4201.469943 4217.399284 4233.390093 4240.568727 4246.020690 4256.889224 4266.189411 4272.211343 
1048576 4279.891029 4276.551306 4267.871380 4263.300449 4259.148613 4247.039557 4235.530272 4223.121330 4214.130342 4201.978445 4195.790738 4185.710102 4184.458405 4198.009148 4212.759435 4227.370024 4233.220592 4221.020266 4209.389910 4213.791341 4225.909710 4242.008552 4252.759740 4269.288853 4283.970222 4291.890189 4296.420142 4312.429577 4317.699000 4323.391244 4336.070269 4340.790212 4342.410713 4339.309409 4328.560084 4325.510934 4321.349785 4312.990233 4295.619205 4284.959286 4278.670996 4259.830341 4254.020751 4253.959283 4227.019846 4216.600209 4197.400063 4178.619012 4175.679758 4158.750176 4148.159176 4140.099511 4153.300077 4177.371040 4188.230261 4204.759374 4221.819341 4229.171202 4236.171022 4249.958321 4256.108776 4262.398928 4272.529855 4278.289154 
1048576 4380.470142 4377.229139 4368.940368 4356.669262 4342.420027 4329.379648 4310.881719 4296.479747 4288.680851 4271.060228 4265.790805 4265.559837 4244.729877 4223.261029 4204.569384 4212.411121 4216.609523 4201.771691 4191.180691 4180.319607 4170.760512 4156.028852 4139.268771 4156.529903 4170.801491 4185.950384 4200.229421 4218.509421 4222.020507 4207.281396 4220.420495 4229.171202 4230.780527 4224.179313 4211.340100 4195.660353 4187.179729 4174.850881 4175.640643 4190.798849 4196.150228 4213.580862 4233.079031 4252.249375 4268.920049 4287.719727 4302.069545 4318.680614 4324.128851 4311.298952 4300.540313 4285.290837 4271.009937 4253.789783 4267.049953 4288.399592 4306.249321 4322.791472 4341.149703 4348.481074 4353.350028 4362.579435 4372.909665 4378.980026 
1048576 4342.969507 4339.879379 4335.220903 4330.769181 4323.029891 4305.878654 4288.630560 4276.650026 4268.340766 4254.240543 4242.319614 4230.489954 4222.441465 4204.450175 4207.119346 4225.010052 4230.400547 4215.380177 4202.229902 4185.179248 4171.609879 4165.649414 4162.210971 4155.660048 4171.570763 4190.878943 4208.799452 4229.869694 4233.440384 4233.960062 4252.219573 4256.980494 4258.889705 4255.430773 4239.270464 4225.600511 4216.520116 4208.359867 4197.210073 4189.699888 4175.400361 4187.760875 4203.559831 4219.681025 4234.841093 4249.820486 4265.580326 4283.271730 4286.140203 4273.431376 4262.089729 4250.260070 4240.220413 4227.390513 4241.280258 4257.028922 4271.458834 4285.728559 4302.829504 4310.620949 4322.439432 4330.441356 4335.621372 4341.728985 
1048576 4246.121272 4243.599251 4239.279777 4239.348695 4224.089906 4211.559892 4200.741649 4182.500765 4173.729569 4161.510617 4149.030894 4132.300615 4121.430218 4135.640338 4149.649292 4167.620093 4171.971232 4155.980423 4144.970328 4150.470719 4160.858691 4175.499082 4188.599065 4204.679281 4218.468443 4227.349535 4246.549681 4257.509485 4261.849448 4267.999902 4280.509427 4285.918549 4287.330434 4283.638671 4274.159670 4263.769835 4262.899980 4256.490618 4245.048389 4228.610545 4217.619076 4205.709323 4194.010049 4183.450714 4167.979583 4156.220704 4167.499021 4185.149446 4188.789055 4173.850641 4163.669422 4146.870226 4138.849676 4126.070067 4145.469517 4159.219563 4174.141213 4188.859835 4205.819219 4212.848842 4227.869213 4234.239459 4238.700494 4244.981334 
1048576 4405.839369 4403.630272 4392.269999 4386.600107 4372.259602 4354.679957 4338.650033 4323.219880 4311.909899 4292.359576 4274.951294 4266.960546 4281.148314 4296.449944 4314.320162 4330.009222 4343.880340 4358.720034 4371.110350 4386.959597 4394.549876 4421.239719 4428.129643 4437.809810 4457.030445 4468.088970 4473.350942 4481.419921 4491.459578 4499.590024 4508.350044 4512.548447 4515.221342 4511.220381 4506.679252 4500.150681 4492.681473 4491.399974 4481.170326 4477.610812 4473.989829 4451.598972 4439.540207 4427.641630 4411.730915 4401.391372 4383.981228 4374.379292 4377.979785 4361.879081 4350.479692 4344.910383 4335.548729 4321.498796 4306.919873 4294.501618 4310.229793 4329.400137 4351.589829 4368.819296 4377.590492 4386.289045 4398.209974 4404.459149 
1048576 4190.500826 4177.831113 4166.729748 4155.369475 4145.599902 4136.769101 4120.640457 4110.889509 4094.978794 4080.450162 4062.948748 4069.779068 4083.719105 4098.549485 4114.290699 4132.371396 4135.621712 4120.290279 4109.321162 4098.299891 4089.130089 4105.770960 4121.819511 4137.599841 4151.679575 4168.130457 4175.739363 4196.370021 4200.460389 4202.079028 4217.131063 4220.349714 4222.391173 4220.180213 4207.139835 4205.361009 4204.628989 4191.379994 4172.109067 4160.920158 4152.169451 4140.259698 4127.839580 4117.168486 4129.260778 4144.649953 4161.139950 4180.530086 4184.199497 4169.011489 4157.889634 4142.859951 4127.640277 4115.181044 4105.700180 4109.969363 4124.490544 4141.259938 4158.109426 4175.679758 4182.659090 4167.580977 4172.889516 4189.180210 
1048576 4380.740225 4377.840087 4366.628826 4354.989156 4355.760291 4352.729768 4335.300997 4323.620349 4313.359037 4299.510270 4286.739975 4278.149456 4261.769354 4250.910133 4231.570289 4221.290350 4222.029820 4203.470424 4196.550697 4186.110571 4171.920940 4163.209349 4146.531224 4151.390865 4159.210250 4172.539338 4191.858694 4207.400605 4219.809547 4231.659696 4243.519157 4247.559234 4249.719903 4246.590659 4239.119589 4230.439663 4215.149209 4200.909287 4184.139892 4172.218964 4162.499681 4164.788872 4180.500284 4197.599366 4213.489592 4228.889942 4244.020209 4261.070862 4264.889285 4250.211641 4239.140078 4244.768992 4257.239401 4274.079576 4282.440990 4298.349842 4312.960431 4319.319502 4341.740161 4352.731630 4357.200116 4359.750077 4373.678938 4379.700869 
1048576 4278.190434 4276.210442 4266.699776 4264.090210 4265.030846 4251.630977 4234.999418 4218.989983 4211.109132 4192.879423 4186.110571 4185.259342 4195.200279 4211.280495 4226.390272 4242.319614 4246.018827 4232.279956 4221.519455 4211.429507 4202.350974 4190.031439 4204.928875 4221.159965 4234.839231 4249.539226 4263.589159 4270.588979 4286.209121 4293.130711 4300.460219 4301.790148 4303.529859 4301.799461 4299.711436 4295.010120 4283.009097 4264.861345 4247.300327 4239.629954 4225.401208 4222.659394 4219.170660 4209.840670 4180.170596 4166.688770 4172.431305 4190.869629 4194.030538 4180.179909 4167.949781 4153.389484 4146.749154 4164.770246 4178.078845 4195.580259 4209.579900 4225.838929 4234.630615 4256.270826 4258.519039 4261.979833 4271.399230 4277.419299 
1048576 4346.258938 4342.559725 4331.409931 4315.070808 4306.619987 4293.279722 4283.878952 4283.711314 4270.179197 4247.620702 4230.190068 4243.981093 4258.530214 4275.221378 4290.908575 4307.091236 4311.870784 4298.180342 4284.348339 4277.430475 4284.478724 4305.198789 4314.009100 4330.331460 4344.921559 4355.799407 4366.319627 4388.429224 4392.290488 4394.918680 4409.229383 4413.560033 4416.389391 4412.150010 4402.069375 4400.279373 4400.419071 4386.080429 4366.800189 4355.151206 4345.050082 4335.049540 4318.291321 4312.269390 4294.410348 4282.969981 4292.650148 4305.850714 4311.610013 4301.758483 4292.339087 4279.419780 4265.479743 4246.810451 4245.249555 4247.739911 4264.900461 4282.079637 4300.799221 4315.789789 4320.379347 4324.078560 4338.478670 4344.820976 
1048576 4273.138940 4269.409925 4264.280200 4254.339263 4240.930080 4227.040336 4210.850224 4199.080169 4188.949242 4175.500944 4162.570462 4154.000431 4168.149084 4184.899852 4202.609882 4221.079871 4226.690158 4210.600629 4198.150709 4184.069112 4170.520231 4181.850702 4200.890660 4217.980430 4235.269502 4253.329709 4260.729998 4268.338904 4279.829562 4287.449643 4294.769838 4298.850894 4300.780594 4297.880456 4292.290658 4288.079217 4275.999963 4264.770076 4246.538505 4238.698632 4229.729995 4220.290110 4216.669127 4191.920161 4186.209291 4201.600328 4217.719659 4234.269261 4237.169400 4223.641008 4213.040695 4197.210073 4188.841209 4176.219925 4163.129255 4178.909585 4191.551358 4206.519574 4223.341122 4238.760099 4244.890064 4258.619621 4266.230389 4271.648824 
1048576 4359.129816 4356.298596 4351.979122 4346.420988 4337.880760 4323.650151 4309.549928 4299.009219 4286.650568 4273.161292 4265.161231 4246.668890 4238.959402 4219.830036 4225.119948 4232.861102 4235.560074 4232.158884 4219.729453 4204.289988 4194.788635 4184.549674 4172.200337 4155.220464 4154.790193 4171.479493 4188.230261 4208.069295 4214.189947 4223.220050 4236.849025 4243.720323 4245.551303 4240.971059 4229.169339 4219.289869 4210.690036 4199.579358 4187.710583 4177.831113 4187.669605 4202.770069 4220.880568 4234.891385 4251.910374 4265.708849 4281.360656 4299.160093 4301.819950 4289.180040 4275.089130 4263.861105 4252.869636 4240.520298 4257.850349 4274.370149 4287.868738 4301.959649 4319.660366 4326.090217 4338.350147 4346.638918 4352.459684 4358.310252 
1048576 4219.479859 4213.789478 4202.749580 4188.869148 4174.550995 4161.549732 4152.338952 4136.210307 4127.610475 4116.289318 4114.570096 4131.089896 4147.810861 4165.228456 4183.311015 4202.799872 4207.160324 4190.230742 4178.348929 4160.970449 4150.850698 4156.950861 4176.059738 4193.900153 4210.740328 4227.019846 4234.850407 4242.749885 4257.209599 4262.430593 4270.030186 4273.600876 4275.150597 4272.080958 4268.350080 4265.069962 4253.480583 4240.080714 4222.931340 4212.358966 4203.919321 4191.899672 4181.489348 4172.990099 4154.259339 4168.070853 4184.160382 4201.110452 4205.020145 4190.418869 4180.440679 4167.640582 4154.259339 4140.380770 4128.471017 4143.230617 4157.450050 4173.161462 4190.521315 4205.729812 4209.861159 4195.678979 4210.000858 4217.689857 
1048576 4298.878834 4296.239465 4293.041304 4278.449342 4264.719784 4254.460335 4238.398746 4225.971177 4216.261208 4205.759615 4188.159481 4179.850221 4162.460566 4156.310111 4144.521430 4147.170112 4151.960835 4136.320204 4125.239328 4114.929587 4104.658961 4087.001085 4076.668993 4090.679809 4106.270149 4121.290520 4136.061296 4153.029993 4154.829308 4142.450169 4159.519449 4164.479673 4166.478291 4163.641483 4147.700965 4132.639617 4120.009020 4108.879715 4115.439951 4130.490124 4149.379209 4164.749756 4181.260243 4196.031019 4212.878644 4227.429628 4242.790863 4260.288551 4263.229668 4248.840734 4239.970818 4225.069657 4214.189947 4200.430587 4189.729691 4206.310958 4217.278212 4233.209416 4250.030965 4264.630377 4270.019010 4285.801202 4292.080179 4297.409207 
1048576 4373.438656 4369.869828 4366.040230 4359.770566 4353.169352 4335.379228 4325.648770 4312.440753 4300.970584 4284.860566 4277.439788 4266.798496 4250.459373 4233.390093 4240.429029 4258.919507 4263.561219 4246.631637 4234.749824 4224.659875 4215.078428 4228.899255 4246.719182 4263.598472 4277.920350 4295.149818 4302.490503 4326.689988 4330.700263 4332.209006 4347.268492 4351.589829 4353.599623 4349.650815 4337.709397 4334.799945 4331.838340 4319.870844 4305.390641 4289.958626 4282.079637 4267.159849 4256.470129 4249.179736 4263.600335 4278.199747 4295.568913 4312.699661 4316.350445 4302.529618 4288.818687 4277.130589 4266.289994 4253.750667 4272.030666 4288.189113 4301.341251 4315.510392 4332.359880 4339.469597 4352.299497 4359.740764 4365.520552 4371.520132 
1048576 4291.780293 4289.209843 4286.859185 4269.398749 4255.879670 4243.150353 4225.149751 4214.959219 4205.631092 4198.860377 4198.551178 4186.829552 4189.759493 4203.129560 4219.349474 4235.889763 4240.589216 4225.531593 4212.370142 4203.069955 4194.408655 4191.728309 4162.481055 4175.079986 4181.088880 4197.970033 4214.620218 4232.538864 4237.610847 4225.039855 4240.009934 4248.680547 4249.490798 4242.639989 4230.139777 4218.939692 4203.099757 4189.718515 4170.700908 4158.940166 4150.310531 4136.420786 4147.751257 4166.148603 4185.259342 4202.820361 4220.560193 4236.519337 4239.959642 4226.710647 4214.670509 4197.970033 4187.129438 4167.938605 4179.989919 4199.979827 4213.951528 4226.770252 4241.490737 4252.990708 4260.551184 4278.941080 4284.879193 4290.468991 
1048576 4344.940186 4341.870546 4330.238327 4328.150302 4325.630143 4307.320341 4291.860387 4273.269325 4265.910015 4252.631217 4242.589697 4232.440144 4222.808406 4204.509780 4187.390208 4175.998271 4179.479554 4164.159298 4152.750596 4141.479731 4136.340693 4138.499498 4155.980423 4169.460386 4184.881225 4200.559109 4209.570587 4221.620038 4234.829918 4241.149873 4248.499870 4252.640530 4254.380241 4251.180217 4247.030243 4243.358970 4235.520959 4222.819582 4212.718457 4197.830334 4186.678678 4171.971232 4179.110751 4193.689674 4206.771031 4218.950868 4234.289750 4252.260551 4256.090149 4240.440205 4231.121391 4220.569506 4216.510803 4228.901118 4246.329889 4262.160510 4274.019971 4288.170487 4297.150299 4316.730425 4320.850596 4324.140027 4336.990416 4343.058914 
1048576 4261.968657 4256.300628 4243.640229 4228.420556 4217.019305 4202.490672 4190.610722 4177.870229 4167.940468 4154.980183 4143.120721 4130.881280 4120.169207 4134.319723 4150.100052 4166.491330 4170.579836 4155.829549 4144.208506 4128.620028 4120.830446 4107.810557 4126.919433 4139.900208 4154.801369 4170.408472 4186.190665 4194.591194 4208.208993 4214.409739 4220.990464 4225.550219 4227.180034 4224.069417 4220.090806 4216.680303 4207.480699 4195.230082 4177.611321 4166.219383 4156.569019 4148.568958 4165.699705 4180.120304 4196.679220 4211.729392 4227.530211 4243.981093 4247.909412 4233.609885 4223.149270 4211.951047 4200.868309 4188.580438 4171.989858 4187.619314 4201.630130 4215.760157 4232.650623 4248.619080 4253.190011 4239.669070 4252.610728 4260.670394 
1048576 4413.360730 4411.360249 4402.829334 4388.909787 4374.539480 4366.869107 4354.750738 4347.870126 4352.070391 4367.688671 4385.739565 4401.011392 4414.319992 4430.111498 4446.879029 4465.641454 4474.209622 4490.960389 4505.679011 4524.961114 4540.909082 4551.460966 4559.190944 4571.391270 4590.841010 4602.130502 4611.099139 4620.399326 4625.279456 4635.220394 4646.230489 4650.229588 4651.799798 4648.759961 4641.769454 4632.599652 4624.228925 4623.100162 4611.801356 4608.288407 4603.769630 4585.208371 4572.760314 4560.241476 4544.140771 4533.270374 4514.940083 4508.119076 4502.050579 4484.979436 4469.379783 4459.479824 4460.660741 4447.190091 4435.660318 4423.409700 4416.160285 4403.041676 4384.879023 4372.119904 4379.229620 4397.220910 4406.441003 4412.539303 
1048576 4271.909595 4269.110039 4260.070622 4249.110818 4238.860682 4220.759496 4205.010831 4192.210734 4183.389246 4170.678556 4159.189761 4149.990156 4145.318642 4163.799807 4181.809723 4200.739786 4205.141217 4189.891741 4174.869508 4159.549251 4145.490006 4131.980240 4140.950739 4158.739001 4177.460447 4194.190726 4205.880687 4216.749221 4222.190008 4239.920527 4246.959463 4251.711071 4253.739491 4250.871018 4246.320575 4229.780287 4218.321294 4204.289988 4189.558327 4176.449031 4167.690873 4163.969308 4162.831232 4179.069772 4195.069894 4208.439961 4222.489893 4239.039496 4243.230447 4229.119048 4217.199981 4209.619015 4195.600748 4187.930375 4169.659689 4174.778238 4182.159901 4197.960719 4216.389731 4233.760759 4242.520779 4254.829139 4265.369847 4270.499572 
1048576 4426.149651 4422.651604 4413.079470 4404.710606 4394.019023 4374.800250 4358.470440 4342.699423 4330.949858 4335.260019 4352.558404 4369.739443 4384.510219 4400.700331 4416.959360 4433.630034 4437.290132 4445.688799 4461.221397 4476.940259 4487.320781 4507.899284 4516.590387 4524.150863 4538.420588 4546.020180 4551.891237 4564.069211 4571.300000 4578.679800 4589.419812 4594.059661 4595.119506 4591.910169 4584.768787 4580.009729 4575.470462 4574.330524 4562.851042 4559.330642 4555.858672 4538.590088 4522.750154 4512.479529 4497.028887 4486.819729 4469.400272 4458.220676 4449.419677 4436.619580 4435.868934 4415.400326 4408.739507 4402.099177 4391.649738 4373.149946 4365.989938 4353.830591 4371.318966 4388.628528 4397.289827 4408.219829 4419.310018 4424.938932 
1048576 4537.619650 4534.831271 4524.189979 4515.441135 4516.400397 4506.859928 4498.450086 4483.420402 4471.970722 4456.970841 4443.649203 4434.270784 4427.399486 4409.721121 4394.181073 4381.969571 4372.760653 4354.741424 4346.409813 4348.210990 4349.680617 4330.638796 4318.129271 4305.280745 4287.108779 4271.810874 4254.098982 4265.969619 4272.058606 4254.458472 4259.210080 4276.290536 4278.630018 4262.650385 4250.140861 4244.040698 4253.339022 4267.349839 4278.380424 4293.980077 4308.229312 4324.091598 4341.660067 4357.369617 4371.879622 4387.920722 4404.770210 4422.118887 4426.030442 4411.730915 4399.850965 4405.809566 4417.149350 4435.108975 4442.209378 4457.550123 4471.840337 4477.890208 4497.779533 4508.279264 4512.390122 4518.460482 4530.381411 4535.840824 
1048576 4275.159910 4272.339866 4265.809432 4254.419357 4243.019968 4229.240119 4217.850044 4204.129800 4197.118804 4183.299839 4166.230559 4154.121503 4146.341234 4138.739780 4155.680537 4174.981266 4179.030657 4161.939025 4145.480692 4134.541377 4124.028608 4115.259275 4128.240049 4144.439474 4159.219563 4177.400842 4195.339978 4205.390811 4220.020026 4229.338840 4235.070199 4239.939153 4241.000861 4237.830639 4234.880209 4229.590297 4217.481241 4199.489951 4193.630069 4170.350730 4162.620753 4144.640639 4157.880321 4172.120243 4187.539220 4203.030840 4218.898714 4235.289991 4238.549620 4225.609824 4215.050489 4198.700190 4189.901054 4175.340757 4163.419828 4182.780161 4193.350673 4208.659753 4225.939512 4240.449518 4244.970158 4259.690642 4267.910495 4273.900762 
1048576 4240.609705 4236.988723 4226.328805 4210.280254 4200.739786 4182.841629 4171.511158 4159.539938 4152.229056 4140.399396 4133.289680 4114.300013 4103.049636 4119.979218 4134.679213 4151.759669 4157.030955 4142.370075 4129.581153 4113.018513 4104.400054 4093.101248 4106.879234 4123.918712 4138.259217 4154.739901 4169.739783 4178.250208 4188.919440 4198.038951 4205.459729 4209.330305 4210.758954 4207.540303 4204.709083 4197.580740 4187.949002 4175.920039 4163.570702 4150.770605 4139.980301 4126.179963 4126.580432 4142.440856 4160.590470 4178.240895 4194.449633 4209.879786 4213.780165 4201.909527 4188.409075 4175.119102 4164.479673 4146.089777 4128.489643 4140.330479 4156.259820 4170.350730 4184.130579 4198.530689 4204.198718 4220.159724 4232.509062 4238.780588 
1048576 4205.459729 4189.880565 4176.819697 4163.479432 4153.219983 4142.960533 4132.010043 4125.490785 4111.161456 4097.159952 4110.511392 4127.779976 4144.230857 4159.050062 4171.190783 4187.539220 4193.399101 4180.138931 4170.360044 4159.690812 4149.191082 4159.569740 4179.989919 4198.499024 4212.321714 4227.031022 4232.469946 4242.040217 4252.349958 4259.709269 4267.990589 4272.609949 4274.548963 4271.231592 4265.461117 4261.050373 4253.569990 4236.940295 4220.660776 4210.269079 4196.519032 4185.060039 4173.269495 4170.650616 4155.950621 4158.429801 4176.190123 4195.580259 4200.099036 4183.640704 4171.740264 4158.129916 4142.940044 4128.679633 4111.530259 4122.730345 4138.849676 4155.509174 4173.608497 4190.569744 4197.809845 4182.741046 4185.430706 4203.639925 
1048576 4246.879369 4241.790622 4229.810089 4212.399945 4202.408716 4188.280553 4177.650437 4162.929952 4155.261442 4137.039185 4129.480571 4118.259996 4106.128588 4118.809476 4130.899906 4142.029211 4146.790132 4140.470177 4131.039605 4115.819931 4104.640335 4097.260535 4097.389057 4109.030589 4113.208503 4129.368812 4146.059975 4162.870347 4176.158458 4190.608859 4196.919501 4200.888798 4203.381017 4199.711606 4198.560491 4185.788333 4169.508815 4152.499139 4135.159776 4114.298150 4118.051380 4132.879898 4150.209948 4166.109487 4180.720076 4195.509478 4212.219268 4230.171442 4233.619198 4219.118506 4207.968712 4194.829613 4183.549434 4171.069711 4155.529663 4174.271598 4188.051447 4201.060161 4218.069836 4233.039916 4237.690940 4223.959520 4237.350076 4245.549440 
1048576 4190.009087 4173.638299 4158.589989 4146.700725 4139.309749 4127.670079 4119.221121 4106.940702 4095.239565 4103.550687 4120.370373 4138.460383 4152.789712 4169.309512 4183.899611 4201.710224 4205.241799 4190.340638 4178.369418 4163.470119 4158.990458 4172.839224 4188.891500 4205.999896 4220.889881 4236.860201 4244.228825 4261.549562 4265.150055 4271.080717 4284.400493 4288.898781 4290.280864 4287.309945 4276.530817 4272.900522 4270.249978 4259.590060 4245.109856 4234.330729 4222.808406 4209.520295 4195.040092 4184.231162 4171.120003 4160.981625 4158.928990 4179.200158 4184.700549 4166.610539 4155.619070 4138.240591 4127.170891 4108.209163 4092.449322 4106.741399 4122.938961 4138.579592 4158.560187 4179.960117 4185.579717 4167.670384 4169.419408 4188.798368 
1048576 4291.210324 4288.470373 4284.149036 4277.279601 4268.508404 4255.969077 4239.240661 4228.070378 4221.649840 4207.700491 4192.501307 4182.379693 4172.800109 4153.029993 4142.059013 4148.021340 4151.809961 4135.690629 4123.250023 4112.200812 4102.278501 4088.940099 4073.351622 4091.339186 4106.018692 4119.198769 4134.951159 4152.910784 4154.309630 4143.150523 4159.718752 4165.470600 4167.448729 4163.689911 4149.230197 4134.109244 4119.480029 4105.800763 4093.440250 4103.660583 4118.669778 4135.189578 4151.070490 4166.910425 4182.880744 4198.269919 4213.970155 4231.009632 4234.429449 4220.170900 4209.199920 4196.111113 4185.380414 4173.289984 4189.640284 4204.859957 4219.200462 4234.949127 4251.910374 4257.500172 4270.279780 4278.399050 4284.581169 4289.720207 
1048576 4271.719605 4258.850589 4242.459312 4225.280136 4214.379936 4196.230322 4185.309634 4173.420370 4163.749516 4152.100533 4138.980061 4129.528999 4120.679572 4136.860371 4151.020199 4159.899428 4163.209349 4158.729687 4149.859771 4132.680595 4122.029990 4105.320200 4123.440012 4142.921418 4159.219563 4178.641364 4195.239395 4210.609943 4224.570468 4230.609164 4237.100482 4241.839051 4243.738949 4239.790142 4236.899316 4233.079031 4224.261269 4203.950986 4186.928272 4171.369597 4169.469699 4187.230021 4203.839228 4218.978807 4233.680665 4247.119650 4262.201488 4279.540852 4281.271249 4266.949371 4256.101325 4246.529192 4235.200584 4225.939512 4209.090024 4214.471206 4224.669188 4241.330549 4257.658496 4275.148734 4279.399291 4264.280200 4253.730178 4270.000383 
1048576 4306.230694 4303.351045 4296.550527 4286.790267 4283.400252 4269.480705 4259.750247 4231.210798 4224.870354 4206.299782 4191.139713 4169.959575 4156.619310 4171.630368 4188.420251 4204.539582 4208.659753 4194.470122 4179.669544 4186.330363 4201.499745 4209.600389 4222.989082 4241.360351 4256.280139 4263.149574 4275.809973 4286.188632 4291.038960 4299.281165 4310.859367 4315.359518 4317.531362 4313.729703 4305.370152 4297.921434 4297.729582 4288.868979 4277.080297 4266.329110 4256.321117 4243.200645 4231.020808 4218.829796 4206.920043 4216.600209 4231.918603 4248.518497 4253.879189 4236.139357 4225.390032 4222.050309 4218.799993 4204.859957 4199.029878 4211.829975 4222.379997 4242.070019 4264.200106 4272.969440 4279.199988 4291.059449 4300.011322 4304.898903 
1048576 4387.149587 4383.860156 4377.558827 4360.171035 4344.141111 4324.989393 4313.599318 4299.419001 4283.770919 4289.640114 4305.519164 4321.958870 4338.700324 4353.640601 4367.899150 4385.409877 4388.928413 4397.461191 4413.159564 4430.299625 4437.070340 4456.758499 4468.329251 4475.500435 4489.880055 4497.990012 4504.000768 4515.420645 4522.731528 4531.310871 4540.799186 4545.690492 4548.048601 4544.559866 4536.328837 4531.139508 4528.328776 4526.210949 4516.089335 4509.009421 4508.879036 4485.720769 4474.209622 4462.068900 4444.980994 4435.809329 4417.909309 4406.860098 4398.340359 4390.159622 4390.409216 4381.529987 4378.670827 4364.440218 4346.061498 4329.029471 4321.509972 4309.469834 4322.830588 4343.219101 4352.889955 4371.318966 4379.309714 4385.359585 
1048576 4420.759156 4416.570067 4398.411140 4378.318787 4369.709641 4364.240915 4353.579134 4338.029772 4350.369796 4369.460046 4385.400563 4399.809986 4413.070157 4429.509863 4446.450621 4463.249817 4470.579326 4488.540813 4503.950477 4521.390423 4532.748833 4549.089819 4558.170214 4571.639001 4589.928314 4599.040374 4604.019225 4613.339901 4623.580724 4630.651325 4639.491439 4644.110799 4645.269364 4642.600194 4637.109116 4631.469026 4624.480382 4623.649642 4611.639306 4611.980170 4606.470466 4587.300122 4572.710022 4559.848458 4544.110969 4533.680156 4521.491006 4509.469494 4502.279684 4485.459998 4467.280582 4468.020052 4467.980936 4450.829700 4420.040175 4412.138835 4403.939471 4397.690296 4382.940009 4390.068352 4394.751042 4392.519593 4412.980750 4419.609904 
1048576 4334.440455 4327.859730 4316.590726 4298.659042 4290.319979 4277.538508 4266.340286 4256.350920 4248.389974 4229.608923 4214.050248 4218.019545 4232.371226 4247.700796 4263.279960 4280.738533 4284.899682 4270.680249 4259.170964 4244.729877 4239.970818 4257.058725 4271.160811 4286.501557 4300.870001 4317.099229 4325.410351 4344.299436 4348.378628 4352.189600 4366.360605 4370.758310 4373.230040 4369.299859 4358.788952 4353.888333 4351.180047 4341.069609 4324.749112 4312.649369 4303.280264 4290.310666 4278.181121 4266.848788 4269.719124 4283.981398 4299.890250 4316.888750 4321.629182 4306.288436 4296.349362 4284.899682 4270.410165 4256.170243 4244.869575 4260.629416 4275.461659 4290.129989 4305.809736 4321.979359 4326.660186 4313.319921 4324.140027 4333.309829 
1048576 4255.950451 4254.160449 4252.819344 4239.538684 4228.118807 4213.290289 4196.720198 4185.520113 4177.968949 4165.619612 4153.570160 4164.529964 4174.889997 4190.169275 4206.139594 4225.689918 4231.059924 4214.320332 4197.530448 4186.870530 4191.370681 4175.620154 4163.779318 4191.260785 4201.369360 4220.768809 4238.709807 4248.790443 4251.660779 4265.390337 4274.869338 4279.080778 4280.820489 4277.858883 4271.810874 4260.549322 4250.610247 4243.329167 4236.159846 4221.469164 4206.210375 4186.399281 4167.038947 4154.060036 4169.879481 4185.140133 4200.119525 4218.438640 4221.430048 4206.579179 4195.639864 4182.109609 4175.079986 4156.339914 4145.119339 4160.540178 4175.189883 4190.769047 4207.389429 4223.471507 4229.320213 4245.808348 4252.338782 4254.689440 
1048576 4320.310429 4314.169288 4305.409268 4293.689504 4279.589280 4267.780110 4256.779328 4267.139360 4281.580448 4295.729101 4312.170669 4329.459742 4344.178364 4359.209910 4375.489429 4392.320290 4396.880046 4404.971376 4420.550540 4436.690360 4443.408921 4465.470091 4474.680871 4484.161735 4500.009120 4506.930709 4512.069747 4525.380209 4533.000290 4539.739341 4550.598562 4554.668441 4556.689411 4553.090781 4545.351490 4541.110247 4535.971209 4534.469917 4525.288939 4516.581073 4516.489804 4498.200491 4479.499534 4470.920190 4456.400871 4445.450380 4427.848384 4417.758435 4407.871515 4395.360127 4380.429164 4368.610680 4363.639280 4353.879020 4337.958992 4327.230155 4319.230095 4306.599498 4306.189716 4298.560321 4284.849390 4299.040884 4310.639575 4319.280386 
1048576 4336.960614 4334.030673 4322.931170 4319.811240 4316.490144 4305.681214 4296.680912 4273.500293 4266.070202 4248.108715 4262.899980 4280.069843 4295.071587 4311.800003 4329.239950 4347.639158 4352.129996 4335.278645 4324.100912 4309.680313 4303.770140 4316.618666 4332.259297 4349.660128 4366.610199 4383.930936 4392.759874 4414.029419 4419.170320 4424.460232 4436.489195 4440.890625 4443.019629 4439.260811 4428.749904 4426.449537 4426.470026 4407.560453 4389.990121 4379.520193 4366.090521 4350.550473 4339.119419 4321.459681 4306.970164 4290.221259 4272.369668 4253.201187 4253.251478 4239.359871 4223.668948 4211.308435 4210.671410 4229.729995 4240.889102 4255.229607 4269.659519 4284.800962 4292.450845 4306.789488 4313.228652 4319.019616 4329.970106 4335.749894 
1048576 4347.829148 4344.930872 4336.049780 4325.089976 4311.010242 4298.571497 4283.430055 4271.849990 4257.980734 4248.948768 4239.868373 4229.810089 4211.848602 4194.900393 4189.079627 4209.559411 4213.860258 4197.139293 4182.498902 4166.631028 4154.050723 4164.379090 4181.260243 4200.519994 4216.430709 4235.589877 4242.539406 4250.209779 4262.918606 4269.558936 4277.059808 4280.779511 4282.969981 4279.399291 4275.619984 4271.529615 4260.109738 4245.180637 4233.760759 4222.091287 4212.779924 4209.229723 4205.269739 4221.750423 4238.341004 4254.890606 4267.008975 4280.129448 4285.320640 4275.830463 4269.121215 4253.719002 4239.469767 4226.669669 4236.290231 4256.458953 4275.070503 4291.981459 4308.540374 4317.220300 4320.990294 4329.871386 4340.881482 4346.279427 
1048576 4340.689629 4337.519407 4332.069308 4323.089495 4313.530400 4302.779213 4290.999845 4275.469109 4264.609888 4252.789542 4235.161468 4227.951169 4217.140377 4216.279835 4232.158884 4242.209718 4244.191572 4238.979891 4224.179313 4209.680483 4200.300202 4187.628627 4175.020382 4162.570462 4171.390086 4188.600928 4204.219207 4222.160205 4227.360711 4240.319133 4254.009575 4258.999601 4260.910675 4256.971180 4247.250035 4236.299545 4226.708785 4208.989441 4196.790978 4185.559228 4175.201058 4183.260724 4198.499024 4214.931279 4228.860140 4245.299846 4261.620343 4277.901724 4282.960668 4270.261154 4256.140441 4240.320995 4232.419655 4222.230986 4235.990345 4252.368584 4266.740754 4282.290116 4300.260916 4306.389019 4314.741120 4325.669259 4332.840443 4338.588566 
1048576 4408.970475 4405.699670 4396.609962 4386.851564 4372.999072 4359.399900 4340.989515 4328.599200 4320.230335 4319.069907 4336.480051 4351.779819 4367.150366 4381.660372 4398.331046 4415.210336 4426.509142 4440.721124 4455.098882 4471.641034 4492.469132 4507.189617 4514.250904 4522.811621 4540.910944 4549.689591 4554.660991 4565.680400 4573.879763 4581.499845 4590.909928 4596.129060 4597.511142 4594.059661 4586.691037 4582.060501 4577.070475 4575.889558 4565.609619 4561.180249 4560.369998 4540.760070 4524.899647 4512.898624 4493.961111 4486.000165 4468.450323 4458.449781 4448.140040 4437.379539 4434.229806 4434.058443 4419.390112 4407.949746 4397.070035 4385.231063 4374.170676 4368.750378 4352.750257 4370.149225 4378.238693 4390.379414 4401.069134 4407.940432 
1048576 4339.639097 4337.500781 4335.971549 4320.789129 4309.950396 4290.761426 4274.379462 4263.320938 4254.160449 4242.539406 4225.520417 4216.231406 4211.870953 4217.159003 4233.969375 4251.681268 4259.400070 4242.910072 4231.160507 4213.569686 4199.480638 4209.959880 4229.189828 4249.470308 4267.629236 4286.089912 4292.149097 4299.940541 4310.131073 4318.460822 4326.168448 4330.540076 4332.540557 4328.750074 4325.261340 4320.088774 4308.430478 4295.529798 4280.179739 4274.610430 4275.899380 4265.228286 4248.499870 4238.130525 4251.260310 4267.061129 4282.459617 4302.410409 4305.699840 4289.438948 4277.979955 4265.708849 4255.440086 4242.761061 4230.869934 4244.999960 4259.258509 4273.111001 4289.140925 4306.800663 4312.589765 4329.329357 4335.530102 4337.919876 
1048576 4365.941510 4357.850179 4347.538576 4331.210628 4323.299974 4315.089434 4306.709394 4283.299670 4275.089130 4289.280623 4305.379465 4322.869703 4336.940125 4352.670163 4370.169714 4386.400804 4395.039752 4411.179572 4425.579682 4444.111139 4453.789443 4475.580528 4482.010379 4492.739215 4512.358457 4521.179944 4526.451230 4536.001012 4546.210170 4554.079846 4562.420771 4567.179829 4568.569362 4565.440118 4558.969289 4554.441199 4547.480494 4546.388984 4535.410553 4531.938583 4528.120160 4510.650411 4493.879154 4483.258352 4467.120394 4455.149174 4443.250597 4425.130785 4416.780546 4399.919882 4394.769669 4388.369620 4379.829392 4367.168993 4352.239892 4342.960194 4344.008863 4337.409511 4304.960370 4320.200533 4325.559363 4341.119900 4353.500903 4364.619032 
1048576 4283.379763 4280.941561 4278.350621 4273.079336 4258.939996 4244.299605 4226.919264 4208.819941 4205.310717 4187.138751 4181.729630 4181.150347 4152.178764 4160.679877 4176.300019 4192.478955 4196.990281 4182.439297 4170.710221 4156.911746 4142.450169 4128.469154 4109.049216 4122.750834 4139.199853 4154.719412 4167.199135 4182.159901 4189.278930 4177.009687 4186.870530 4200.490192 4202.770069 4190.320149 4177.920520 4161.190242 4149.470478 4134.001210 4122.570157 4109.809175 4114.000127 4127.949476 4147.900268 4164.930433 4177.810624 4190.739244 4206.120968 4223.691300 4227.431491 4212.990403 4204.910249 4193.510860 4185.138270 4170.348868 4184.050485 4202.220589 4216.359928 4229.320213 4244.990647 4250.731319 4264.051095 4272.310063 4278.710112 4281.658679 
1048576 4199.661314 4190.018401 4180.230200 4165.429622 4156.550393 4143.839702 4132.339731 4120.901227 4106.029868 4117.460921 4133.669659 4151.711240 4164.060578 4178.401083 4195.051268 4211.910069 4215.640947 4200.808704 4190.979525 4179.550335 4171.678796 4159.530625 4141.479731 4158.530384 4173.168913 4187.298939 4201.950505 4217.490554 4220.601171 4208.859056 4223.190248 4229.409620 4231.050611 4226.379097 4210.099578 4195.669666 4180.809483 4170.218483 4157.129675 4144.821316 4135.821015 4122.551531 4110.569134 4122.311249 4138.380289 4153.979942 4169.540480 4188.099876 4192.579538 4176.799208 4167.469218 4152.810201 4138.341174 4125.650972 4113.350064 4119.168967 4133.401439 4150.491208 4166.400060 4184.059799 4190.329462 4174.180329 4185.570404 4198.320210 
1048576 4219.640046 4217.520356 4204.310477 4184.529185 4173.640162 4155.268893 4143.469036 4131.469876 4123.330116 4110.870883 4100.389779 4091.029987 4081.320018 4094.690084 4103.180021 4117.799923 4119.779915 4110.300913 4109.708592 4094.090313 4082.400352 4098.940641 4119.109362 4137.340933 4156.000912 4171.099514 4187.170416 4205.880687 4209.620878 4213.619977 4227.411002 4232.291132 4234.209657 4231.069237 4219.429567 4215.339199 4214.989021 4203.800112 4192.750901 4174.031317 4159.970209 4140.570760 4131.589085 4148.250446 4162.820056 4176.380113 4189.981148 4207.329825 4208.300263 4194.870591 4188.679159 4177.490249 4163.190722 4151.709378 4134.349525 4143.338650 4152.219743 4166.999832 4184.048623 4201.371223 4206.089303 4196.509719 4212.480038 4218.179733 
1048576 4239.710048 4224.490374 4209.611565 4194.939509 4181.370139 4169.389606 4158.090800 4146.678373 4140.349105 4126.768559 4114.110023 4106.231034 4120.349884 4136.178643 4151.999950 4168.441519 4173.450172 4158.599302 4146.018997 4131.039605 4122.689366 4110.239446 4127.759486 4142.280668 4157.040268 4172.820598 4188.088700 4196.770489 4211.110994 4217.779264 4223.590717 4227.910191 4229.929298 4226.779565 4224.179313 4220.349714 4208.009690 4197.299480 4178.410396 4168.549553 4159.020260 4152.059555 4168.041050 4184.171557 4196.109250 4212.141037 4226.930439 4243.370146 4246.789962 4234.690219 4224.339500 4211.891443 4202.960059 4190.240055 4177.941009 4193.140194 4207.709804 4221.001640 4237.890244 4249.930382 4252.381623 4245.989025 4234.960303 4237.258807 
1048576 4318.719730 4315.610975 4305.860028 4302.039742 4299.910739 4281.990230 4271.378741 4260.528833 4248.769954 4236.411303 4224.089906 4215.260968 4221.860319 4239.169881 4255.710170 4271.078855 4275.009036 4260.240123 4249.939695 4235.791042 4222.540185 4208.680242 4190.400243 4203.259945 4218.790680 4233.179614 4245.350137 4261.709750 4268.290475 4281.349480 4295.401275 4300.279543 4301.829264 4298.260435 4286.870360 4272.971302 4260.970280 4247.639328 4235.699773 4224.428907 4215.300083 4204.159603 4192.320630 4178.959876 4182.169214 4197.370261 4212.699831 4231.370986 4233.809188 4219.848663 4210.161045 4194.419831 4186.920822 4202.749580 4219.010472 4236.310720 4250.129685 4264.600575 4271.740094 4289.060831 4294.900224 4299.970344 4311.999306 4317.559302 
1048576 4295.408726 4286.371171 4275.890067 4259.839654 4251.580685 4237.789661 4226.289690 4214.130342 4199.499264 4187.610000 4168.888554 4163.669422 4176.948220 4190.579057 4199.590534 4216.721281 4218.939692 4205.930978 4202.529788 4192.611203 4182.111472 4196.139053 4217.419773 4236.970097 4256.190732 4268.430173 4286.870360 4297.530279 4301.391542 4310.470074 4323.109984 4326.429218 4328.828305 4324.940965 4316.080362 4306.739196 4306.729883 4299.540073 4290.658981 4270.410165 4259.310663 4240.838811 4221.368581 4217.920825 4233.639687 4249.639809 4264.550284 4282.740876 4286.380485 4271.199927 4260.938615 4244.439304 4236.930981 4219.369963 4207.029939 4214.638844 4229.670390 4243.560135 4260.990769 4276.439548 4282.699898 4269.389436 4282.420501 4293.309525 
1048576 4322.340712 4320.148379 4315.620288 4308.560863 4297.519103 4279.669374 4262.810573 4251.860082 4242.600873 4230.109975 4228.349775 4222.840071 4198.150709 4181.468859 4178.650677 4196.209833 4199.869931 4185.630009 4173.090681 4162.879661 4151.269794 4134.539515 4123.488441 4140.010104 4153.519869 4169.009626 4183.579236 4201.220348 4206.210375 4220.550880 4229.681566 4233.650863 4234.870896 4232.399166 4227.291793 4216.989502 4201.829433 4190.390930 4178.788513 4163.140431 4155.309871 4167.860374 4188.651219 4205.040634 4221.720621 4235.869274 4249.719903 4265.829921 4268.111661 4255.820066 4246.588796 4236.020148 4226.651043 4210.529849 4215.279594 4232.300445 4241.969436 4256.550223 4275.059327 4284.879193 4300.100729 4310.980439 4315.920174 4320.951179 
1048576 4383.500665 4372.850060 4356.371239 4339.290783 4331.810400 4316.810519 4301.151261 4285.270348 4288.749769 4305.809736 4320.980981 4337.700084 4351.990297 4369.100556 4384.370521 4403.188825 4412.300885 4426.289350 4440.421239 4460.509866 4476.899281 4492.331296 4498.150200 4509.080201 4527.131096 4537.049681 4544.779658 4552.109167 4559.859633 4569.709301 4578.059539 4582.820460 4585.180432 4581.360146 4575.770348 4567.889497 4561.228678 4559.639841 4548.549652 4544.330761 4543.628544 4523.189738 4511.311650 4498.770460 4485.119134 4467.628896 4455.579445 4444.070160 4439.249635 4422.260448 4422.741011 4412.949085 4411.580041 4403.689876 4387.540743 4375.901073 4365.880042 4363.041371 4344.269633 4342.069849 4347.439855 4349.788651 4368.709400 4381.688312 
1048576 4235.690460 4232.160747 4225.520417 4213.320091 4198.990762 4184.819758 4168.359563 4156.580195 4147.799686 4137.160257 4127.250984 4116.589203 4096.908495 4093.399271 4109.889269 4125.950858 4129.780456 4116.181284 4101.138562 4090.148956 4074.720666 4084.780812 4101.909697 4119.340330 4133.140668 4147.330299 4158.388823 4169.909284 4186.561331 4194.378853 4200.000316 4204.720259 4205.958918 4202.859476 4199.709743 4196.759313 4182.150587 4169.071093 4157.159477 4144.340754 4136.689007 4118.660465 4125.079140 4141.919315 4157.729447 4172.639921 4186.250269 4202.930257 4206.208512 4192.540422 4184.680060 4167.979583 4160.419106 4146.520048 4127.250984 4135.409370 4147.740081 4162.158817 4179.520532 4196.640104 4204.859957 4219.789058 4228.470847 4234.259948 
1048576 4280.909896 4276.661202 4274.070263 4259.139299 4251.219332 4232.451320 4220.969975 4208.900034 4199.991003 4202.019423 4218.051210 4233.680665 4248.138517 4264.751449 4280.800000 4296.690226 4302.261397 4287.339747 4272.859544 4259.020090 4251.470789 4239.140078 4222.940654 4240.529612 4253.439605 4269.650206 4284.270108 4303.030670 4306.741059 4292.069003 4303.550348 4313.290119 4315.149039 4306.759685 4295.600578 4284.180701 4275.059327 4257.719964 4242.090508 4230.609164 4221.390933 4208.959639 4198.729992 4181.951284 4190.890118 4206.418991 4223.870113 4242.300987 4244.608805 4231.330007 4217.009991 4201.188684 4199.070856 4184.409976 4172.479734 4194.470122 4200.389609 4213.290289 4230.219871 4247.011617 4251.919687 4265.768453 4273.410887 4279.039800 
1048576 4379.510880 4376.960918 4372.660071 4363.950342 4359.390587 4340.739921 4327.479750 4307.730123 4301.140085 4286.801443 4274.250939 4264.440387 4259.491339 4242.358729 4231.110215 4213.329405 4210.429266 4206.020385 4194.531590 4182.970151 4174.860194 4161.419347 4141.530022 4126.150161 4143.899307 4160.869867 4174.649715 4190.370440 4195.280373 4202.580079 4219.079390 4224.121571 4225.859419 4223.249853 4210.330546 4194.190726 4182.670265 4170.140252 4182.150587 4199.091345 4213.780165 4230.439663 4247.941077 4266.439006 4280.420020 4293.160513 4308.219999 4324.210808 4328.958690 4313.930869 4301.801324 4293.208942 4283.379763 4273.980856 4275.409505 4290.120676 4299.789667 4317.339510 4336.969927 4345.880821 4356.330261 4367.470741 4373.049363 4378.279671 
1048576 4213.938490 4210.639745 4205.120727 4193.101078 4179.010168 4160.720855 4149.660468 4135.468975 4126.779735 4115.190357 4117.820412 4135.228693 4150.239751 4166.310653 4182.498902 4198.761657 4203.239456 4187.839106 4176.469520 4162.210971 4155.760631 4170.330241 4186.948761 4204.390571 4218.239337 4235.800356 4242.710769 4263.449460 4267.839715 4268.901423 4284.430295 4289.450124 4291.009158 4288.010299 4275.919870 4275.469109 4275.999963 4260.338843 4242.500290 4231.279716 4222.389311 4208.490252 4198.361188 4182.370380 4169.190302 4151.970148 4163.898528 4180.090502 4183.430225 4170.689732 4161.830992 4146.151245 4137.089476 4126.759246 4108.229652 4116.911441 4125.181586 4140.630364 4158.150405 4175.180569 4182.968289 4199.290648 4206.471145 4212.221131 
1048576 4365.820438 4362.720996 4352.640361 4347.680137 4345.269874 4333.280027 4322.979599 4310.609773 4300.160334 4287.019372 4271.691665 4261.320457 4250.049591 4231.689498 4219.518974 4202.980548 4209.080711 4189.498723 4178.220406 4166.109487 4162.291065 4148.069769 4165.239632 4181.440920 4193.950444 4207.391292 4222.659394 4230.340943 4241.170362 4250.498489 4257.250577 4260.970280 4263.550043 4259.930924 4257.399589 4249.770194 4239.870235 4226.749763 4207.259044 4189.949483 4182.739183 4179.291427 4198.400304 4212.759435 4228.569567 4244.200885 4260.150716 4277.730361 4281.518981 4267.141223 4253.849387 4241.449758 4234.289750 4248.598590 4264.639691 4282.979295 4295.978695 4312.179983 4320.768639 4337.439314 4342.330620 4346.840084 4358.479753 4363.978282 
1048576 4218.049347 4216.160625 4210.868850 4206.100479 4198.290408 4179.850221 4168.588668 4157.030955 4147.309810 4134.530202 4117.978737 4109.010100 4121.011123 4137.979820 4154.041409 4171.229899 4175.240174 4161.680117 4145.989195 4132.419825 4126.058891 4111.800343 4132.708535 4144.988954 4159.240052 4175.670445 4189.129919 4198.649898 4211.191088 4218.280315 4224.611446 4229.120910 4230.070859 4227.520898 4224.199802 4218.779504 4209.140316 4196.250811 4179.520532 4167.430103 4157.599062 4145.419225 4133.660346 4120.379686 4111.610353 4125.328735 4141.980782 4158.070311 4161.888734 4148.880020 4136.990756 4122.570157 4112.981260 4101.179540 4114.139825 4132.570699 4147.119820 4162.369296 4178.620875 4185.600206 4198.251292 4205.990583 4211.010411 4216.641188 
1048576 4257.710651 4253.860563 4239.238799 4221.899435 4208.100960 4195.690155 4183.519632 4168.590531 4158.999771 4146.048799 4134.140909 4122.070968 4118.639976 4137.238488 4153.121263 4168.780521 4174.659029 4159.640521 4148.328677 4132.250324 4121.920094 4128.839821 4146.100953 4163.499922 4176.151007 4188.129678 4200.039431 4212.249070 4228.120670 4235.669971 4242.600873 4246.059805 4248.559475 4244.899377 4242.939875 4238.789901 4223.270342 4211.580381 4190.290347 4179.188982 4172.939807 4155.758768 4159.940407 4174.420610 4189.129919 4203.349352 4219.669849 4238.000140 4241.541028 4226.330668 4214.650020 4202.580079 4193.538800 4181.969911 4165.800288 4182.050005 4196.429625 4210.799932 4226.360470 4242.010415 4244.050011 4233.060405 4249.179736 4255.499691 
1048576 4238.801077 4235.299304 4231.330007 4228.239879 4214.800894 4202.339798 4190.551117 4177.300259 4166.860133 4154.561087 4136.050120 4126.340151 4123.710096 4126.260057 4143.031314 4156.410694 4162.510857 4152.560607 4137.339070 4134.498537 4146.320745 4170.000553 4181.139171 4200.210795 4217.460752 4231.890664 4248.769954 4264.319316 4268.478602 4275.379702 4288.289696 4292.640835 4294.009879 4290.370271 4280.719906 4274.569452 4271.710292 4264.419898 4256.229848 4235.800356 4221.759737 4201.609641 4182.208329 4171.619192 4154.291004 4145.920277 4160.979763 4177.819937 4181.670025 4166.951403 4155.728966 4142.329097 4132.660106 4120.020196 4140.779376 4153.050482 4167.309031 4181.660712 4198.439419 4205.180332 4219.841212 4226.339981 4231.721163 4237.379879 
1048576 4275.869578 4272.468388 4265.319556 4254.288971 4243.100062 4224.030301 4212.940112 4192.840308 4189.608619 4171.999171 4171.719775 4163.829610 4147.941247 4163.419828 4178.600386 4196.600989 4201.520234 4184.991121 4174.459726 4165.070131 4158.739001 4144.391045 4158.509895 4176.270217 4188.841209 4202.069715 4217.330366 4224.890843 4239.480942 4247.151315 4252.871498 4258.200526 4259.780049 4255.840555 4255.250096 4248.481244 4233.781248 4216.041416 4205.008969 4185.570404 4174.519330 4160.940647 4165.260121 4182.249308 4196.720198 4210.270941 4224.609584 4242.159426 4245.998338 4231.080413 4220.750183 4210.740328 4201.319069 4188.260064 4168.570042 4177.261144 4185.689613 4201.600328 4219.530150 4237.389192 4245.180637 4259.118810 4268.240184 4274.871200 
1048576 4338.629544 4323.421046 4311.159253 4297.601059 4289.228469 4276.309162 4265.459254 4272.069782 4286.419600 4304.939881 4343.599081 4362.748936 4379.341379 4398.500547 4417.560995 4438.260570 4444.789141 4435.380921 4452.269524 4472.199827 4480.879754 4499.979317 4514.699802 4526.291043 4531.919956 4540.238529 4551.369697 4559.310153 4567.598924 4577.020183 4585.940391 4590.069875 4591.681063 4588.820040 4582.719877 4575.219005 4571.249709 4569.459707 4561.180249 4540.311173 4534.110427 4516.910762 4505.649209 4496.298730 4488.160834 4469.549283 4457.250237 4446.029663 4431.810230 4424.700513 4401.730374 4401.059821 4402.359948 4388.740286 4371.389747 4359.439015 4357.080907 4334.799945 4324.039444 4325.481132 4330.450669 4315.869883 4319.099709 4336.619750 
1048576 4299.189895 4296.209663 4291.299731 4282.590002 4268.910736 4256.229848 4241.378978 4220.880568 4212.981090 4197.498783 4186.660051 4186.579958 4164.919257 4181.239754 4195.550457 4204.569384 4209.309816 4204.299301 4194.609821 4177.488387 4169.560969 4155.149683 4156.518728 4171.321169 4174.809903 4191.201180 4208.801314 4225.740209 4239.149392 4253.350198 4258.999601 4264.298826 4265.630618 4262.520000 4259.521142 4248.820245 4232.279956 4214.990884 4195.030779 4179.060459 4173.789173 4152.199253 4160.819575 4176.519811 4193.399101 4206.659272 4219.729453 4237.411544 4241.470248 4227.869213 4220.308736 4208.931699 4198.860377 4181.640223 4195.431247 4216.209054 4230.570048 4244.999960 4260.309041 4265.960306 4276.150838 4285.851493 4292.400554 4297.768697 
1048576 4231.330007 4227.809608 4224.820063 4216.030240 4207.050428 4194.231704 4183.569923 4171.989858 4157.630727 4147.989675 4132.580012 4126.850516 4105.610773 4094.300792 4086.000845 4099.700600 4105.998203 4092.780873 4090.299830 4115.220159 4127.111286 4145.529121 4154.218361 4170.160741 4178.371280 4185.298458 4195.140675 4206.370562 4211.900756 4221.381620 4231.499508 4235.718399 4238.259047 4234.720021 4227.759317 4219.979048 4215.849563 4213.970155 4202.900454 4192.760214 4188.660532 4181.869328 4174.130037 4165.029153 4128.659144 4138.370976 4154.119641 4172.090441 4177.309573 4162.350670 4148.390144 4134.899005 4125.650972 4111.981019 4126.960412 4143.349826 4157.798365 4173.669964 4190.789536 4197.940230 4207.750782 4217.918962 4224.099219 4229.931161 
1048576 4358.708858 4356.069490 4347.749054 4332.169890 4321.260378 4306.368530 4287.609830 4275.599495 4268.359393 4259.580746 4250.790924 4242.569208 4219.008610 4201.998934 4185.639322 4191.938788 4193.920642 4191.150889 4178.930074 4163.829610 4155.589268 4137.340933 4126.569256 4115.460441 4113.670439 4132.119939 4146.339372 4164.589569 4171.200097 4181.850702 4195.408896 4201.889038 4203.790799 4198.389128 4188.129678 4177.389666 4171.600565 4158.759490 4160.681739 4176.029935 4181.250930 4194.181412 4212.599248 4228.990525 4246.629775 4264.710471 4283.860326 4305.619746 4309.859127 4293.249920 4278.089851 4261.119291 4250.600934 4232.160747 4242.958501 4262.659699 4279.969260 4297.660664 4316.849634 4326.259717 4331.210628 4343.161359 4351.969808 4357.429221 
1048576 4318.060353 4314.269871 4301.639274 4282.020032 4268.368706 4257.520661 4243.280739 4231.670871 4222.311080 4209.190607 4197.889939 4189.830273 4172.461107 4167.290404 4154.799506 4150.658846 4156.740382 4139.529541 4127.899185 4115.169868 4120.811820 4149.790853 4161.600024 4180.179909 4194.980487 4204.669967 4211.740568 4228.981212 4233.619198 4238.050431 4251.820967 4256.598651 4258.930683 4254.329950 4244.638607 4239.689559 4236.780107 4225.619137 4214.631394 4203.239456 4198.798910 4211.040214 4226.449877 4245.569929 4260.871559 4273.749888 4287.699237 4304.369912 4306.800663 4293.359816 4285.300151 4273.759201 4262.590781 4246.739671 4231.000319 4237.718880 4250.289872 4265.150055 4281.649366 4298.890010 4303.438589 4293.348640 4309.650511 4316.030070 
1048576 4306.478426 4292.020574 4280.740395 4267.809913 4258.621484 4245.528951 4235.720262 4224.980250 4215.721041 4198.379815 4187.189043 4167.899489 4160.139710 4162.969068 4177.009687 4193.458706 4197.660834 4182.239994 4172.479734 4157.749936 4149.530083 4136.320204 4121.260718 4127.219319 4139.490426 4156.170413 4171.459004 4189.850762 4193.920642 4182.919860 4198.919982 4205.660895 4206.890240 4201.959819 4189.489409 4172.839224 4166.251048 4169.689491 4187.040031 4197.539762 4211.489111 4226.800054 4242.589697 4260.038957 4276.989028 4291.269928 4308.950156 4318.529740 4319.589585 4318.049178 4305.159673 4289.800301 4281.820729 4263.289273 4252.120852 4232.900217 4239.860922 4257.250577 4274.111241 4293.749109 4299.590364 4282.880574 4287.960008 4305.299371 
1048576 4452.349618 4449.678585 4437.468946 4433.689639 4432.570189 4419.788718 4408.529028 4389.550537 4382.159561 4368.070513 4357.218742 4346.869886 4329.429939 4318.740219 4301.328212 4292.290658 4289.260134 4274.390638 4263.930023 4249.511287 4234.749824 4231.860861 4216.270521 4198.260605 4195.889458 4211.200401 4229.681566 4247.950390 4254.810512 4265.949130 4279.810935 4291.521385 4294.030368 4282.779992 4272.690043 4261.359572 4250.459373 4241.980612 4226.839170 4235.070199 4249.420017 4265.990108 4283.498973 4299.020395 4314.070567 4328.800365 4345.370457 4362.570122 4366.790876 4351.500422 4340.259358 4327.120259 4320.198670 4335.489124 4350.580275 4367.999732 4381.259903 4397.049546 4404.891282 4425.680265 4430.230707 4432.460293 4445.299506 4450.690001 
1048576 4347.829148 4332.900047 4319.200292 4306.759685 4298.901185 4286.970943 4275.869578 4263.568670 4255.648702 4236.910492 4226.300865 4210.559651 4200.421274 4201.050848 4214.819521 4231.279716 4235.189408 4220.860079 4210.690036 4195.138812 4186.209291 4172.539338 4161.929712 4175.938666 4190.780222 4205.429927 4220.180213 4238.000140 4242.759198 4259.280860 4265.539348 4270.648584 4272.259772 4269.029945 4265.639931 4250.850528 4241.490737 4235.120490 4222.851247 4214.460030 4221.420735 4235.429689 4251.779988 4268.368706 4284.949973 4300.789908 4317.328334 4338.379949 4342.960194 4325.879738 4313.949496 4302.309826 4286.561161 4273.559898 4258.640110 4265.710711 4280.708730 4297.249019 4315.579310 4334.211349 4342.040047 4325.380549 4328.159615 4346.201196 
1048576 4290.739074 4287.978634 4279.790446 4268.240184 4254.098982 4244.199023 4248.758778 4263.348877 4276.581109 4292.979836 4308.968782 4326.999187 4342.490807 4356.428981 4371.119663 4388.110712 4392.329603 4377.080128 4366.949201 4372.289404 4383.739084 4397.129640 4412.429407 4425.620660 4439.840093 4448.279738 4466.939718 4476.230592 4480.268806 4488.850012 4501.709715 4505.429417 4507.360980 4504.458979 4495.710135 4484.789446 4484.608769 4483.290017 4462.780431 4446.711391 4439.320415 4425.849766 4414.031282 4402.469844 4394.389689 4375.750199 4363.499582 4352.718592 4343.189299 4325.790331 4316.780716 4315.581173 4304.509610 4291.880876 4275.809973 4265.690222 4255.849868 4241.490737 4234.079272 4250.919446 4258.090630 4274.399951 4283.100367 4289.699718 
1048576 4328.541458 4325.170070 4320.168868 4312.969744 4305.919632 4299.588501 4289.699718 4278.620705 4262.439907 4243.129864 4225.429147 4209.039733 4198.580980 4182.949662 4198.949784 4215.380177 4220.109433 4205.649719 4189.919680 4179.738462 4169.709980 4157.830030 4176.720977 4190.420732 4203.360528 4218.580201 4234.779626 4243.630916 4254.929721 4262.728617 4269.970581 4274.139181 4276.370630 4272.568971 4268.940538 4264.589399 4255.089909 4241.799936 4224.199802 4214.059561 4203.770310 4191.260785 4180.150107 4191.990942 4201.231524 4215.160385 4230.210558 4248.389974 4254.670814 4238.350317 4222.819582 4213.770851 4215.748981 4200.100899 4221.299663 4241.090268 4259.981215 4279.209301 4288.438708 4296.779633 4306.370392 4313.891754 4321.370274 4327.030852 
1048576 4223.808646 4220.960662 4204.520956 4186.540842 4173.120484 4160.109907 4148.591310 4132.991657 4124.039784 4131.389782 4146.540537 4158.500582 4167.860374 4182.929173 4199.909046 4218.190908 4224.240780 4206.649959 4188.101739 4180.280492 4182.578996 4166.109487 4154.048860 4178.300500 4186.190665 4195.461050 4208.920524 4226.230085 4232.499748 4254.210740 4261.139780 4265.001044 4266.539589 4263.158888 4260.370508 4239.989445 4223.201424 4205.999896 4186.708480 4176.549613 4167.160019 4152.920097 4141.749814 4150.880501 4167.959094 4181.221128 4194.870591 4210.880026 4212.720320 4201.339558 4194.170237 4182.970151 4166.230559 4156.390205 4136.729985 4146.991298 4156.149924 4170.009866 4187.779501 4204.779863 4209.028557 4198.750481 4217.050970 4222.590476 
1048576 4294.071347 4291.089252 4274.688661 4257.950932 4249.460995 4234.710708 4224.339500 4215.760157 4203.099757 4213.199019 4231.678322 4249.680787 4264.460877 4276.890308 4288.280383 4303.310066 4306.429997 4292.460158 4290.301353 4281.369969 4267.059267 4253.048450 4270.780832 4290.040582 4307.130352 4329.290241 4339.609295 4362.519830 4365.999252 4369.080067 4383.750260 4388.261586 4390.368238 4386.669025 4375.619814 4372.788593 4372.259602 4354.810342 4342.829809 4316.838458 4311.809316 4293.071106 4276.579246 4265.360534 4246.730357 4250.438884 4264.520481 4280.868918 4282.580689 4270.600155 4261.361435 4248.218611 4234.060645 4220.509902 4208.119586 4213.200882 4226.669669 4241.948947 4258.340225 4274.681211 4278.879613 4268.109798 4286.341369 4292.730242 
1048576 4643.701017 4641.639069 4631.560296 4627.268761 4624.478519 4622.111097 4611.840472 4604.520276 4604.009911 4582.529888 4565.410316 4559.779540 4551.960155 4538.670182 4520.170391 4503.369331 4487.570375 4480.428994 4469.061270 4458.371550 4459.740594 4445.530474 4427.060485 4416.599870 4407.120869 4398.480058 4389.479756 4385.439679 4387.600347 4372.589290 4365.829751 4377.769306 4380.110651 4364.669323 4347.240552 4333.019257 4317.989573 4304.789007 4318.550229 4332.970828 4351.239651 4367.630929 4381.738603 4398.239776 4411.460832 4429.839551 4448.100924 4464.158788 4474.751651 4489.330575 4504.781216 4519.339651 4524.828866 4542.220384 4557.350650 4570.290446 4587.361589 4593.579099 4601.059482 4614.019766 4620.470107 4627.419636 4637.140781 4643.119872 
1048576 4456.819966 4453.819245 4443.349317 4431.029782 4432.041198 4429.791123 4417.579621 4396.790639 4390.690476 4376.798868 4361.700267 4358.131438 4339.100793 4327.390343 4310.600460 4300.190136 4285.490140 4276.370630 4266.450182 4251.480103 4238.070920 4226.401448 4209.099337 4199.840128 4184.409976 4174.970090 4167.620093 4180.688411 4189.699888 4205.228761 4218.228161 4231.229424 4233.200103 4220.379516 4212.150350 4200.290889 4191.169515 4179.108888 4199.169576 4212.768748 4227.090627 4242.001101 4258.150235 4275.150597 4289.980978 4304.969683 4320.289940 4337.549210 4342.349246 4327.069968 4318.371415 4320.031032 4329.899326 4348.620772 4359.709099 4374.330863 4388.360307 4396.799952 4416.828975 4427.419975 4431.910813 4437.889904 4449.749365 4455.121234 
1048576 4202.540964 4193.618894 4181.768745 4172.610119 4161.700606 4144.340754 4126.850516 4110.760987 4119.651392 4135.910422 4152.659327 4168.750718 4183.061421 4196.790978 4212.180153 4228.709266 4233.170301 4218.209535 4205.638543 4194.648936 4185.859114 4175.230861 4154.641181 4164.138809 4174.361005 4189.329222 4207.368940 4224.751145 4232.339561 4245.750606 4256.969318 4261.689261 4262.859002 4259.670153 4251.470789 4241.289571 4231.428728 4214.009270 4201.788455 4185.270518 4175.100476 4163.479432 4147.360101 4149.639979 4168.558866 4185.501486 4202.319309 4218.610004 4222.430289 4211.939871 4198.681563 4180.639982 4165.209830 4148.410633 4133.969545 4153.208807 4170.060158 4185.259342 4203.630611 4218.149930 4222.849384 4211.550578 4199.489951 4201.130942 
1048576 4294.609651 4291.551188 4288.280383 4276.148975 4259.800538 4246.940836 4236.359149 4235.038534 4218.610004 4200.149328 4200.831056 4218.470305 4232.451320 4247.650504 4263.488576 4281.280562 4285.208881 4270.799458 4259.379581 4262.110218 4276.270047 4294.259474 4301.499575 4316.760227 4331.639037 4339.380190 4355.920479 4368.409514 4372.199997 4377.400503 4390.539601 4395.760596 4397.399724 4393.748939 4384.700209 4375.169054 4374.200478 4368.249327 4356.620833 4344.919696 4333.440214 4318.689927 4306.590185 4294.568673 4276.681691 4268.240184 4254.050553 4243.159667 4240.909591 4229.810089 4216.119647 4203.179851 4184.778780 4182.409495 4182.510078 4193.440080 4212.548956 4224.829376 4240.550101 4253.719002 4265.600815 4282.020032 4288.289696 4293.719307 
1048576 4592.578858 4590.379074 4582.669586 4575.381055 4573.319107 4570.771009 4562.070593 4552.459344 4551.289603 4535.919055 4518.968984 4506.390542 4491.630942 4484.858364 4472.460598 4457.239062 4440.261051 4439.439625 4437.720403 4434.499890 4431.551322 4423.528910 4415.860400 4404.708743 4389.820620 4380.151629 4364.190623 4348.780960 4354.439676 4344.349727 4366.351292 4374.369979 4376.569763 4369.508475 4350.179806 4333.280027 4321.169108 4302.669317 4293.279722 4304.280505 4320.880398 4336.230457 4351.301119 4367.040470 4384.128377 4399.539903 4415.070638 4431.659356 4435.580224 4444.688559 4460.999742 4475.709051 4488.039762 4508.581012 4515.018314 4523.040727 4537.088796 4543.859512 4550.989717 4561.008886 4569.469020 4577.411339 4586.640745 4591.800272 
1048576 4183.409736 4178.460687 4165.539518 4148.779437 4140.589386 4128.729925 4114.350304 4103.278741 4097.159952 4076.398909 4078.440368 4094.880074 4110.340029 4125.978798 4143.590108 4164.019600 4167.469218 4150.340334 4138.000309 4122.879356 4116.060212 4098.689184 4081.578925 4091.380164 4107.050598 4124.039784 4139.689729 4155.799747 4162.669182 4149.500281 4154.659808 4170.481116 4172.518849 4157.710820 4142.660648 4131.900147 4121.631384 4110.880196 4098.491743 4087.008536 4079.278558 4074.480385 4091.350362 4107.570276 4124.339670 4139.009863 4153.599963 4170.769826 4173.530266 4161.149263 4148.410633 4135.979339 4124.740139 4111.409187 4092.549905 4102.520645 4117.740318 4132.060334 4148.909822 4165.260121 4169.359803 4159.159958 4174.239933 4182.239994 
1048576 4231.341183 4220.020026 4209.740087 4196.699709 4191.040993 4178.710282 4181.290045 4195.680842 4202.701151 4218.379036 4236.070439 4253.670573 4268.551245 4283.899441 4298.800603 4316.939041 4320.979118 4305.711016 4294.270650 4283.459857 4269.009456 4255.250096 4240.550101 4247.009754 4260.800779 4277.359694 4293.080419 4310.138524 4316.529259 4301.849753 4314.640537 4326.390103 4328.319803 4317.650571 4306.990653 4291.301593 4279.488698 4268.819466 4256.639630 4244.010895 4236.569628 4218.598828 4208.300263 4192.480817 4178.499803 4184.531048 4201.719537 4219.099879 4223.920405 4208.760336 4197.729751 4182.210192 4172.759131 4156.269133 4143.700004 4149.870947 4164.289683 4181.059077 4197.528586 4215.050489 4221.489653 4205.690697 4215.840250 4229.750484 
1048576 4288.880154 4286.579788 4282.379523 4270.400852 4253.480583 4242.081195 4230.670631 4215.400666 4205.949605 4192.311317 4179.820418 4169.609398 4159.448668 4140.259698 4146.739841 4164.449871 4170.561209 4155.870527 4143.299535 4139.550030 4146.039486 4169.110209 4181.150347 4200.059921 4216.410220 4224.399105 4231.080413 4239.989445 4249.799997 4258.170724 4266.818985 4272.019491 4273.300990 4269.769415 4263.261333 4257.690161 4253.840074 4240.160808 4225.840792 4212.720320 4204.330966 4193.790257 4192.329943 4186.790437 4202.399403 4217.350855 4234.200343 4250.731319 4254.030064 4239.909351 4229.441285 4217.708483 4207.670689 4194.200039 4177.160561 4193.359986 4208.199680 4223.750904 4240.030423 4254.441708 4260.340706 4276.080057 4283.109680 4288.090393 
1048576 4277.950153 4275.059327 4271.890968 4259.750247 4243.940115 4233.879969 4216.181114 4205.361009 4195.980728 4185.700789 4166.759551 4158.599302 4141.541198 4133.649170 4124.989733 4140.449688 4143.940285 4131.400958 4119.088873 4108.298570 4098.050296 4103.630781 4120.720550 4135.010764 4149.209708 4164.729267 4176.100716 4190.349951 4202.328622 4207.581282 4217.721522 4221.979529 4223.769531 4220.111296 4214.590415 4211.038351 4203.060642 4192.329943 4174.919799 4162.948579 4148.960114 4140.919074 4158.031195 4172.930494 4189.981148 4204.720259 4220.640287 4238.329828 4242.150113 4226.800054 4217.050970 4199.659452 4192.760214 4178.810865 4166.331142 4183.389246 4194.959998 4210.310057 4227.360711 4243.049771 4248.660058 4264.859483 4270.769656 4276.100546 
1048576 4305.981100 4303.660244 4297.301173 4286.201671 4276.540130 4258.191213 4247.710109 4234.729335 4224.870354 4211.379215 4196.010530 4187.731072 4177.458584 4161.000252 4149.550572 4134.899005 4136.040807 4125.030711 4123.760387 4132.509232 4154.341295 4171.900451 4186.380655 4202.648997 4208.730534 4214.130342 4226.630554 4236.549139 4241.960123 4251.770675 4263.030365 4267.130047 4268.210381 4264.919087 4256.749526 4249.889404 4246.549681 4241.529852 4229.679704 4217.740148 4209.250212 4198.979586 4194.051027 4202.948883 4218.989983 4234.809428 4250.818864 4268.299788 4270.978272 4257.459193 4246.229306 4232.469946 4223.519936 4209.879786 4195.440561 4212.209955 4225.879908 4239.749163 4257.330671 4272.440448 4277.409986 4291.269928 4300.270230 4305.249080 
1048576 4238.890484 4234.990105 4219.390452 4206.709564 4190.929234 4177.600145 4166.929051 4150.990397 4143.970087 4130.870104 4113.720730 4104.129970 4094.740376 4092.330113 4106.869921 4125.500098 4129.691049 4114.151001 4103.789106 4088.759422 4081.359133 4097.890109 4113.800824 4132.211208 4145.080224 4161.080346 4168.240353 4188.701510 4193.019122 4195.109010 4210.880026 4215.789959 4217.488691 4213.999957 4201.700911 4198.340699 4198.269919 4180.241376 4168.210551 4156.019539 4144.709557 4133.300856 4140.889272 4155.760631 4170.820117 4185.870290 4201.048985 4218.598828 4222.650081 4208.991304 4197.189584 4184.210673 4175.968468 4162.190482 4147.849977 4163.850099 4178.149626 4192.650318 4209.250212 4224.440083 4226.138815 4214.709625 4230.448976 4236.700013 
1048576 4224.440083 4221.670330 4210.939631 4199.720919 4190.569744 4176.000133 4164.239392 4149.090499 4139.581695 4127.720371 4115.710035 4099.730402 4090.199247 4100.129008 4111.198708 4127.699882 4132.898524 4120.180383 4111.249000 4101.749510 4087.390378 4098.489881 4119.638354 4138.128832 4153.151065 4168.780521 4175.240174 4182.679579 4193.028435 4201.680422 4210.330546 4214.050248 4215.490073 4212.340340 4206.798971 4202.278331 4192.888737 4179.760814 4167.418927 4155.529663 4146.149382 4143.761471 4137.398675 4128.439352 4144.519567 4160.139710 4175.830632 4193.909466 4197.239876 4182.569683 4172.019660 4155.550152 4147.460684 4134.571180 4118.530080 4123.771563 4137.869924 4152.851179 4170.669243 4186.959937 4193.389788 4204.610363 4217.021167 4223.270342 
1048576 4337.418824 4335.248843 4330.208525 4323.858768 4316.149279 4302.460700 4290.979356 4271.840677 4263.030365 4249.699414 4237.450659 4225.678742 4210.429266 4220.420495 4235.878587 4252.400249 4256.149754 4242.150113 4230.439663 4221.579060 4213.500768 4200.881347 4181.599244 4199.000075 4214.761779 4229.780287 4243.310541 4259.550944 4262.501374 4279.419780 4286.969081 4290.970042 4293.071106 4289.571196 4285.799339 4269.029945 4254.400730 4241.460934 4223.279655 4212.899134 4206.169397 4192.229360 4199.029878 4213.089123 4228.280857 4243.459553 4260.759801 4277.620465 4280.488938 4267.498851 4253.569990 4240.119830 4230.650142 4220.528528 4235.798493 4250.880331 4264.840856 4280.649126 4297.530279 4304.381087 4316.879436 4325.170070 4330.590367 4335.779697 
1048576 4317.060113 4313.750193 4309.359938 4293.140024 4279.311746 4264.850169 4254.149273 4241.948947 4231.819883 4222.089425 4203.969613 4192.100838 4177.229479 4160.040990 4151.560366 4136.860371 4139.469936 4131.991416 4120.690748 4097.409546 4114.238545 4123.831168 4129.540175 4146.870226 4163.980484 4181.560129 4195.649177 4218.481481 4223.009571 4227.580503 4240.879789 4245.460033 4247.600213 4243.589938 4233.241081 4229.100421 4225.660115 4212.329164 4192.890599 4177.698866 4175.830632 4188.628867 4204.349592 4220.688716 4238.899797 4253.679886 4267.601296 4283.299670 4287.451506 4274.789244 4263.630137 4251.519218 4237.569869 4228.759557 4209.779203 4218.310118 4230.419174 4243.979231 4260.089248 4276.439548 4284.499213 4301.739857 4310.350865 4315.199330 
1048576 4241.609946 4237.800837 4224.689677 4207.789898 4197.180271 4183.450714 4168.691114 4156.941548 4145.588726 4132.721573 4121.091217 4132.870585 4147.030413 4161.478952 4177.240655 4194.980487 4199.178889 4183.590412 4170.879722 4160.080105 4149.679095 4143.821076 4124.639556 4130.309448 4140.609875 4157.209769 4173.230380 4191.100597 4197.619855 4181.489348 4193.948582 4205.210134 4206.808284 4197.658971 4185.589030 4174.700007 4164.678976 4146.918654 4134.310409 4115.119576 4112.999886 4127.349705 4144.160077 4158.930853 4175.309092 4190.439358 4206.199199 4224.900156 4228.290170 4213.299602 4201.160744 4189.299420 4178.751260 4168.070853 4151.860252 4168.130457 4182.659090 4196.360707 4212.910309 4228.329286 4231.600091 4219.759256 4233.630374 4240.579903 
1048576 4227.550700 4224.490374 4219.720140 4202.479497 4191.819578 4173.159599 4157.761112 4147.890955 4138.689488 4130.911082 4129.759967 4140.390083 4155.639559 4170.510918 4185.739905 4204.470664 4208.350554 4192.730412 4182.498902 4168.180749 4160.121083 4145.920277 4130.840302 4145.730287 4159.780219 4176.249728 4191.251472 4207.739606 4211.440682 4198.009148 4213.830456 4220.059142 4222.279415 4216.538742 4204.070196 4192.000255 4180.369899 4163.770005 4151.610658 4139.268771 4129.098728 4116.259515 4116.419703 4134.859890 4151.370376 4164.550453 4179.339856 4193.961620 4197.699949 4186.689854 4177.510738 4165.988415 4151.519388 4138.220102 4117.831588 4131.078720 4141.990095 4154.840484 4171.259701 4187.511280 4194.090143 4212.560132 4220.509902 4226.230085 
1048576 4282.068461 4274.299368 4261.869937 4250.969738 4241.360351 4228.889942 4213.640466 4197.761416 4186.410457 4170.289263 4151.850939 4155.078903 4170.300439 4184.538499 4197.580740 4214.690998 4220.601171 4207.110032 4196.390510 4185.799509 4174.869508 4185.309634 4204.440862 4223.259166 4237.219691 4252.580926 4257.310182 4265.408963 4277.599975 4284.560680 4292.448983 4296.559840 4298.040643 4295.580089 4290.560260 4286.499694 4276.890308 4266.249016 4248.561338 4240.220413 4231.100902 4220.608622 4219.830036 4206.839949 4216.989502 4233.021289 4247.900099 4265.250638 4270.110279 4256.190732 4241.909832 4230.510443 4216.751084 4202.909768 4193.460569 4208.380356 4221.459851 4235.731438 4254.300147 4270.279780 4274.940118 4260.480404 4269.750789 4281.369969 
1048576 4362.009466 4358.379170 4351.170734 4338.288680 4328.539595 4317.529500 4302.989691 4283.370450 4275.660962 4264.108837 4249.598831 4240.458831 4232.009873 4213.990644 4204.409197 4197.821021 4204.688594 4188.958555 4173.969850 4159.908742 4154.380411 4141.710699 4133.710638 4148.239270 4155.728966 4170.490429 4188.369960 4208.659753 4217.399284 4238.538444 4244.940355 4249.310121 4251.038656 4247.419536 4244.199023 4225.609824 4207.639024 4195.820540 4189.800471 4199.771211 4211.058840 4227.129743 4242.639989 4258.111119 4275.029525 4291.599616 4306.688905 4323.419183 4328.120500 4315.201193 4301.330075 4286.039621 4277.160391 4266.710952 4251.280800 4269.300029 4279.809073 4294.889048 4312.090576 4328.479990 4332.939163 4344.040528 4354.750738 4360.390827 
1048576 4347.190261 4344.839603 4331.560805 4321.189597 4317.449406 4299.050197 4288.239405 4274.629056 4258.731380 4243.660718 4233.069718 4215.130582 4203.861579 4185.568541 4195.500165 4212.958738 4217.170179 4201.389849 4186.229780 4175.409675 4165.550694 4158.459604 4153.240472 4146.559164 4157.669842 4174.949601 4190.839827 4208.501428 4214.270040 4199.959338 4211.490974 4222.840071 4224.600270 4214.849323 4204.010591 4193.579778 4187.809303 4170.378670 4172.809422 4193.240777 4206.789657 4224.071279 4239.270464 4253.840074 4267.189652 4281.468689 4298.230633 4316.311330 4320.919514 4305.811599 4288.969561 4278.859124 4271.609709 4265.749827 4249.099642 4251.031205 4259.370267 4276.270047 4295.101389 4312.360659 4319.250584 4326.110706 4340.339452 4346.000031 
1048576 4246.959463 4232.021049 4219.749942 4208.249971 4198.329523 4186.559469 4175.059497 4162.499681 4158.399999 4171.621054 4189.418629 4206.148908 4220.219329 4238.190129 4254.831001 4271.419719 4275.651649 4261.080176 4249.669611 4234.869033 4223.639145 4229.381680 4248.348996 4264.758900 4279.220477 4291.350022 4302.488640 4314.379767 4330.459982 4338.318482 4345.430061 4346.430302 4348.261282 4346.849397 4345.109686 4340.160638 4325.179383 4312.749952 4296.479747 4285.590723 4275.400192 4263.900220 4252.819344 4242.200404 4233.010113 4214.109853 4216.389731 4237.079993 4241.479561 4225.589335 4213.310778 4201.259464 4186.939448 4173.008725 4155.160859 4164.429381 4180.910066 4196.031019 4215.789959 4232.009873 4239.730537 4224.039614 4227.049649 4245.251417 
1048576 4270.849749 4267.569631 4252.409562 4240.460694 4226.468503 4214.189947 4202.019423 4188.979045 4181.709141 4163.680598 4165.619612 4180.850461 4194.309935 4208.790138 4225.621000 4244.038835 4249.120131 4232.220352 4220.981151 4206.569865 4195.788875 4183.579236 4171.319306 4174.590111 4187.509418 4204.940051 4220.770672 4239.918664 4246.579483 4252.929240 4269.881174 4274.429753 4276.160151 4271.740094 4260.160029 4250.340164 4240.190610 4229.009151 4218.259826 4200.130701 4192.410037 4175.869748 4178.989679 4195.619375 4212.640226 4227.040336 4241.339862 4258.958623 4261.448979 4248.330370 4236.331210 4224.598408 4214.640707 4200.208932 4183.029756 4190.439358 4205.599427 4219.470546 4235.610366 4253.510386 4256.840795 4246.899858 4262.709990 4269.808531 
1048576 4670.560360 4667.399451 4662.329331 4656.158388 4650.000483 4647.539929 4636.859521 4631.489515 4630.580544 4610.000178 4598.191008 4597.268999 4574.649036 4556.819797 4546.269774 4528.351128 4523.629323 4513.360560 4512.349144 4511.820152 4512.758926 4502.490163 4490.811378 4472.309723 4464.179277 4449.710250 4437.349737 4434.410483 4437.871277 4428.369924 4417.179152 4403.561354 4395.339638 4387.520254 4368.741065 4358.859733 4342.529923 4335.759208 4349.069670 4362.259060 4377.570003 4394.581541 4409.879446 4424.819723 4438.679665 4456.261173 4473.470151 4490.818828 4498.079419 4515.519366 4530.709237 4546.999931 4560.349509 4573.110491 4584.399983 4596.199840 4615.850747 4624.171183 4631.349817 4637.420177 4648.949951 4657.538608 4663.400352 4669.470713 
1048576 4384.469241 4381.181672 4375.470802 4363.259301 4348.730668 4330.620170 4319.479689 4307.879135 4295.408726 4284.270108 4273.930565 4264.870659 4247.579724 4237.940535 4235.910252 4251.560196 4253.590479 4240.879789 4238.478839 4228.230566 4214.629531 4199.851304 4219.708964 4238.519818 4255.531356 4276.270047 4288.790748 4306.979477 4313.718528 4319.580272 4331.909120 4335.520789 4338.169470 4334.200174 4326.010123 4322.540015 4319.760948 4302.620888 4290.780053 4266.560078 4259.169102 4258.200526 4274.440929 4290.429875 4306.599498 4320.319742 4333.950579 4350.429401 4354.480654 4340.510815 4333.451390 4318.319261 4309.259355 4296.980798 4277.490079 4286.529496 4295.898601 4310.438409 4327.839240 4344.411194 4353.489727 4368.839785 4376.851022 4382.601008 
1048576 4334.859550 4331.899807 4321.219400 4318.229854 4314.139485 4302.319139 4291.310906 4277.961329 4265.870899 4251.889884 4240.211099 4229.249433 4219.489172 4207.130522 4189.930856 4198.880866 4202.609882 4187.000915 4174.429923 4164.969549 4151.191562 4140.699282 4122.450948 4131.471738 4144.631326 4159.819335 4176.439717 4193.909466 4200.179130 4211.120307 4224.790260 4228.539765 4230.070859 4227.779806 4216.790199 4207.899794 4195.738584 4184.830934 4169.490188 4158.468917 4150.411114 4150.589928 4168.501124 4183.320329 4199.219868 4214.730114 4230.938852 4247.959703 4252.271727 4238.350317 4224.309698 4213.459790 4203.438759 4224.330187 4235.468805 4252.441227 4267.010838 4282.210022 4290.210083 4305.681214 4311.420023 4315.949976 4328.301176 4333.078861 
1048576 4354.020581 4350.319505 4345.729947 4344.670102 4329.890013 4315.858707 4298.139364 4289.928824 4275.439307 4269.350320 4268.530756 4248.160869 4230.098799 4213.141277 4224.488512 4243.250936 4246.870056 4231.419414 4220.830277 4209.980369 4205.439240 4191.210493 4204.729572 4222.240299 4235.679284 4249.479622 4263.430834 4269.549623 4285.220057 4293.229431 4300.361499 4302.760586 4304.580390 4302.101210 4298.569635 4294.650629 4280.081019 4267.290235 4250.951111 4234.440625 4223.041236 4207.780585 4195.839167 4205.560312 4222.910851 4240.861163 4260.320216 4279.740155 4284.679890 4268.391058 4254.689440 4238.860682 4224.479198 4233.641550 4252.780229 4271.520302 4289.509729 4304.409027 4314.418882 4320.010543 4334.310070 4340.060055 4346.219823 4352.139309 
1048576 4284.258932 4282.360896 4278.449342 4275.329411 4267.429933 4247.959703 4231.110215 4215.519875 4208.359867 4194.911569 4189.379513 4188.479856 4168.769345 4178.410396 4196.619615 4213.649780 4217.088223 4202.708602 4187.360406 4194.639623 4201.630130 4218.459129 4230.810329 4250.461236 4264.671355 4273.969680 4293.641075 4305.290058 4309.089854 4314.379767 4328.200594 4333.179444 4334.479570 4330.620170 4320.550710 4309.030250 4308.151081 4307.080060 4294.240847 4281.779751 4266.500473 4251.869395 4235.889763 4218.179733 4207.950085 4190.271720 4207.270220 4224.671051 4228.278995 4213.638604 4199.339077 4187.630489 4182.679579 4171.429202 4190.061241 4202.799872 4214.910790 4228.390753 4245.650023 4252.761602 4267.089069 4273.509607 4278.639331 4283.571616 
1048576 4317.671061 4314.430058 4302.019253 4299.869761 4300.519824 4283.679649 4266.219214 4249.861464 4242.250696 4230.100662 4219.120368 4209.600389 4200.499505 4183.359444 4163.969308 4158.331081 4163.479432 4147.570580 4144.890234 4136.539996 4122.499377 4108.568653 4095.800221 4112.649709 4130.231217 4147.719592 4169.311374 4180.001095 4193.169996 4202.509299 4209.971055 4212.299362 4214.389250 4212.599248 4208.629951 4201.579839 4192.229360 4174.198955 4161.858931 4141.218960 4130.359739 4125.900567 4144.830629 4160.581157 4175.839946 4189.960659 4205.670208 4224.169999 4227.800295 4211.479798 4201.039672 4189.319909 4180.720076 4199.100658 4214.171320 4229.299724 4243.690521 4258.871078 4268.240184 4289.228469 4294.211045 4295.971245 4309.721291 4316.119477 
1048576 4281.489179 4277.940840 4270.419478 4258.710891 4249.760881 4238.158464 4227.068275 4214.599729 4202.589393 4182.599485 4166.640341 4153.851420 4138.870165 4128.070548 4147.700965 4168.720916 4174.308851 4155.699164 4140.170291 4124.568775 4113.910720 4094.580188 4104.949534 4126.168787 4143.441096 4163.149744 4181.239754 4191.618413 4195.868969 4208.059981 4218.220711 4222.558811 4224.410281 4220.860079 4213.379696 4197.081551 4185.460508 4166.930914 4148.328677 4139.708355 4131.089896 4144.020379 4160.638899 4177.929834 4193.689674 4209.669307 4226.239398 4241.898656 4246.449098 4233.120009 4218.971357 4204.329103 4195.850343 4182.739183 4173.761234 4184.219986 4199.130461 4213.580862 4232.389852 4247.998819 4252.860323 4264.488816 4274.399951 4279.900342 
1048576 4210.520536 4199.210554 4188.150167 4175.798967 4167.849198 4153.560847 4142.660648 4129.849374 4118.939862 4104.791209 4088.619724 4105.510190 4122.588784 4136.821255 4150.500521 4166.528583 4173.221067 4159.569740 4150.839522 4140.259698 4124.850035 4106.748849 4122.311249 4141.500220 4159.010947 4175.320268 4189.418629 4197.441041 4202.689976 4213.931039 4224.250093 4228.590056 4230.160266 4226.818681 4219.731316 4210.108891 4198.061302 4180.729389 4169.110209 4149.259999 4142.498598 4131.000489 4122.540355 4133.898765 4148.829728 4164.060578 4180.489108 4199.508578 4203.928635 4188.980907 4177.700728 4162.721336 4153.300077 4139.639437 4121.720791 4131.020978 4145.279527 4160.109907 4177.220166 4195.289686 4201.378673 4186.009988 4194.609821 4209.440202 
1048576 4316.879436 4313.161597 4296.420142 4277.870059 4267.280921 4250.239581 4233.438522 4222.698510 4213.869572 4199.679941 4189.189523 4177.009687 4172.978923 4162.410274 4147.481173 4130.071029 4136.111587 4121.480510 4109.740257 4093.559459 4106.471315 4131.030291 4147.738218 4167.880863 4182.059318 4189.278930 4195.960239 4209.280014 4216.490313 4222.569987 4235.090688 4239.220172 4241.058603 4237.439483 4228.938371 4224.190488 4219.949245 4213.880748 4204.099998 4190.169275 4191.769287 4201.069474 4216.389731 4231.499508 4245.430231 4260.459915 4275.919870 4295.561463 4299.610853 4283.418879 4271.568730 4258.779809 4249.541089 4239.900038 4227.429628 4240.950570 4253.380001 4266.830161 4283.109680 4300.018772 4301.590845 4290.251061 4308.219999 4315.359518 
1048576 4212.420434 4205.860198 4193.039611 4178.188741 4170.320928 4152.800888 4142.390564 4135.901108 4119.960591 4107.259214 4090.530798 4079.939798 4087.120295 4105.500877 4116.579890 4129.910842 4136.279225 4125.960171 4127.360880 4140.650854 4156.909883 4177.939147 4189.431667 4206.439480 4214.199260 4221.780226 4227.340221 4242.980853 4247.680306 4254.728556 4266.839474 4270.629957 4272.159189 4269.029945 4259.660840 4256.239161 4251.031205 4243.079573 4233.781248 4216.440022 4205.590114 4191.339016 4173.720255 4169.980064 4171.790555 4168.560728 4184.199497 4200.771451 4204.301164 4190.729931 4178.710282 4163.019359 4154.689610 4138.719290 4121.229053 4132.481292 4146.600142 4162.069410 4179.080948 4194.648936 4199.299961 4186.240956 4202.280194 4211.839288 
1048576 4312.690347 4310.101271 4307.799041 4297.710955 4289.798439 4277.840257 4260.409623 4243.129864 4236.958921 4223.329946 4213.469103 4212.368280 4191.370681 4177.629948 4161.469638 4176.270217 4180.599004 4163.259640 4148.630425 4131.969064 4121.299833 4128.290340 4147.890955 4165.889695 4183.860496 4199.258983 4207.469523 4214.869812 4228.258505 4234.809428 4242.248833 4246.350378 4248.261452 4244.668409 4240.941256 4241.069779 4226.019606 4208.419472 4191.989079 4181.390628 4170.330241 4164.859653 4182.660952 4200.451076 4214.139655 4227.250814 4241.580144 4259.768873 4264.010116 4248.639569 4238.128662 4228.470847 4221.221432 4208.881408 4210.790619 4225.470126 4235.418513 4250.900820 4270.099103 4279.309884 4291.320220 4302.188754 4308.929667 4310.989752 
1048576 4304.600880 4301.369190 4292.881116 4281.800240 4265.761003 4253.778607 4242.729396 4224.428907 4220.249131 4214.739427 4194.758832 4183.700308 4163.419828 4151.418805 4167.670384 4186.829552 4192.711785 4175.968468 4163.058475 4145.439714 4148.188978 4140.179604 4132.190719 4151.379690 4164.179787 4183.199257 4198.228940 4209.619015 4212.738946 4228.068516 4237.009212 4240.669310 4242.431372 4239.600152 4233.269021 4223.009571 4210.738465 4201.740026 4200.669006 4185.188562 4166.770726 4149.360582 4159.819335 4176.819697 4193.440080 4210.090265 4225.900397 4242.001101 4247.670993 4234.191030 4224.389791 4209.119827 4194.449633 4177.410156 4192.341119 4211.619496 4228.740931 4246.439785 4264.969379 4272.200167 4276.899621 4287.919030 4296.610132 4303.179681 
1048576 4318.159074 4314.739257 4311.209545 4304.459319 4295.879975 4281.019792 4263.309762 4252.040759 4242.179915 4228.521138 4218.069836 4205.230623 4195.800051 4186.159000 4169.920459 4153.350368 4157.260060 4141.081125 4130.009562 4117.831588 4106.750712 4095.919430 4100.831226 4114.499316 4128.780216 4146.469757 4161.300138 4171.360284 4180.278629 4194.209352 4200.719297 4205.109552 4206.759855 4203.489050 4200.639203 4188.479856 4180.449992 4168.510437 4156.479612 4140.978679 4146.559164 4162.939265 4177.648574 4193.181172 4209.671170 4224.469885 4239.829257 4256.870598 4260.770977 4247.011617 4236.940295 4224.320874 4216.130823 4199.920222 4217.060283 4234.230146 4248.030484 4261.359572 4277.840257 4285.000265 4296.928644 4305.530339 4310.449585 4316.920415 
1048576 4259.768873 4256.941378 4244.629294 4234.049469 4227.830097 4213.320091 4196.370021 4180.179909 4171.630368 4166.688770 4181.370139 4198.970273 4210.241139 4223.469645 4238.931462 4256.529734 4260.219634 4244.938493 4235.060886 4224.549979 4218.980670 4233.740270 4251.549020 4265.788943 4279.239103 4293.769598 4299.681634 4322.990775 4327.669740 4327.449948 4343.919456 4348.829389 4350.490868 4346.450791 4334.179685 4331.329837 4331.080243 4317.019135 4297.180101 4287.229851 4276.780412 4274.280742 4268.459976 4257.131368 4222.419113 4212.660715 4211.118445 4228.228703 4232.319072 4218.360409 4203.038290 4191.050306 4184.449092 4171.000794 4160.529003 4160.249606 4171.831533 4187.431186 4205.849022 4223.098978 4229.789600 4238.530993 4252.960905 4258.081317 
1048576 4393.801093 4390.828311 4387.589172 4371.659830 4357.600585 4347.210750 4331.910983 4320.360720 4310.930148 4300.480708 4299.860448 4274.901003 4259.409383 4242.449999 4221.590236 4224.330187 4226.980731 4214.599729 4207.950085 4193.909466 4182.249308 4169.011489 4174.750298 4189.809784 4200.279713 4216.859117 4233.270884 4245.908931 4261.391237 4271.049052 4277.519882 4281.939939 4283.118993 4279.730842 4276.238382 4269.359633 4257.449880 4248.278216 4232.550040 4226.490855 4228.308797 4237.569869 4252.750427 4269.318655 4288.179800 4305.470735 4322.379827 4338.700324 4341.378808 4328.411072 4317.980260 4300.629720 4289.699718 4272.099584 4284.070805 4301.151261 4316.009581 4328.299314 4343.120381 4354.290664 4363.249987 4381.120205 4387.408495 4393.240437 
1048576 4273.230210 4269.300029 4258.830100 4254.721105 4253.311083 4240.998998 4224.719480 4213.189706 4203.040153 4191.059619 4184.270278 4200.080410 4214.409739 4229.400307 4245.350137 4264.999181 4268.858582 4251.720384 4240.820184 4225.490615 4218.330607 4205.090925 4223.689437 4237.510264 4252.139479 4267.580807 4285.020754 4295.429215 4310.490564 4320.308566 4327.209666 4331.400618 4333.740100 4330.009222 4326.751456 4320.409149 4305.280745 4291.810095 4277.750850 4257.479683 4249.479622 4237.551242 4225.131124 4214.389250 4197.159782 4186.321050 4174.400121 4183.581099 4187.529907 4174.670205 4161.169752 4148.660228 4139.961675 4160.849378 4173.370078 4189.470783 4204.140976 4219.120368 4226.731136 4246.469587 4251.040518 4254.080355 4265.900701 4271.481186 
1048576 4303.019494 4300.419241 4293.210804 4282.040522 4267.700016 4253.098741 4236.299545 4226.060584 4215.899855 4203.589633 4202.440381 4180.479795 4171.609879 4157.489166 4164.539278 4180.539399 4182.789475 4170.130938 4158.090800 4150.269553 4136.059433 4127.129912 4110.971466 4115.661606 4125.809297 4143.338650 4157.159477 4176.119342 4179.168493 4169.600084 4187.310115 4192.760214 4194.119945 4191.119224 4174.340516 4158.951342 4152.519628 4133.220762 4135.379568 4154.359922 4159.931093 4173.889756 4192.400724 4210.770130 4225.039855 4239.318892 4253.329709 4270.540550 4273.779690 4259.020090 4251.461476 4236.619920 4227.230325 4215.760157 4197.059199 4205.839708 4215.680063 4230.359569 4248.470068 4264.941439 4273.869097 4287.270829 4296.669737 4302.339628 
1048576 4212.338477 4195.200279 4180.571064 4164.488986 4155.730829 4144.260660 4137.460142 4130.510613 4113.540053 4100.769758 4083.810374 4095.869139 4111.379385 4127.699882 4142.409191 4158.670083 4162.630066 4150.269553 4134.850577 4124.641418 4113.249481 4099.329934 4119.221121 4133.479670 4147.130996 4163.160920 4179.291427 4187.269136 4198.148847 4206.759855 4215.311259 4219.159484 4221.549258 4217.479378 4213.429987 4207.110032 4196.770489 4185.000435 4167.729989 4157.319665 4147.648811 4135.169089 4123.371094 4126.420245 4144.338891 4161.799327 4180.470482 4201.220348 4207.460210 4189.649597 4175.938666 4159.210250 4147.550091 4128.739238 4110.800102 4127.658904 4144.359380 4160.318524 4181.070253 4200.620577 4207.169637 4189.440981 4190.919921 4211.060703 
1048576 4208.309576 4201.779142 4189.569503 4173.669964 4162.879661 4147.969186 4133.930430 4126.800224 4117.159173 4104.269668 4120.230675 4137.599841 4152.499139 4167.420790 4183.771089 4201.270640 4204.859957 4189.940169 4178.170115 4166.970029 4156.840965 4140.879959 4130.229354 4147.341475 4158.088937 4174.649715 4190.240055 4207.389429 4211.839288 4228.759557 4235.679284 4239.629954 4241.138697 4238.149151 4234.999418 4221.050069 4208.888859 4197.429866 4185.009748 4172.710702 4158.010706 4145.119339 4133.431241 4134.140909 4148.909822 4163.319245 4178.410396 4195.241258 4199.039191 4185.160622 4176.439717 4160.590470 4152.150825 4134.718329 4118.079320 4126.379266 4141.280428 4155.550152 4174.409434 4191.139713 4195.880145 4182.700068 4198.011011 4206.990823 
1048576 4338.450730 4331.009462 4319.900647 4305.059090 4290.889949 4276.540130 4265.060648 4279.129207 4293.419421 4309.128970 4327.660426 4343.330860 4357.300699 4372.820258 4388.630390 4406.420514 4414.629191 4428.980872 4448.339343 4465.160891 4475.289956 4488.119856 4500.469193 4513.539374 4532.178864 4540.950060 4546.040669 4555.551335 4565.710202 4573.648795 4581.689835 4586.780444 4588.389769 4584.360868 4578.949884 4574.321210 4567.209631 4566.149786 4555.340856 4550.460726 4550.019279 4531.061277 4514.759406 4502.641037 4486.210644 4475.791007 4458.360374 4448.721185 4439.769313 4421.189427 4411.090165 4399.059340 4396.280274 4384.910688 4367.919639 4361.251369 4349.410534 4330.940545 4320.010543 4323.938861 4328.269511 4314.210266 4326.850176 4336.630926 
1048576 4247.989506 4243.001342 4230.611026 4214.510322 4201.579839 4187.239334 4169.480875 4157.450050 4147.440195 4133.239388 4122.490063 4135.960713 4148.470238 4162.238911 4177.710041 4194.159061 4200.169817 4185.300320 4169.991240 4162.559286 4154.769704 4143.470898 4122.210667 4130.499437 4140.531644 4156.639799 4173.679277 4195.040092 4200.939089 4208.620638 4223.609343 4227.120429 4228.860140 4226.220772 4214.700311 4207.840189 4198.400304 4180.561751 4168.231040 4148.339853 4140.580073 4142.150283 4160.389304 4176.229239 4189.740866 4203.200340 4219.019786 4234.408960 4237.659276 4224.188626 4212.141037 4202.978685 4194.280133 4181.379452 4165.230319 4169.350490 4180.949181 4195.509478 4213.841632 4229.979590 4234.669730 4223.849624 4239.629954 4246.080294 
1048576 4298.819229 4294.801503 4292.320460 4287.390038 4278.870299 4259.329289 4243.230447 4233.138636 4221.769050 4209.229723 4197.249189 4185.300320 4185.950384 4201.730713 4216.689616 4234.161228 4238.899797 4223.600030 4211.340100 4201.101139 4188.189283 4176.151007 4193.380475 4209.291190 4223.279655 4239.279777 4254.341125 4263.170063 4277.680069 4282.370210 4289.239645 4294.209182 4295.580089 4292.879254 4288.120195 4284.940660 4275.180399 4261.719063 4242.170602 4231.790081 4223.709926 4210.811108 4194.399342 4188.308492 4186.129197 4200.760275 4218.710586 4237.471148 4240.550101 4225.218669 4214.100540 4200.618714 4190.910608 4176.970571 4193.959758 4210.481420 4223.620519 4239.160568 4257.308319 4263.671115 4279.879853 4286.279902 4291.780293 4297.479987 
1048576 4346.029833 4342.129454 4332.210869 4320.530221 4319.811240 4317.419603 4302.460700 4290.498793 4275.329411 4262.808710 4251.670092 4244.079813 4230.570048 4212.860018 4196.509719 4213.640466 4219.241440 4202.129319 4187.529907 4181.349650 4174.059257 4170.129076 4140.509292 4151.869565 4156.569019 4173.340276 4191.920161 4212.450236 4219.179973 4226.731136 4240.969196 4245.189950 4246.771336 4243.189469 4232.218489 4225.099459 4217.131063 4198.819399 4186.850041 4170.050845 4155.850038 4131.559283 4148.369655 4163.241014 4179.781303 4193.868488 4210.399464 4226.498306 4230.659455 4217.410460 4204.180092 4206.689075 4222.478718 4241.960123 4248.710349 4264.049232 4278.350621 4285.480827 4305.809736 4315.890372 4320.301116 4325.700924 4338.119179 4343.990237 
1048576 4234.060645 4230.830818 4215.579480 4199.320450 4190.959036 4176.801071 4165.900871 4152.888432 4143.578932 4131.389782 4118.489102 4108.469933 4108.129069 4122.691229 4137.920216 4157.390445 4163.460806 4146.059975 4132.330418 4119.990394 4126.129672 4154.330119 4165.809602 4185.980186 4202.689976 4210.740328 4215.508699 4237.500951 4241.671413 4242.749885 4258.509725 4262.629896 4264.211282 4261.730239 4248.319194 4247.870296 4242.500290 4234.079272 4217.959940 4210.181534 4209.360108 4192.089662 4172.680900 4161.510617 4175.240174 4191.219807 4205.320030 4222.208634 4224.238917 4211.880267 4200.289026 4189.008847 4178.019240 4161.339253 4148.609936 4154.231399 4168.730229 4183.869809 4200.119525 4216.529429 4220.901057 4209.490493 4226.319492 4233.079031 
1048576 4275.500774 4271.889105 4267.949611 4261.000082 4252.338782 4246.180877 4228.878766 4227.468744 4228.729755 4193.810746 4181.439057 4177.760333 4193.320870 4208.389670 4221.979529 4238.231108 4242.738709 4228.070378 4220.370203 4207.719117 4216.330126 4231.389612 4244.549200 4261.819646 4277.089611 4289.040342 4301.330075 4322.141409 4325.630143 4328.070208 4342.509434 4346.990958 4349.160939 4345.269874 4333.630204 4329.821095 4330.240190 4317.549989 4305.349663 4287.490621 4280.360416 4264.490679 4245.979711 4236.619920 4227.990285 4214.240238 4201.700911 4194.580019 4200.730473 4186.049104 4175.320268 4158.200696 4148.729146 4161.339253 4174.040630 4194.401205 4211.850464 4227.910191 4235.420376 4242.289811 4253.629595 4261.089489 4267.780110 4273.511469 
1048576 4321.349785 4319.051281 4312.399775 4307.419062 4299.530759 4290.640354 4283.320159 4274.690524 4256.431013 4240.320995 4219.520837 4199.940711 4183.879122 4174.219444 4159.219563 4140.978679 4144.851118 4134.358838 4115.909338 4105.860367 4102.809355 4116.659984 4135.061055 4150.409251 4165.031016 4181.599244 4189.919680 4198.290408 4204.280674 4215.519875 4224.639386 4228.809848 4230.389372 4228.180274 4220.120609 4212.809727 4203.449935 4191.059619 4179.580137 4165.749997 4151.450470 4151.999950 4170.889035 4186.069593 4195.328802 4210.090265 4224.369302 4242.459312 4248.460755 4232.911393 4215.478897 4207.989201 4209.689796 4195.339978 4216.389731 4234.079272 4255.469888 4273.420200 4282.420501 4288.380966 4300.870001 4307.860509 4314.359277 4320.569336 
1048576 4366.111010 4358.759150 4344.260320 4328.658804 4315.020517 4302.870482 4290.970042 4280.678928 4278.359935 4295.080900 4310.389981 4328.619689 4343.010485 4359.358922 4374.949262 4390.869290 4395.309836 4403.430969 4420.449957 4437.590018 4446.798936 4464.000463 4475.330934 4485.750571 4499.970004 4510.900006 4515.659064 4524.180666 4534.350708 4542.838782 4551.051185 4555.929452 4557.339475 4553.940147 4548.570141 4543.490708 4535.779357 4533.778876 4522.809759 4520.291463 4518.350586 4499.670118 4482.770339 4471.799359 4454.620183 4442.039877 4429.940134 4411.319271 4409.218207 4396.360368 4397.640005 4393.050447 4381.520674 4362.830892 4345.608875 4329.260439 4322.139546 4309.039563 4309.318960 4324.009642 4330.240190 4337.729886 4354.149103 4364.319146 
1048576 4429.500550 4426.479340 4415.040836 4399.180412 4388.170317 4373.000935 4355.689511 4346.931353 4332.769662 4330.620170 4326.689988 4302.939400 4284.230992 4277.700558 4284.679890 4290.521145 4291.310906 4288.190976 4284.899682 4284.540191 4271.211103 4257.010296 4236.901179 4226.569086 4218.241200 4209.669307 4203.299060 4223.549739 4230.050370 4232.151434 4250.209779 4257.669672 4259.228706 4253.810272 4238.080233 4228.269681 4220.319912 4232.380539 4243.360832 4258.109257 4273.120314 4291.418940 4310.559481 4330.098629 4346.940666 4362.650216 4377.041012 4389.230162 4394.639283 4384.139553 4376.459867 4361.471161 4350.481555 4331.661388 4312.589765 4330.810159 4348.300397 4366.790876 4384.938627 4399.711266 4404.630512 4408.959299 4422.958940 4429.088905 
1048576 4335.399717 4330.771044 4324.879497 4319.630563 4308.300093 4290.290177 4279.479384 4267.880693 4256.829619 4242.749885 4236.530513 4219.260067 4201.060161 4183.189943 4174.070433 4194.729030 4200.950265 4181.670025 4165.420309 4149.409011 4134.109244 4117.211327 4096.979275 4116.220400 4132.349044 4153.640941 4170.950502 4193.270579 4200.249910 4180.951044 4182.809964 4203.429446 4204.349592 4186.550155 4168.460146 4153.739661 4149.140790 4126.850516 4128.441215 4150.209948 4161.391407 4177.339375 4191.819578 4207.160324 4222.979769 4237.079993 4251.988605 4269.158468 4272.740334 4259.221256 4249.591380 4237.329587 4228.578880 4215.890542 4228.990525 4247.220233 4260.379821 4275.951535 4291.880876 4300.080240 4310.561344 4319.461063 4326.591268 4333.270714 
1048576 4298.500717 4295.749590 4291.359335 4277.620465 4267.951474 4250.889644 4239.831120 4227.239639 4215.970635 4202.149808 4192.339256 4175.730050 4165.429622 4152.890295 4157.619551 4175.340757 4179.140553 4163.729027 4153.249785 4136.979580 4129.609093 4118.870944 4133.850336 4149.548709 4163.561389 4178.868607 4194.740206 4203.109071 4216.700792 4223.199561 4229.748622 4234.580323 4236.210138 4232.889041 4229.189828 4225.119948 4215.510562 4202.319309 4184.881225 4173.230380 4163.600504 4164.168611 4181.420431 4196.399823 4211.990163 4226.759076 4242.990166 4259.828478 4263.939336 4250.399768 4236.929119 4225.078970 4216.009751 4203.550518 4187.429324 4203.561693 4218.460992 4232.889041 4248.930141 4264.120013 4269.979894 4284.489900 4292.020574 4296.939820 
1048576 4288.680851 4286.060110 4281.340167 4274.118692 4263.050854 4249.060526 4238.300025 4225.440323 4215.430468 4202.470183 4193.820059 4176.128656 4167.459905 4153.219983 4134.969786 4130.231217 4136.281088 4116.889089 4096.770659 4101.639614 4114.201292 4125.850275 4140.330479 4159.608856 4174.791276 4183.450714 4188.429564 4204.930738 4210.269079 4215.721041 4228.450358 4232.790321 4234.420136 4231.119528 4221.679643 4217.758775 4214.718938 4198.070616 4179.678857 4168.909043 4164.159298 4144.201055 4147.900268 4164.289683 4180.248827 4195.310175 4210.999236 4228.079692 4233.499989 4219.010472 4208.659753 4195.690155 4180.759192 4169.419408 4185.689613 4201.080650 4216.359928 4232.579842 4249.161109 4256.300628 4266.189411 4274.889827 4281.589761 4287.740216 
1048576 4281.139001 4277.478904 4275.169224 4267.310724 4257.511348 4244.780168 4228.699952 4216.291010 4205.390811 4191.370681 4176.881164 4166.280851 4157.649353 4173.450172 4190.029576 4206.489772 4210.200161 4195.399582 4183.221608 4170.108587 4161.119461 4147.829488 4152.851179 4168.560728 4182.631150 4197.550938 4213.418812 4225.099459 4237.830639 4249.399528 4255.998880 4260.471091 4261.890426 4258.699715 4257.550463 4245.970398 4235.479981 4223.760217 4213.040695 4191.249609 4185.549915 4168.499261 4151.841626 4157.109186 4171.628505 4187.410697 4204.329103 4221.640527 4226.479679 4212.230444 4197.169095 4185.279831 4175.199196 4163.909703 4179.410636 4194.930196 4208.730534 4224.218428 4240.710288 4247.499630 4259.141162 4268.549383 4274.619743 4279.339686 
1048576 4389.770329 4386.570305 4375.308752 4361.988977 4351.630807 4338.510334 4326.999187 4314.769059 4304.319620 4291.160032 4279.000685 4266.699776 4260.350019 4243.738949 4234.939814 4242.731258 4248.149693 4232.490435 4221.329466 4241.108894 4255.259410 4270.970821 4284.480587 4304.381087 4313.180223 4324.540496 4336.081445 4346.750677 4351.221025 4361.050203 4371.881485 4376.620054 4377.650097 4375.139251 4366.049543 4358.211532 4355.639219 4354.698583 4342.019558 4335.969687 4332.451150 4305.711016 4299.290478 4315.210506 4332.609475 4346.739501 4362.178966 4373.401403 4374.099895 4371.650517 4360.269755 4349.488765 4335.129634 4318.321124 4306.118935 4294.240847 4304.729402 4319.969565 4337.331280 4353.700206 4358.360544 4367.779940 4382.681102 4388.619214 
1048576 4316.721112 4314.951599 4314.629361 4300.059751 4286.678508 4267.370328 4258.161411 4247.380421 4232.620820 4229.160026 4228.480160 4198.709503 4189.699888 4171.930254 4161.549732 4179.280251 4184.810445 4165.740684 4154.250026 4138.300195 4131.950438 4118.809476 4109.200090 4124.369472 4133.209586 4148.561507 4164.699465 4184.911028 4185.941070 4174.809903 4197.379574 4201.959819 4204.159603 4200.160503 4181.990400 4164.909944 4148.280248 4135.340452 4117.099568 4131.849855 4145.869985 4160.730168 4179.969430 4196.939990 4214.249551 4230.150953 4244.061187 4258.500412 4263.050854 4251.630977 4243.049771 4224.559292 4215.970635 4202.419892 4207.778722 4224.799573 4235.060886 4249.529913 4266.599193 4278.060049 4290.228710 4306.441173 4312.969744 4315.409809 
1048576 4285.220057 4274.029285 4261.799157 4249.289632 4239.698872 4226.729274 4215.689376 4209.838808 4190.301523 4179.559648 4162.160680 4146.169871 4130.749032 4136.839882 4153.350368 4170.570523 4172.330722 4157.671705 4143.081605 4132.859409 4124.920815 4118.019715 4100.341350 4105.390981 4114.139825 4130.799323 4147.410393 4167.579114 4171.719775 4161.929712 4178.909585 4184.799269 4185.929894 4182.780161 4166.981205 4152.178764 4146.289080 4129.059613 4128.411412 4144.590348 4152.148962 4168.769345 4186.449572 4203.559831 4219.729453 4235.150293 4251.468927 4269.160330 4275.020212 4259.699956 4249.369726 4236.521199 4222.059622 4204.599187 4194.149747 4207.830876 4223.650321 4239.339381 4256.950691 4273.040220 4278.199747 4264.079034 4269.350320 4283.670336 
1048576 4201.099277 4190.459847 4174.649715 4162.490368 4148.429260 4137.270153 4127.711058 4116.311669 4107.799381 4116.680473 4134.230316 4151.109606 4165.990278 4182.251170 4196.690395 4213.400185 4217.589274 4202.699289 4192.018881 4182.139412 4168.789834 4151.761532 4141.790792 4160.679877 4171.669483 4187.630489 4202.838987 4219.658673 4224.911332 4240.538925 4247.840494 4252.219573 4253.709689 4250.500351 4249.021411 4232.799634 4222.940654 4212.468863 4197.290167 4185.719416 4176.730290 4159.208387 4147.119820 4130.149260 4142.180085 4158.869386 4175.689071 4191.979766 4195.809364 4183.329642 4169.009626 4157.340154 4142.979160 4130.018875 4114.609212 4123.909399 4138.559103 4152.869806 4166.388884 4180.459306 4187.051207 4175.448790 4186.479375 4199.549556 
1048576 4340.769723 4320.859909 4306.860268 4285.970703 4270.361736 4250.779748 4264.490679 4280.870780 4295.170307 4309.589043 4327.619448 4343.200475 4357.110709 4373.138770 4393.029958 4407.869652 4414.880648 4432.359710 4447.860643 4466.019571 4473.689944 4493.538290 4502.730444 4515.059292 4534.348845 4543.941468 4549.179226 4557.318985 4567.369819 4575.520754 4584.209993 4588.400945 4590.049386 4585.899413 4580.769688 4575.699568 4569.640383 4568.489268 4554.860294 4555.199295 4549.169913 4526.849836 4514.349625 4503.950477 4488.611594 4476.360977 4463.991150 4452.370107 4441.389814 4425.020888 4414.679483 4413.440824 4414.899275 4393.851385 4384.240136 4372.930154 4364.060238 4362.400621 4353.769124 4331.689328 4338.659346 4302.579910 4317.250103 4339.439794 
1048576 4218.449816 4212.260246 4200.089723 4183.389246 4172.010347 4156.600684 4144.091159 4132.021219 4123.520106 4142.440856 4157.070071 4173.640162 4188.559949 4205.169156 4221.359268 4237.988964 4242.330790 4227.869213 4216.941074 4202.149808 4193.540663 4178.879783 4195.088521 4211.328924 4225.630313 4242.379218 4257.470369 4266.140983 4278.011620 4286.320880 4292.439669 4296.980798 4298.869520 4295.781255 4291.318357 4287.010059 4278.410226 4266.530275 4248.939455 4238.579422 4229.150712 4215.510562 4204.409197 4190.521315 4172.939807 4168.299958 4183.180630 4199.769348 4203.081131 4188.889638 4179.138690 4166.210070 4156.729206 4143.169150 4128.489643 4144.230857 4158.649594 4172.490910 4188.971594 4203.919321 4208.428785 4194.609821 4208.199680 4216.780886 
1048576 4376.068711 4372.639582 4361.160100 4356.930032 4355.130717 4342.399538 4327.049479 4317.099229 4302.209243 4290.329292 4279.019311 4266.859964 4258.168861 4248.050973 4247.691482 4265.028983 4269.329831 4254.581407 4244.498909 4229.489714 4220.340401 4206.389189 4195.300862 4214.709625 4223.858938 4238.720983 4252.979532 4270.220175 4276.769236 4290.500656 4298.528656 4303.298891 4304.859787 4301.398993 4297.830164 4286.369309 4274.999723 4256.900400 4245.540127 4233.900458 4224.399105 4208.941013 4206.569865 4222.281277 4238.151014 4253.089428 4268.830642 4285.238683 4289.411008 4275.090992 4265.340045 4248.458892 4243.070260 4258.180037 4274.079576 4291.400313 4305.388778 4319.850355 4327.720031 4347.510636 4352.059215 4354.551435 4367.930815 4373.950884 
1048576 4399.310797 4396.209493 4393.029958 4386.479035 4371.829331 4358.749837 4341.579974 4323.540255 4319.408908 4305.569455 4293.998703 4294.199869 4278.469831 4258.358851 4239.980131 4219.839349 4218.349233 4200.799391 4181.429744 4163.499922 4145.130515 4120.020196 4127.159715 4147.280008 4159.120843 4178.620875 4199.100658 4218.989983 4224.680364 4246.309400 4252.130166 4257.079214 4258.399829 4255.920649 4250.820726 4233.919084 4226.399586 4209.479317 4207.648337 4224.559292 4227.079451 4244.189709 4260.329530 4273.708910 4286.659881 4301.289096 4317.589104 4334.529862 4338.551313 4323.979840 4311.610013 4300.639033 4294.469953 4283.079877 4297.619686 4314.290360 4327.179864 4340.758547 4356.579855 4362.478852 4378.980026 4387.158900 4392.120987 4397.969693 
1048576 4319.399595 4315.549508 4311.930388 4299.940541 4285.661504 4273.990169 4268.109798 4251.789302 4237.718880 4221.890122 4204.109311 4193.030298 4174.988717 4156.900570 4139.401019 4135.210067 4141.649231 4129.929468 4106.519744 4096.470773 4110.839218 4118.110985 4129.929468 4144.409671 4162.890837 4180.740565 4193.440080 4215.409979 4220.718518 4224.339500 4237.269983 4242.179915 4244.260490 4240.311682 4231.490195 4228.210077 4224.760458 4207.098857 4196.720198 4172.269255 4165.010527 4178.140312 4196.560010 4214.830697 4233.069718 4247.929901 4263.000563 4279.850051 4283.970222 4270.730540 4260.851070 4243.658856 4233.330488 4216.710106 4204.800352 4222.320393 4236.040637 4251.679406 4269.490018 4284.810275 4289.099947 4305.040464 4311.680794 4318.030551 
1048576 4299.340770 4296.859726 4284.249619 4280.529916 4282.061011 4267.198965 4247.849807 4231.169820 4225.989804 4208.948463 4200.449213 4199.979827 4202.470183 4218.449816 4232.428968 4247.050732 4253.089428 4240.568727 4230.329767 4227.830097 4240.348935 4258.699715 4269.769415 4287.591204 4301.799461 4309.980199 4315.329716 4329.910502 4336.198792 4342.131317 4354.258999 4358.230159 4359.479994 4356.840625 4346.700385 4343.520850 4338.670522 4329.500720 4318.820313 4307.769239 4305.550829 4300.739616 4290.090874 4258.619621 4245.309159 4228.690639 4210.989922 4207.341000 4210.509360 4196.539521 4185.160622 4173.150286 4164.401442 4183.178768 4198.620096 4214.029759 4227.260128 4242.138937 4251.768813 4272.639751 4277.659580 4278.639331 4293.160513 4298.150539 
1048576 4296.630621 4293.629900 4284.258932 4279.930145 4277.370870 4258.949310 4241.719842 4224.458709 4216.318950 4196.669906 4180.850461 4169.639200 4154.389724 4141.209647 4144.469276 4160.819575 4166.739061 4151.761532 4137.309268 4122.959450 4113.318399 4100.440070 4117.190838 4133.639857 4146.968946 4164.360464 4180.610180 4188.239574 4198.251292 4207.691178 4214.979708 4219.450057 4221.219569 4217.889160 4214.590415 4207.080230 4196.530208 4184.439778 4173.239693 4161.439836 4150.038585 4138.100892 4136.489704 4154.918715 4171.609879 4184.849560 4194.268957 4211.110994 4212.111235 4201.950505 4198.590294 4188.269377 4173.578694 4160.009325 4175.420851 4197.029397 4215.579480 4233.380780 4247.698933 4266.399890 4273.198545 4278.639331 4289.319739 4295.570776 
1048576 4307.849333 4305.189475 4301.911220 4298.269749 4284.869879 4271.799698 4258.019850 4245.391116 4236.919805 4223.048687 4205.880687 4198.480397 4182.640463 4173.571244 4190.988839 4211.070016 4215.698689 4199.130461 4184.100777 4170.540720 4157.040268 4138.840362 4126.269370 4138.030112 4152.350128 4170.449451 4188.049585 4206.839949 4214.121029 4196.949303 4201.099277 4218.690097 4220.088944 4203.949124 4188.450053 4177.309573 4166.729748 4156.310111 4145.521671 4135.491326 4137.109965 4153.778777 4169.680178 4184.409976 4200.669006 4215.748981 4231.389612 4247.950390 4252.079874 4238.460213 4226.809368 4215.599969 4205.109552 4192.860797 4206.651822 4223.229364 4236.740991 4252.130166 4268.279299 4274.789244 4289.580509 4295.868799 4301.048815 4306.489602 
1048576 4276.510328 4272.939637 4269.128665 4264.328629 4256.531596 4241.310060 4229.841754 4214.890301 4202.980548 4190.400243 4177.810624 4167.810082 4156.200215 4168.890417 4182.878882 4200.739786 4203.930497 4191.230983 4180.958495 4173.170775 4192.460328 4212.019965 4225.401208 4241.229966 4253.419116 4260.240123 4272.658378 4284.091294 4287.779331 4297.919571 4308.639094 4313.260317 4314.899445 4311.548546 4302.639514 4296.008497 4295.410588 4287.360236 4276.650026 4261.508584 4257.351160 4254.600033 4246.938974 4220.779985 4201.229662 4182.558507 4198.459908 4216.020927 4218.909889 4203.999415 4193.900153 4177.128896 4170.440137 4158.889875 4173.308611 4189.141095 4203.660414 4218.189046 4235.880449 4242.589697 4257.511348 4263.799638 4269.020632 4274.670035 
1048576 4262.080416 4259.429872 4255.900159 4249.349236 4238.728434 4219.820723 4208.689556 4196.329042 4187.351093 4172.710702 4170.758650 4165.049642 4134.241492 4139.140248 4153.840244 4170.779139 4177.570343 4163.259640 4152.290523 4140.699282 4133.559763 4115.769640 4096.541554 4115.479067 4132.069647 4147.520289 4162.149504 4178.639501 4183.201119 4169.348627 4176.428542 4188.230261 4190.050066 4179.891199 4167.489707 4150.209948 4139.659926 4120.700061 4108.380526 4089.880735 4079.250619 4080.500454 4095.539451 4114.240408 4133.259878 4151.180387 4166.608676 4182.200879 4187.690094 4174.469039 4160.569981 4148.719832 4134.269431 4142.319784 4159.480333 4176.881164 4187.079147 4201.130942 4214.920104 4226.468503 4242.191091 4250.651225 4255.669191 4260.659218 
1048576 4293.689504 4290.750250 4284.430295 4276.299849 4265.770316 4248.229787 4236.510023 4225.298762 4215.430468 4213.638604 4206.169397 4196.360707 4162.270576 4149.930552 4131.510854 4115.531221 4120.931029 4109.941423 4110.749811 4133.090377 4142.979160 4163.058475 4173.630849 4188.749939 4193.779081 4201.799631 4213.789478 4222.439602 4228.230566 4237.990826 4248.699173 4253.149033 4254.249856 4251.910374 4243.159667 4236.821085 4234.470427 4228.450358 4217.261449 4207.661375 4201.140255 4189.120606 4188.310355 4176.178947 4187.159240 4198.461771 4213.901237 4230.760038 4234.610125 4222.450778 4211.569205 4200.600088 4194.220528 4176.640883 4190.549254 4210.200161 4223.588854 4238.000140 4254.320636 4260.610789 4268.849269 4279.449582 4286.529496 4292.469472 
1048576 4259.210080 4256.218672 4250.809550 4238.840193 4229.299724 4215.730354 4198.281094 4187.969491 4177.991301 4163.950682 4151.280969 4144.230857 4161.449149 4178.799689 4197.688773 4219.589755 4224.298522 4206.810147 4190.910608 4175.789654 4160.400480 4170.650616 4192.059860 4211.129621 4227.319732 4243.729636 4251.779988 4259.150475 4274.031147 4279.000685 4285.929725 4289.960489 4292.219877 4288.529977 4285.400733 4282.120615 4269.909114 4252.560437 4240.170121 4221.349955 4210.490733 4195.699468 4180.109128 4168.430343 4171.099514 4186.769947 4203.230143 4219.779745 4223.449156 4210.948944 4199.650139 4183.370620 4173.589870 4162.099212 4150.239751 4165.370017 4176.599905 4192.309454 4209.371284 4224.710166 4230.618477 4244.320095 4252.281040 4257.950932 
1048576 4345.180467 4340.030253 4331.428558 4311.909899 4297.770560 4279.630259 4262.970760 4274.580628 4286.400974 4303.060472 4321.020097 4336.090758 4350.651056 4366.530105 4384.750500 4402.989522 4411.919042 4426.170141 4439.380020 4456.751049 4464.009777 4485.150799 4496.160895 4508.599639 4526.179284 4533.728585 4539.759830 4550.470039 4559.060559 4566.859454 4577.439278 4580.719396 4581.989720 4579.678178 4571.719095 4567.490891 4562.499002 4557.630047 4552.138969 4551.330581 4534.419626 4521.170631 4506.699741 4501.041025 4482.218996 4470.169544 4453.239962 4443.259910 4432.730377 4419.000819 4400.320351 4390.709102 4391.450435 4387.950525 4368.670285 4356.978461 4346.800968 4326.051101 4317.680374 4299.720749 4304.850474 4326.540977 4336.088896 4344.901070 
1048576 4205.660895 4191.229120 4180.150107 4164.990038 4156.159237 4144.119099 4135.029390 4125.880077 4113.599658 4099.261016 4104.848951 4120.470956 4138.041288 4155.760631 4173.040390 4190.860316 4198.059440 4182.500765 4166.249186 4148.341715 4144.389182 4131.259397 4127.930850 4141.809419 4144.201055 4162.630066 4181.250930 4201.959819 4210.488871 4231.279716 4238.650203 4242.479801 4244.539887 4241.149873 4237.810150 4218.788818 4201.220348 4187.241197 4171.319306 4151.500762 4143.979400 4124.199972 4112.200812 4128.329456 4144.560546 4161.000252 4178.410396 4197.079688 4201.510921 4185.579717 4174.690694 4157.861695 4148.989916 4130.389541 4114.160314 4126.640037 4141.440615 4158.038646 4174.059257 4189.739004 4196.410999 4182.880744 4187.289625 4204.250872 
1048576 4292.180762 4288.719967 4284.709692 4269.938916 4256.710410 4238.599911 4227.980971 4215.549678 4204.709083 4192.110151 4183.409736 4177.721217 4154.389724 4157.388583 4171.900451 4187.859595 4191.581160 4178.129137 4167.530686 4159.741104 4151.608795 4164.848477 4183.810204 4200.430587 4212.100059 4226.610065 4232.039675 4250.489175 4256.209359 4261.760041 4274.280742 4279.009998 4280.379042 4276.668653 4266.928881 4263.980314 4260.910675 4244.331270 4231.439903 4210.958257 4203.028977 4188.459367 4181.969911 4198.079929 4214.821383 4228.049889 4241.958261 4257.779568 4261.070862 4248.499870 4238.409922 4227.740690 4216.220230 4203.740507 4184.830934 4193.579778 4203.639925 4219.030961 4236.631095 4252.988845 4261.789843 4277.309403 4284.288734 4290.219396 
1048576 4437.441006 4434.421659 4428.120330 4421.619698 4419.209436 4417.220131 4406.450316 4399.720579 4400.139675 4380.259663 4365.600646 4354.219884 4336.100072 4322.551191 4304.381087 4295.069724 4297.399893 4282.880574 4265.710711 4255.430773 4246.208817 4232.499748 4219.179973 4221.370444 4235.450178 4251.161590 4265.651107 4283.390939 4290.990531 4302.060232 4317.900166 4322.379827 4323.901609 4320.399836 4308.499396 4298.338667 4289.859906 4277.160391 4257.678986 4246.789962 4240.868613 4226.509482 4214.880988 4212.168977 4226.101562 4242.761061 4259.690642 4276.610911 4279.941320 4288.649186 4304.759204 4321.509972 4329.619929 4350.081086 4359.049723 4366.839305 4380.838946 4388.481379 4396.639764 4404.440522 4414.970055 4422.580823 4431.439564 4436.420277 
1048576 4375.658929 4372.010008 4368.800670 4362.080246 4353.798926 4335.921258 4325.190559 4313.491285 4303.539172 4289.589822 4277.179018 4265.259951 4250.299186 4242.789000 4232.119769 4232.659936 4236.109555 4222.368822 4212.250933 4202.660173 4188.349470 4177.840427 4158.500582 4168.348387 4176.229239 4193.948582 4210.149869 4228.278995 4235.839471 4250.999540 4260.418937 4264.790565 4266.599193 4262.810573 4257.909954 4246.359691 4229.750484 4216.970876 4204.129800 4191.910848 4203.999415 4219.351336 4235.669971 4250.928760 4267.008975 4282.919690 4298.780113 4316.559061 4320.370033 4305.940121 4295.600578 4278.590903 4269.519821 4256.470129 4273.978993 4289.440811 4303.511232 4318.971187 4336.088896 4342.619330 4353.908822 4362.180829 4368.660972 4373.909906 
1048576 4230.169579 4226.939753 4224.300385 4211.189225 4202.868789 4191.089422 4186.509177 4192.750901 4203.330725 4219.600931 4238.080233 4254.920408 4268.739372 4283.271730 4300.741479 4317.579791 4320.811480 4307.139665 4291.599616 4281.539470 4270.270467 4255.509004 4243.651405 4262.128845 4274.459556 4290.359095 4305.219278 4322.219640 4325.659946 4312.470555 4327.040166 4333.769903 4335.628822 4330.808297 4318.229854 4303.419963 4290.990531 4278.909415 4267.008975 4256.680608 4247.630015 4227.010533 4212.848842 4195.520654 4179.829732 4166.670144 4157.278687 4173.299298 4176.640883 4163.689911 4151.320085 4141.690210 4131.319001 4111.789167 4120.228812 4138.138145 4149.749875 4163.509235 4180.511460 4191.430286 4203.010350 4217.909649 4223.508760 4228.480160 
1048576 4293.069243 4291.230813 4290.288314 4269.419238 4254.259169 4234.589636 4223.490134 4202.509299 4188.530147 4169.611260 4162.618890 4177.790135 4193.948582 4209.889099 4226.660356 4246.639088 4251.720384 4234.131426 4221.951589 4207.618535 4196.090624 4181.250930 4163.200036 4175.098613 4190.810025 4208.039492 4224.158823 4242.220894 4248.609766 4233.110696 4238.178954 4255.020991 4257.099703 4241.140559 4229.221493 4217.239097 4207.009450 4196.109250 4183.320329 4174.560308 4166.278988 4157.960415 4178.410396 4194.209352 4202.619195 4215.950146 4232.291132 4251.839593 4255.529493 4239.710048 4224.911332 4216.771573 4217.259586 4198.320210 4183.840007 4204.520956 4217.790440 4232.330248 4243.260249 4258.140922 4262.400791 4282.359034 4289.379343 4292.009398 
1048576 4339.070991 4336.480051 4324.849695 4321.459681 4322.759807 4308.609292 4298.349842 4271.538928 4264.110699 4246.219993 4230.350256 4212.910309 4198.530689 4181.711003 4175.240174 4192.309454 4193.259403 4180.349410 4168.450832 4158.928990 4151.290283 4139.330238 4118.440673 4127.509892 4137.000069 4153.400660 4169.000313 4186.850041 4191.430286 4182.299599 4199.599847 4204.090685 4205.729812 4202.630371 4189.658910 4173.139110 4157.708958 4143.871367 4125.390202 4113.398492 4114.119336 4131.630063 4151.159897 4169.799387 4187.339917 4204.729572 4217.939451 4227.709025 4231.380299 4226.481542 4216.948524 4200.650379 4187.729210 4208.380356 4225.259647 4245.970398 4261.940718 4277.501255 4293.270409 4315.309227 4317.900166 4320.889711 4331.808537 4337.919876 
1048576 4243.690521 4239.680246 4236.141220 4230.938852 4221.791402 4211.030900 4202.909768 4196.060821 4181.109369 4161.730409 4144.219682 4125.259817 4110.569134 4118.170589 4136.670381 4153.069109 4156.488925 4142.800346 4131.579772 4117.779434 4102.990031 4085.190594 4097.009078 4115.039483 4129.830748 4144.251347 4157.500342 4169.879481 4177.540541 4194.509238 4201.879725 4206.310958 4207.950085 4204.589874 4203.170538 4187.328741 4172.351211 4161.410034 4149.559885 4136.519507 4127.720371 4116.639495 4106.950015 4108.728841 4117.509350 4131.669179 4146.650434 4165.928811 4171.799868 4156.278446 4139.160737 4130.629823 4132.188857 4117.390141 4140.179604 4158.688709 4176.799208 4194.969311 4204.319790 4210.170358 4224.138334 4230.480641 4236.629233 4241.930321 
1048576 4380.809143 4378.048703 4372.520372 4361.379892 4350.639880 4332.181066 4321.228713 4309.430718 4298.450425 4283.258691 4271.190614 4260.240123 4264.390096 4280.669615 4296.109080 4306.729883 4307.450727 4303.408787 4292.698577 4278.859124 4264.719784 4251.450300 4236.180335 4226.140678 4237.299785 4253.070801 4268.020391 4285.879433 4290.379584 4302.600399 4316.629842 4321.409389 4322.879016 4320.088774 4309.250042 4297.759384 4286.210984 4274.519160 4261.609167 4250.559956 4237.059504 4247.579724 4263.529554 4278.719425 4293.859005 4308.709875 4325.579852 4342.939705 4346.229136 4333.829507 4318.159074 4309.419543 4298.239946 4285.810515 4269.691184 4288.459197 4300.449044 4315.139726 4331.249744 4346.549511 4352.470860 4366.790876 4374.491051 4379.309714 
1048576 4300.519824 4296.759143 4289.800301 4272.598773 4262.581468 4244.450480 4233.239219 4221.670330 4212.239757 4200.669006 4189.690575 4178.911448 4178.188741 4194.609821 4212.299362 4229.379818 4234.399647 4218.490794 4205.809906 4192.199558 4184.100777 4164.190963 4153.789952 4158.230498 4173.791036 4190.780222 4205.500707 4220.189527 4227.260128 4236.320034 4253.679886 4257.500172 4259.349778 4255.749285 4244.020209 4231.289029 4220.068455 4208.320752 4196.621478 4184.890538 4174.929112 4169.270396 4187.259823 4202.710465 4222.040996 4237.629473 4253.299907 4268.391058 4271.900281 4259.819165 4248.039797 4235.628992 4223.991185 4208.100960 4193.399101 4201.930016 4215.490073 4229.290411 4243.100062 4258.740693 4265.168682 4281.880334 4292.979836 4298.578948 
1048576 4322.521389 4320.470616 4316.389561 4310.209304 4296.680912 4282.690585 4263.980314 4254.410043 4245.059565 4234.431311 4233.080894 4226.621240 4190.798849 4181.059077 4189.509898 4205.809906 4212.640226 4195.049405 4183.420911 4173.310474 4165.779799 4152.730107 4131.719470 4141.729325 4151.690751 4167.549312 4185.378551 4204.800352 4212.290049 4220.191389 4233.909771 4238.499328 4240.268841 4236.670211 4226.420075 4218.328744 4210.770130 4192.719236 4174.951464 4159.038886 4152.210429 4167.558625 4188.109189 4207.419232 4223.870113 4236.871377 4250.189289 4265.800118 4269.899800 4257.589579 4250.450060 4238.061607 4224.909469 4210.110754 4216.110334 4231.020808 4241.259769 4257.639870 4276.080057 4286.309704 4301.220179 4310.330376 4316.039383 4321.111366 
1048576 4375.370219 4359.569401 4341.268912 4325.779155 4316.519946 4302.360117 4291.489720 4282.280803 4274.789244 4256.369546 4246.620461 4240.790382 4221.599549 4209.799692 4193.460569 4199.840128 4201.399162 4198.910668 4186.920822 4174.079746 4165.081307 4150.880501 4132.440314 4121.690989 4122.769460 4139.030352 4153.169692 4170.730710 4178.671166 4193.730652 4204.761237 4210.630432 4212.290049 4207.849503 4199.560732 4189.301282 4175.309092 4193.080589 4207.991064 4225.108773 4242.239520 4257.330671 4274.399951 4291.350022 4309.229553 4326.540977 4345.038906 4366.040230 4370.000213 4352.729768 4338.329658 4326.650873 4311.360419 4296.770319 4277.680069 4290.269688 4304.369912 4318.211228 4337.741062 4355.270416 4363.128915 4346.828908 4354.789853 4373.719916 
1048576 4248.680547 4236.489534 4225.570709 4212.679341 4204.330966 4190.960899 4184.650257 4166.729748 4155.760631 4140.321165 4123.149440 4114.368930 4105.020314 4106.080160 4121.189937 4139.721394 4146.050662 4129.499197 4112.299532 4105.951637 4107.769579 4092.408344 4116.158932 4132.781178 4150.290042 4168.190062 4176.609218 4184.560850 4197.120667 4203.600809 4211.449996 4216.060042 4217.520356 4214.340821 4209.809005 4205.750301 4195.809364 4186.600447 4177.309573 4169.970751 4153.870046 4135.269672 4151.379690 4167.379811 4182.931036 4199.240357 4213.741049 4232.559353 4238.329828 4223.980010 4213.409498 4197.459668 4185.440019 4167.539999 4155.959934 4171.900451 4185.659811 4201.481119 4220.189527 4237.979650 4241.950810 4227.429628 4231.490195 4246.789962 
1048576 4236.850888 4230.801016 4219.589755 4201.730713 4193.099216 4180.170596 4168.609157 4155.959934 4146.760330 4127.450287 4116.078839 4104.498774 4100.080580 4114.609212 4131.771624 4147.950560 4152.109846 4137.359560 4124.939442 4128.489643 4142.399877 4159.498960 4168.238491 4184.139892 4198.310897 4206.869751 4216.410220 4229.580984 4234.390333 4242.770374 4253.840074 4258.720204 4259.578884 4256.930202 4248.009995 4241.619259 4238.530993 4232.268780 4220.930859 4209.330305 4199.180752 4188.619554 4174.070433 4163.639620 4177.240655 4192.531109 4206.640646 4224.050790 4227.548838 4213.230684 4203.669727 4187.550396 4179.930314 4162.300378 4150.100052 4156.948999 4170.259461 4185.279831 4203.490913 4218.019545 4223.890603 4211.891443 4226.651043 4235.608503 
1048576 4233.349115 4229.890183 4228.889942 4210.831597 4203.369841 4189.100116 4172.019660 4160.901532 4149.818793 4139.190540 4121.599719 4113.020375 4118.589684 4134.999588 4150.819033 4166.331142 4171.868786 4159.750417 4147.708416 4130.668938 4128.899425 4140.518606 4156.140611 4175.100476 4192.300141 4210.250452 4223.611206 4244.290292 4250.649363 4256.010056 4268.808290 4271.760583 4273.980856 4271.108657 4261.190072 4260.968417 4254.208878 4236.210138 4224.440083 4208.100960 4192.911088 4175.238311 4158.979282 4142.099991 4145.851359 4161.620513 4176.970571 4194.678739 4198.540002 4184.531048 4173.099995 4159.810022 4150.329158 4136.409611 4125.190899 4138.359800 4152.109846 4167.228937 4183.290526 4199.359566 4203.449935 4220.178351 4226.759076 4231.661558 
1048576 4363.190383 4360.100254 4356.529564 4352.690652 4343.839362 4329.500720 4311.649129 4300.950095 4293.769598 4275.059327 4263.309762 4252.908751 4238.100722 4240.879789 4255.581647 4263.520241 4264.770076 4262.808710 4247.838631 4239.510745 4231.749102 4216.888919 4199.700430 4187.479615 4186.479375 4202.401266 4218.509421 4237.379879 4245.929420 4259.759560 4269.519821 4274.118692 4275.949672 4272.490740 4265.310243 4255.399108 4243.100062 4224.330187 4205.740988 4195.829853 4192.730412 4207.389429 4222.879186 4239.829257 4255.929962 4270.071164 4285.648465 4303.278401 4306.640476 4292.968661 4281.070083 4270.400852 4256.501794 4244.690761 4261.311144 4277.670756 4292.080179 4306.379706 4323.869944 4329.470918 4345.679656 4350.578412 4356.078804 4362.201318 
1048576 4299.709573 4296.790808 4284.478724 4271.101207 4259.251058 4246.030003 4234.680906 4237.629473 4252.091050 4266.509786 4283.100367 4299.180582 4315.789789 4329.860210 4345.539957 4362.890497 4366.941750 4351.129755 4355.970770 4378.488287 4393.178970 4401.361570 4412.660375 4430.579022 4437.630996 4452.241585 4459.429532 4467.789084 4476.578906 4485.368729 4494.870082 4499.578848 4500.990734 4497.280344 4491.420463 4485.029727 4478.359595 4473.470151 4467.681050 4457.890987 4443.190992 4433.000460 4421.580583 4409.069195 4391.059279 4382.729530 4365.310073 4355.210811 4348.559305 4331.570119 4321.219400 4318.190739 4309.240729 4298.619926 4280.800000 4268.940538 4260.150716 4242.278636 4249.839112 4265.349358 4270.330071 4276.800901 4292.368889 4298.700020 
1048576 4320.031032 4317.959771 4314.590245 4302.119836 4287.710413 4273.740575 4258.058965 4246.260971 4234.779626 4224.460572 4223.370925 4202.110693 4187.729210 4190.130159 4206.439480 4221.979529 4225.701094 4211.829975 4201.488569 4186.928272 4179.520532 4196.720198 4211.720079 4227.669910 4242.040217 4258.170724 4264.509305 4283.988848 4289.090633 4292.430356 4306.280985 4310.950637 4312.820733 4309.559241 4297.910258 4294.479266 4292.169586 4281.140864 4268.690944 4249.550402 4242.299125 4229.489714 4218.120128 4206.109792 4215.959460 4234.550521 4252.888262 4271.790385 4275.878891 4260.990769 4246.760160 4229.299724 4218.021408 4200.659692 4211.388528 4229.009151 4247.220233 4263.959825 4280.049354 4287.939519 4292.270169 4309.309646 4315.620288 4318.948835 
1048576 4217.470065 4214.290529 4203.131422 4194.129258 4184.709862 4171.440378 4153.789952 4140.861332 4130.531102 4136.178643 4150.679335 4168.258980 4182.180390 4197.100177 4213.850945 4231.570289 4235.329106 4219.999537 4207.801074 4196.990281 4186.319187 4170.710221 4157.530144 4173.921421 4188.409075 4203.770310 4218.360409 4235.249013 4238.979891 4225.179553 4240.749404 4247.680306 4248.760641 4244.040698 4232.019186 4216.849804 4204.090685 4192.048684 4180.129617 4166.929051 4162.020981 4143.789411 4128.910601 4123.859107 4139.089957 4151.750356 4167.849198 4184.780642 4189.539701 4174.679518 4159.770906 4150.860012 4140.110686 4130.071029 4109.630361 4119.770601 4129.389301 4144.180566 4163.239151 4180.530086 4188.539460 4197.610542 4210.179672 4215.508699 
1048576 4363.140091 4351.120442 4341.809079 4325.259477 4316.950217 4309.600219 4306.240007 4287.010059 4272.000864 4273.580387 4290.809855 4307.109863 4323.469475 4339.180887 4354.450852 4369.910806 4375.619814 4384.679720 4399.189726 4413.129762 4424.361512 4447.270185 4454.839975 4462.840036 4472.920671 4481.758922 4487.859085 4499.450326 4508.350044 4514.360800 4525.410011 4529.260099 4531.219602 4527.259618 4520.310089 4515.370354 4512.170330 4510.980099 4499.441013 4491.819069 4491.169006 4471.920431 4457.009956 4445.578903 4436.820745 4423.631355 4406.059161 4395.440221 4379.909486 4376.320168 4367.290065 4350.671545 4343.779758 4326.099530 4315.100610 4305.269569 4305.910319 4297.049716 4300.430417 4310.268909 4318.999127 4334.799945 4347.650334 4361.100495 
1048576 4257.310182 4254.831001 4250.001162 4238.639027 4225.360230 4213.510081 4196.548834 4185.270518 4175.489768 4162.570462 4145.629704 4135.720432 4126.099870 4119.710997 4135.729745 4151.249304 4154.680297 4141.829908 4128.929228 4116.879776 4109.440371 4090.050235 4097.389057 4116.630182 4128.068686 4143.780097 4159.171134 4171.330482 4184.080288 4197.081551 4204.168916 4208.441824 4209.460691 4206.260666 4202.799872 4194.138572 4179.140553 4166.910425 4151.301458 4140.960053 4132.639617 4123.879597 4138.860852 4155.220464 4170.220345 4186.110571 4201.950505 4219.729453 4223.009571 4208.600149 4196.779802 4181.019962 4173.468798 4159.159958 4148.039967 4164.800048 4176.059738 4191.489890 4208.361730 4223.570228 4230.609164 4244.180396 4251.210019 4256.630316 
1048576 4342.610016 4339.549690 4322.789609 4305.148497 4294.710234 4275.551066 4258.949310 4247.330129 4244.061187 4226.140678 4216.339439 4216.721281 4224.570468 4240.559414 4257.809371 4274.880514 4279.199988 4264.369607 4253.830761 4237.590358 4229.189828 4232.469946 4252.031446 4268.540069 4283.169284 4295.971245 4305.860028 4315.968603 4331.799224 4340.911284 4346.560687 4351.191223 4352.709278 4349.719733 4346.299917 4340.989515 4329.340532 4313.841462 4296.461120 4288.079217 4279.900342 4268.050194 4257.170483 4255.101085 4270.529374 4285.208881 4302.259535 4320.720211 4324.579611 4308.570176 4296.969622 4284.990951 4277.599975 4264.950752 4252.389073 4270.410165 4280.440509 4293.339327 4309.650511 4325.959831 4328.040406 4316.501319 4334.930331 4341.499880 
1048576 4353.580996 4352.319986 4350.649193 4333.989695 4321.169108 4307.320341 4296.179861 4280.701280 4271.991551 4261.109978 4251.120612 4239.259288 4223.430529 4207.560793 4222.368822 4239.188507 4243.830219 4228.590056 4220.370203 4212.830216 4204.099998 4215.979949 4235.761240 4252.130166 4265.869036 4279.430956 4285.059869 4302.639514 4308.018833 4313.010722 4326.619208 4330.949858 4331.370816 4328.629002 4318.619147 4315.050319 4312.001169 4294.140264 4277.199507 4266.949371 4252.599552 4240.421578 4228.720441 4232.641309 4250.979051 4268.439487 4284.350201 4300.288856 4304.639995 4291.100428 4276.588559 4266.040400 4251.498729 4238.011315 4245.169461 4262.149334 4275.800660 4287.621006 4303.269088 4315.659404 4326.740280 4343.999550 4350.299016 4352.528602 
1048576 4213.651642 4209.179431 4196.649417 4179.500043 4168.160260 4149.530083 4132.580012 4120.551050 4110.630602 4100.929946 4116.620868 4132.429138 4148.049280 4162.829369 4179.179668 4195.889458 4200.030118 4185.590893 4175.020382 4160.011187 4152.510315 4134.519026 4124.199972 4139.529541 4151.750356 4168.950021 4183.689132 4201.870412 4205.690697 4190.981388 4205.020145 4213.390872 4214.160144 4208.160564 4195.529968 4184.350371 4173.390567 4156.731069 4145.840183 4135.269672 4120.098427 4109.449685 4120.379686 4134.459421 4148.500040 4163.639620 4180.150107 4197.940230 4200.208932 4185.760394 4170.270637 4159.491509 4152.160138 4145.540297 4128.610715 4133.300856 4141.680896 4157.429561 4176.950082 4195.280373 4199.199378 4189.280793 4204.750061 4211.889580 
1048576 4339.780658 4325.941205 4313.418642 4299.551249 4291.450605 4278.160632 4266.949371 4255.089909 4248.749465 4235.880449 4219.310358 4209.129140 4189.969972 4196.358845 4211.289808 4227.628931 4231.689498 4217.870533 4206.500947 4196.539521 4187.390208 4201.339558 4218.509421 4235.360771 4249.880090 4265.218973 4270.309582 4289.470613 4294.540733 4299.251363 4312.450066 4316.210747 4317.820072 4315.359518 4304.349422 4301.071167 4298.258573 4285.899922 4269.730300 4257.839173 4248.369485 4235.871136 4247.790202 4262.641072 4280.619323 4295.429215 4312.820733 4332.421347 4335.591570 4320.560023 4309.559241 4293.149337 4282.061011 4264.129326 4251.489416 4258.900881 4275.290295 4292.311147 4308.059812 4323.361441 4330.219701 4317.300394 4321.299493 4338.730127 
1048576 4318.209365 4316.089675 4314.050078 4293.199629 4277.611151 4259.750247 4248.049110 4230.501130 4215.760157 4193.069413 4174.461588 4157.880321 4142.450169 4120.839760 4130.909219 4147.401080 4151.059315 4136.769101 4127.969965 4118.129611 4110.019654 4090.869799 4095.349461 4114.201292 4122.760147 4139.330238 4157.191142 4167.940468 4182.780161 4192.508757 4198.720679 4203.639925 4204.651341 4202.200100 4197.720438 4190.990701 4181.340337 4171.770066 4154.181108 4153.300077 4159.890115 4177.080467 4192.790017 4202.580079 4217.950627 4233.019426 4250.699654 4270.400852 4275.899380 4259.521142 4241.960123 4225.410521 4225.321114 4219.260067 4209.350795 4228.828475 4236.210138 4244.601354 4260.959104 4277.789965 4285.559058 4307.791591 4314.210266 4316.650331 
1048576 4322.569817 4319.660366 4316.121340 4309.309646 4303.580150 4286.369309 4275.349900 4256.810993 4249.230027 4237.988964 4225.779325 4210.079089 4201.708362 4184.339195 4172.230139 4162.650555 4168.590531 4150.910303 4134.299234 4117.541015 4116.779193 4129.709676 4144.709557 4160.299897 4176.288843 4192.080349 4199.979827 4208.371043 4219.390452 4226.960242 4235.509783 4239.618778 4241.449758 4238.080233 4233.999178 4228.828475 4218.529910 4208.309576 4198.709503 4189.951345 4176.048562 4166.720435 4183.409736 4198.670387 4213.610664 4229.310900 4244.910553 4261.899740 4265.509546 4252.320156 4242.960364 4225.419834 4216.799513 4203.820601 4222.219810 4235.921428 4250.230268 4265.230149 4282.400012 4288.949072 4301.540554 4310.289398 4315.629601 4321.031272 
1048576 4206.309095 4197.010770 4186.240956 4175.771028 4161.668941 4149.951041 4132.708535 4124.321043 4112.180322 4098.620266 4101.699218 4113.219678 4124.939442 4142.109305 4159.420729 4179.069772 4185.019061 4167.899489 4152.098671 4136.281088 4140.058532 4124.369472 4114.760086 4138.920456 4141.340032 4152.519628 4166.709259 4187.921062 4193.879664 4216.089845 4221.750423 4226.239398 4227.440804 4224.909469 4220.919684 4201.930016 4186.939448 4167.960957 4150.610417 4140.360281 4125.751555 4107.318819 4115.169868 4130.361602 4146.270454 4161.350429 4176.130518 4194.069654 4198.299721 4183.169454 4171.909764 4160.089418 4145.219922 4133.278504 4123.680294 4125.328735 4140.289500 4155.840725 4173.869267 4190.040752 4196.839407 4181.040451 4193.190485 4205.239937 
1048576 4412.529990 4409.169778 4398.951307 4381.990060 4371.188581 4357.829690 4340.538755 4329.459742 4319.010302 4306.940362 4296.829924 4290.100187 4271.110520 4254.689440 4269.840196 4277.490079 4279.699177 4276.230931 4265.099764 4252.901301 4243.250936 4225.879908 4208.641127 4197.999835 4201.319069 4215.970635 4229.510203 4246.400669 4251.329228 4269.180819 4281.140864 4287.540913 4289.420322 4284.150898 4275.741056 4259.718582 4254.100844 4235.720262 4238.799214 4256.419837 4261.691123 4276.489839 4296.019673 4315.158352 4332.629964 4351.109266 4367.100075 4382.399842 4386.249930 4374.699667 4361.430183 4347.380251 4332.710057 4319.271073 4301.249981 4313.290119 4329.359159 4343.070090 4356.209189 4370.950162 4375.640303 4392.718896 4405.388609 4410.769790 
1048576 4341.978580 4339.240491 4335.090518 4327.291623 4318.760708 4306.640476 4292.000085 4277.151078 4265.600815 4254.249856 4249.220714 4234.598950 4217.971116 4205.439240 4215.288907 4232.101142 4236.590117 4219.900817 4215.260968 4207.018763 4193.020985 4175.340757 4163.810983 4151.429981 4163.650796 4186.080769 4203.949124 4227.789119 4237.148911 4250.669852 4261.970520 4266.640171 4267.400131 4264.499992 4255.959764 4245.698452 4229.549319 4207.180813 4194.978625 4174.040630 4170.060158 4186.389968 4201.378673 4217.829555 4232.930019 4247.600213 4264.669493 4281.979054 4286.149517 4272.039980 4257.569090 4246.000201 4238.350317 4223.741591 4238.100722 4255.380481 4269.519821 4283.539951 4302.280024 4308.290780 4319.379106 4329.608753 4335.299134 4340.730608 
1048576 4334.939644 4331.730306 4327.950999 4315.311089 4300.260916 4289.019853 4277.588800 4265.541211 4257.040098 4242.779687 4226.220772 4210.600629 4195.610061 4183.869809 4192.190245 4209.280014 4215.581343 4198.299721 4185.099155 4182.009026 4175.079986 4159.120843 4179.280251 4198.899493 4218.379036 4238.270223 4248.399287 4261.240363 4269.011319 4274.530336 4285.989329 4290.129989 4291.540012 4288.610071 4280.459136 4276.050255 4270.959646 4261.460155 4252.631217 4234.829918 4221.009091 4202.710465 4216.151312 4232.451320 4246.929660 4262.160510 4279.069602 4296.509549 4300.549626 4287.051037 4273.120314 4261.251539 4249.820486 4235.580564 4223.801196 4242.390394 4253.860563 4268.949851 4285.430536 4301.009700 4305.960611 4320.630804 4327.898845 4333.900288 
1048576 4358.729348 4356.009886 4347.609356 4337.999970 4323.959351 4310.380667 4293.099046 4281.269386 4269.950092 4259.660840 4258.560017 4272.140563 4287.179559 4303.609952 4319.850355 4336.040467 4339.599982 4326.349124 4310.999066 4299.649969 4291.290417 4276.519641 4268.350080 4283.979535 4292.549565 4308.888689 4325.080663 4341.490567 4346.279427 4361.459985 4369.489849 4373.809323 4374.539480 4372.339696 4367.338493 4356.268793 4345.459864 4333.090037 4315.579310 4304.060712 4292.750731 4279.600456 4272.190854 4266.500473 4281.511530 4294.371232 4308.849573 4327.280447 4330.219701 4316.000268 4304.230213 4294.609651 4283.430055 4272.319376 4252.988845 4261.219874 4270.499572 4285.991192 4303.541034 4320.580512 4328.550771 4341.870546 4352.308810 4358.060658 
1048576 4204.310477 4197.770730 4185.119644 4171.689972 4160.648212 4148.161039 4133.850336 4122.860730 4114.469513 4128.340632 4142.580554 4159.569740 4173.558205 4189.239815 4204.429686 4223.220050 4227.850586 4211.829975 4199.780524 4184.469581 4176.279530 4163.710400 4151.670262 4153.531045 4166.871309 4184.409976 4200.179130 4218.319431 4224.918783 4232.680425 4248.740152 4253.480583 4254.801199 4252.079874 4239.559174 4228.679463 4220.360890 4209.140316 4191.299900 4184.119403 4170.101136 4155.300558 4139.970988 4124.190658 4138.739780 4154.140130 4169.229418 4186.850041 4190.109670 4177.790135 4167.588428 4152.020440 4143.189639 4124.999046 4113.109782 4128.910601 4144.540057 4159.240052 4176.339135 4191.139713 4195.909947 4183.499143 4193.151370 4203.338176 
1048576 4397.621378 4391.979426 4381.360486 4368.750378 4358.410835 4347.279668 4335.340112 4342.030734 4356.049001 4371.859133 4388.770089 4409.428686 4425.231367 4440.188408 4457.330331 4477.528855 4483.951256 4464.680329 4468.530416 4489.051178 4501.029849 4513.660446 4528.649151 4547.659308 4558.570683 4575.461149 4590.550438 4600.010812 4603.831097 4613.809288 4624.839872 4629.140720 4630.850628 4626.860842 4621.610045 4610.029981 4605.619237 4604.259506 4599.960521 4579.249769 4568.351433 4549.229518 4532.210529 4520.529881 4506.319761 4492.569715 4477.009177 4458.239302 4450.529814 4431.620240 4425.428808 4421.411082 4411.680624 4398.399964 4382.519051 4370.568320 4362.339154 4351.690412 4341.199994 4356.889054 4363.890737 4374.030977 4388.280213 4396.539181 
1048576 4427.298903 4423.899576 4420.639947 4416.659474 4407.111555 4394.030198 4376.500845 4360.089079 4351.720214 4342.390224 4327.690229 4317.209125 4308.719188 4291.968420 4277.050495 4268.489778 4263.989627 4255.810753 4252.709448 4241.719842 4232.970998 4219.219089 4201.209173 4189.670086 4179.479554 4187.259823 4203.660414 4220.988601 4225.540906 4228.690639 4248.339683 4260.471091 4262.479022 4252.219573 4234.749824 4223.790020 4215.709865 4215.050489 4232.371226 4240.151495 4255.589098 4270.590842 4288.390279 4302.280024 4318.209365 4333.879799 4350.069910 4366.880283 4370.501265 4355.980083 4345.430061 4332.959652 4324.190319 4309.030250 4324.650392 4341.769964 4355.398938 4371.110350 4387.229681 4393.659532 4408.599809 4414.450377 4420.559853 4426.080734 
1048576 4264.758900 4259.418696 4247.119650 4234.259948 4218.721762 4206.549376 4194.859415 4182.020202 4172.019660 4161.911085 4143.379629 4132.660106 4145.789891 4159.649834 4174.070433 4187.548533 4191.890359 4180.939868 4170.360044 4155.028611 4147.270694 4129.020497 4111.979157 4122.070968 4136.109725 4149.429500 4163.309932 4180.379212 4184.618592 4172.949120 4192.460328 4199.238494 4201.268777 4195.330665 4179.371521 4163.140431 4147.930071 4146.501422 4127.878696 4127.880558 4134.289920 4151.750356 4166.759551 4181.459546 4197.610542 4212.969914 4228.599370 4246.139899 4249.591380 4234.440625 4225.589335 4207.380116 4199.521616 4189.690575 4174.320027 4188.239574 4203.340039 4217.870533 4234.410822 4249.701276 4253.620282 4240.810871 4254.860803 4262.728617 
1048576 4282.459617 4279.721528 4269.938916 4255.030304 4241.351038 4224.071279 4215.011373 4191.350192 4183.260724 4166.699946 4151.599482 4142.310470 4137.840122 4142.189398 4157.569259 4174.400121 4178.280011 4163.568839 4152.370617 4137.998447 4130.709916 4116.360098 4102.250561 4118.150100 4131.950438 4147.410393 4162.890837 4180.999473 4185.110331 4171.079025 4183.501005 4191.519693 4192.840308 4186.609760 4173.889756 4158.539698 4149.518907 4136.860371 4124.430940 4111.699760 4124.900326 4142.539576 4165.468737 4183.489829 4200.320691 4213.839769 4227.239639 4243.830219 4249.658436 4237.530753 4227.139056 4215.959460 4205.169156 4184.979945 4166.878760 4186.751321 4204.869270 4220.720381 4237.109795 4252.120852 4256.119952 4262.929782 4275.608808 4281.539470 
1048576 4329.930991 4326.589406 4322.079942 4309.341311 4294.499755 4284.519702 4269.320518 4258.079454 4251.521081 4232.659936 4219.681025 4207.728431 4201.330245 4184.100777 4185.760394 4202.850163 4209.341481 4194.241017 4183.219746 4168.048501 4154.158756 4168.000072 4184.169695 4205.290228 4220.690578 4238.700494 4246.288911 4253.480583 4263.009876 4272.669554 4280.349240 4284.471273 4286.151379 4283.379763 4278.410226 4271.710292 4261.670634 4253.489897 4237.629473 4230.039194 4228.718579 4205.809906 4211.479798 4226.909950 4243.331030 4257.859662 4272.880033 4290.619865 4294.360057 4279.918969 4270.609468 4257.779568 4243.850708 4231.048748 4218.928516 4235.658795 4247.890785 4264.110699 4279.959947 4294.898361 4300.490022 4314.141348 4322.649911 4328.450188 
1048576 4317.859188 4315.149039 4299.700260 4282.670096 4271.849990 4253.709689 4236.750305 4226.088524 4215.499386 4206.590354 4196.459427 4186.470062 4186.870530 4195.449874 4212.930799 4230.959341 4234.280437 4219.979048 4208.510742 4193.779081 4183.180630 4188.930616 4206.730053 4223.870113 4238.359630 4252.770916 4261.901602 4271.710292 4287.850112 4295.188934 4301.158711 4305.509850 4306.999967 4304.038361 4299.828783 4296.429455 4284.288734 4273.079336 4257.280380 4246.149212 4237.020388 4224.009812 4220.180213 4231.870174 4247.229546 4263.309762 4278.888926 4298.629239 4301.659763 4286.030307 4274.150357 4258.759320 4255.348817 4240.788519 4228.919744 4250.330850 4258.690402 4270.110279 4286.739975 4302.859306 4304.600880 4293.959588 4309.969023 4316.670820 
1048576 4307.370633 4304.649308 4297.688603 4285.890609 4277.639091 4258.830100 4249.211401 4237.368703 4226.539284 4213.610664 4200.939089 4185.071215 4177.000374 4164.710641 4166.319966 4187.490791 4194.179550 4175.718874 4160.230979 4143.450409 4128.400236 4109.920934 4125.708714 4145.650193 4164.010286 4184.018821 4202.179611 4213.068634 4216.909409 4226.978868 4238.240421 4243.139178 4244.700074 4241.598770 4233.909771 4216.350615 4204.690456 4186.028615 4166.848958 4150.429741 4156.179726 4170.918837 4189.070314 4204.120487 4220.340401 4235.100001 4251.910374 4268.828779 4273.230210 4259.770736 4245.799035 4233.548418 4222.339019 4208.318889 4196.688533 4213.139415 4225.190729 4240.751266 4257.388413 4273.969680 4279.009998 4290.621728 4300.270230 4305.969924 
1048576 4305.630922 4303.369671 4293.831065 4281.410947 4267.809913 4254.071042 4246.270284 4233.941436 4231.650382 4225.701094 4217.799753 4181.349650 4171.919078 4151.090980 4139.579833 4144.839942 4151.189700 4139.399156 4135.940224 4151.029512 4170.689732 4187.598825 4199.400544 4217.721522 4224.840552 4232.499748 4238.840193 4254.419357 4259.858280 4265.399650 4278.359935 4282.480106 4284.430295 4281.779751 4271.259531 4267.020151 4264.838994 4259.711131 4251.750186 4237.020388 4238.460213 4230.370745 4221.070558 4211.310297 4228.468984 4242.669791 4257.678986 4274.390638 4278.279841 4264.950752 4253.311083 4241.229966 4230.260849 4215.780646 4200.700670 4207.590595 4219.841212 4234.209657 4250.239581 4266.301170 4272.380844 4287.850112 4298.958927 4304.220900 
1048576 4260.690883 4255.469888 4241.071641 4224.799573 4215.858877 4202.671349 4192.989320 4187.179729 4167.361185 4156.108946 4136.970267 4127.910361 4130.110145 4146.080464 4160.679877 4175.780341 4180.669785 4169.018939 4154.339433 4143.960774 4132.069647 4113.759845 4123.549908 4139.730707 4151.280969 4164.390266 4179.229960 4194.440320 4206.379876 4222.201183 4228.940234 4233.129323 4234.898835 4231.289029 4228.429869 4216.540605 4201.360047 4184.700549 4172.030836 4156.270996 4148.840904 4147.190601 4163.028672 4179.051146 4194.699228 4209.730774 4225.470126 4242.569208 4245.929420 4232.238978 4222.329706 4210.399464 4200.110212 4181.848839 4171.499982 4185.050726 4202.378914 4215.989262 4232.330248 4247.559234 4251.990467 4238.329828 4250.930622 4259.470850 
1048576 4374.280572 4371.490330 4360.660911 4355.549812 4353.338853 4341.600463 4331.171513 4314.800724 4303.770140 4285.531119 4270.920530 4261.279479 4245.270044 4228.090867 4215.339199 4232.550040 4236.841574 4220.100120 4210.218787 4193.888977 4186.660051 4172.910005 4188.649356 4203.720018 4218.939692 4235.640168 4253.309220 4261.510447 4276.141524 4282.969981 4288.999364 4292.549565 4294.950515 4291.249439 4288.239405 4284.620285 4275.819287 4261.979833 4242.841154 4231.110215 4219.399765 4203.729331 4205.768928 4220.828414 4235.278815 4251.440987 4268.221557 4285.909235 4289.688542 4275.249317 4263.129085 4249.319434 4243.370146 4259.999841 4274.198785 4289.649427 4304.111004 4319.529980 4328.051582 4346.590489 4351.040348 4354.370758 4367.100075 4372.671247 
1048576 4250.049591 4247.618839 4239.279777 4229.249433 4215.538502 4201.969132 4184.849560 4173.560068 4166.310653 4161.398858 4156.330600 4145.670682 4148.431122 4163.930193 4181.399941 4200.089723 4204.750061 4187.941551 4181.159660 4192.410037 4213.569686 4230.249673 4241.738468 4257.928580 4266.619682 4272.108898 4292.029887 4303.559661 4307.348281 4312.468693 4325.950518 4330.750555 4331.739619 4329.729825 4318.138584 4307.860509 4307.311028 4304.619506 4291.111603 4279.579967 4270.609468 4261.370748 4249.740392 4231.670871 4217.760637 4200.449213 4200.508818 4216.700792 4221.610725 4205.439240 4194.909707 4186.820239 4178.619012 4161.359742 4146.140069 4151.221365 4160.460085 4175.560549 4194.330424 4212.301224 4221.089184 4233.220592 4243.889824 4249.198362 
1048576 4296.110943 4282.908514 4271.259531 4259.230569 4250.090569 4238.210618 4226.909950 4215.439782 4206.810147 4191.890359 4173.500463 4165.979102 4155.950621 4141.939804 4147.170112 4163.529724 4168.899730 4155.559465 4149.070010 4146.600142 4162.980244 4181.049764 4192.879423 4208.220169 4220.219329 4226.800054 4233.969375 4250.200465 4254.208878 4261.439666 4273.878410 4278.549924 4280.589521 4277.320579 4266.839474 4261.670634 4258.539528 4251.020029 4238.659516 4217.971116 4210.049286 4196.241498 4203.841090 4219.578579 4235.848784 4251.509905 4266.930744 4285.989329 4290.670156 4274.409264 4264.488816 4247.589037 4233.600572 4220.468923 4208.749160 4215.199500 4231.540486 4245.970398 4264.680669 4281.159490 4288.300872 4273.710772 4278.291017 4294.639453 
1048576 4346.380010 4344.239831 4331.670702 4328.241572 4326.909781 4314.990714 4298.280925 4286.300391 4276.270047 4265.381023 4254.421219 4242.509604 4224.570468 4206.949845 4195.090383 4211.351275 4215.819761 4199.208692 4183.329642 4174.541682 4177.870229 4160.480574 4147.799686 4176.340997 4186.598584 4205.670208 4221.260548 4231.808707 4234.669730 4249.909893 4257.949069 4262.549803 4263.520241 4261.000082 4256.239161 4244.990647 4235.429689 4228.001460 4220.839590 4205.679521 4191.389307 4170.918837 4174.189642 4192.959517 4207.540303 4222.670570 4238.879308 4256.861284 4260.459915 4246.989265 4234.429449 4223.650321 4214.039072 4229.439422 4246.188328 4262.588918 4276.398569 4291.260615 4300.329834 4320.111126 4325.110465 4326.369613 4340.119660 4345.608875 
1048576 4393.570125 4389.639944 4373.339936 4356.820136 4342.349246 4328.429699 4308.629781 4297.470674 4288.230091 4275.798798 4264.129326 4253.311083 4243.738949 4231.948406 4224.689677 4233.259708 4237.269983 4231.080413 4216.790199 4205.390811 4192.991182 4179.170355 4167.750478 4155.440256 4155.879840 4170.889035 4184.560850 4199.540243 4205.990583 4215.959460 4232.600331 4242.051393 4244.269803 4235.619679 4223.279655 4210.790619 4199.089482 4210.829735 4226.420075 4245.981574 4260.139540 4276.920110 4291.029647 4305.450246 4320.019856 4335.369915 4351.880401 4372.579977 4376.549274 4359.260201 4349.289462 4333.751276 4325.469956 4313.249141 4301.339388 4316.879436 4330.361262 4342.211410 4359.290004 4375.930876 4378.259182 4366.889596 4385.370761 4391.498864 
1048576 4276.379943 4274.161533 4269.238561 4263.650626 4257.401451 4239.870235 4230.899736 4215.260968 4204.310477 4192.670807 4176.160321 4166.340455 4156.500101 4142.150283 4145.178944 4160.650074 4165.770486 4150.489345 4139.760509 4137.760028 4128.498957 4114.739597 4132.479429 4149.699584 4170.170054 4189.260304 4198.970273 4216.009751 4222.059622 4227.319732 4239.531234 4243.539646 4245.279357 4241.900519 4232.158884 4228.979349 4225.190729 4215.039313 4202.740267 4189.379513 4172.960296 4155.719653 4137.519747 4151.729867 4167.869687 4182.729870 4199.611023 4217.030481 4220.619798 4206.430167 4195.651039 4177.918658 4171.449691 4158.360884 4176.659510 4189.420491 4204.060882 4219.390452 4236.010835 4243.919626 4256.868735 4264.429212 4270.430654 4274.830222 
1048576 4268.810153 4266.049713 4262.091592 4246.480763 4231.719300 4217.760637 4204.960540 4193.210974 4184.639081 4183.491692 4176.529124 4144.029692 4138.479009 4140.540957 4156.520590 4173.459485 4177.398980 4163.250327 4148.621112 4138.968885 4133.179784 4149.340093 4163.028672 4179.520532 4193.419591 4209.429026 4215.570167 4235.899076 4240.259528 4243.388772 4257.639870 4262.009636 4263.279960 4260.068759 4248.669371 4245.739430 4242.539406 4231.980070 4215.260968 4204.150289 4193.389788 4180.241376 4168.180749 4175.620154 4191.519693 4205.439240 4218.399525 4236.008972 4237.940535 4224.749282 4217.009991 4205.459729 4190.361127 4179.010168 4160.579294 4170.779139 4180.910066 4196.830094 4212.670028 4229.329526 4237.610847 4255.240783 4262.641072 4267.510027 
1048576 4205.640405 4196.310416 4185.089841 4174.759611 4160.739481 4146.501422 4125.410691 4115.460441 4106.679931 4122.700542 4140.529782 4156.889394 4169.529304 4183.260724 4199.419171 4217.131063 4220.839590 4205.059260 4193.389788 4182.869568 4177.400842 4162.829369 4165.129736 4182.679579 4193.330184 4208.451137 4226.470366 4236.981273 4247.229546 4257.891327 4265.088588 4269.538447 4272.010177 4267.929122 4265.289754 4255.300388 4248.298705 4234.490916 4222.780466 4201.119766 4193.110391 4179.459065 4167.910665 4154.950380 4143.949598 4158.450291 4175.120965 4193.579778 4197.739065 4182.929173 4167.819396 4155.309871 4150.470719 4137.979820 4127.411172 4126.541317 4136.260599 4153.629765 4171.609879 4186.680540 4193.969071 4178.978503 4191.920161 4203.770310 
1048576 4319.099709 4315.581173 4303.831607 4292.070866 4283.331335 4269.830883 4261.519760 4243.869334 4232.339561 4217.579961 4202.369601 4192.709923 4181.079566 4195.420071 4210.880026 4228.871316 4232.909530 4217.190668 4206.119105 4195.790738 4189.290106 4178.060219 4160.730168 4176.471382 4191.620275 4205.679521 4219.310358 4235.550761 4237.050191 4225.580022 4242.980853 4247.060046 4248.468205 4246.169701 4228.109494 4211.310297 4205.659032 4191.899672 4187.678918 4204.850644 4208.670929 4222.199321 4239.840433 4253.581166 4268.448800 4283.919930 4300.199449 4308.551550 4309.900105 4307.091236 4296.028987 4280.759022 4271.138459 4257.889464 4242.941737 4232.119769 4231.169820 4245.460033 4264.190793 4280.479625 4288.621247 4298.219457 4310.689867 4318.650812 
1048576 4311.470315 4307.938740 4305.731505 4288.868979 4278.529435 4265.941679 4251.699895 4240.019247 4230.799153 4220.889881 4226.569086 4244.150594 4261.581227 4275.951535 4290.189594 4304.450005 4308.549687 4297.271371 4288.639873 4276.540130 4288.500175 4300.950095 4310.950637 4326.490685 4341.868684 4354.940727 4368.020222 4388.079047 4392.320290 4394.749179 4409.279674 4414.480180 4416.190088 4412.218928 4401.309416 4398.161545 4398.589954 4384.739324 4373.049363 4351.979122 4344.059154 4328.049719 4312.260076 4300.000146 4282.111302 4269.251600 4257.339984 4260.599613 4264.200106 4249.218851 4237.620160 4220.699891 4209.630191 4193.348810 4203.001037 4218.880087 4235.979170 4252.869636 4267.040640 4276.160151 4280.280322 4298.668355 4304.440692 4309.549928 
1048576 4220.208153 4208.670929 4197.010770 4184.689373 4173.459485 4160.949960 4149.509594 4142.960533 4131.710157 4113.730043 4101.268947 4083.281383 4071.461037 4086.010158 4101.270810 4118.541256 4121.670499 4107.989371 4096.539691 4085.460678 4074.249417 4091.449082 4107.559100 4123.819992 4138.780758 4154.019058 4160.780460 4178.700969 4183.480516 4187.680781 4200.750962 4205.388948 4206.519574 4203.788936 4192.728549 4190.780222 4187.460989 4175.728187 4157.850519 4147.918895 4139.389843 4124.850035 4129.739478 4145.290703 4160.979763 4178.130999 4193.579778 4211.759195 4214.938730 4199.879244 4188.520834 4173.479974 4164.310172 4145.538434 4133.298993 4140.930250 4155.479372 4170.309752 4188.489169 4204.088822 4211.250693 4196.720198 4204.839468 4219.619557 
1048576 4202.149808 4195.950925 4183.361307 4165.889695 4157.919437 4144.499078 4129.840061 4119.610414 4113.130271 4094.410688 4103.990272 4120.169207 4135.798663 4153.240472 4171.719775 4194.321111 4199.009389 4180.200398 4165.848717 4150.610417 4138.721153 4147.579893 4167.521372 4187.200218 4203.010350 4219.830036 4228.770733 4235.379398 4248.179495 4254.288971 4262.089729 4267.068580 4268.769175 4264.369607 4260.830581 4257.829860 4242.030904 4229.189828 4213.400185 4202.479497 4194.168374 4181.940109 4171.200097 4166.280851 4144.320264 4159.120843 4173.919559 4191.109911 4194.090143 4181.221128 4169.389606 4155.980423 4145.350307 4130.780697 4113.899544 4122.631624 4136.929289 4151.130095 4166.789353 4183.810204 4187.529907 4175.500944 4190.789536 4201.401025 
1048576 4297.100008 4295.069724 4286.119714 4275.439307 4261.231050 4248.159006 4237.489775 4224.350676 4214.471206 4202.069715 4184.469581 4172.708839 4162.820056 4157.491028 4173.060879 4190.370440 4195.921123 4180.470482 4165.019840 4157.479852 4150.139168 4136.720672 4118.749872 4124.410450 4135.331139 4152.150825 4168.670624 4187.909886 4194.609821 4204.940051 4217.911512 4222.519696 4224.160686 4221.349955 4210.660234 4201.689735 4193.959758 4176.769406 4158.429801 4142.200574 4155.250266 4169.568419 4187.040031 4202.010110 4218.930379 4234.310240 4248.930141 4265.820608 4269.048572 4255.989566 4244.441167 4230.160266 4218.569025 4206.638783 4188.669845 4197.280854 4210.330546 4225.470126 4243.029281 4258.399829 4265.539348 4281.209782 4290.899262 4296.321422 
1048576 4336.908460 4333.561286 4324.970767 4314.260557 4303.419963 4285.890609 4269.339144 4257.289693 4248.769954 4235.928878 4229.139537 4220.070317 4201.078787 4187.729210 4183.851182 4198.279232 4203.230143 4190.269858 4180.818796 4170.490429 4178.479314 4191.899672 4205.109552 4221.040756 4236.631095 4248.568788 4261.881113 4283.370450 4287.630320 4288.390279 4303.300753 4307.849333 4309.039563 4306.171089 4293.819889 4291.109741 4291.281104 4277.799278 4269.778728 4246.030003 4238.430411 4220.290110 4226.380959 4244.761541 4257.921129 4271.600395 4285.918549 4303.790629 4307.949916 4293.069243 4282.590002 4272.049293 4262.819886 4249.650985 4229.160026 4238.680005 4247.149453 4262.970760 4281.140864 4298.720509 4306.629300 4319.200292 4329.320043 4335.438833 
1048576 4254.659638 4251.200706 4243.310541 4234.399647 4220.850766 4202.900454 4191.480577 4176.300019 4167.109728 4156.390205 4150.150344 4136.230797 4135.688767 4150.619730 4166.249186 4183.059558 4186.939448 4172.939807 4161.480814 4151.640460 4142.140970 4128.230736 4111.180082 4129.519686 4143.090919 4158.509895 4172.839224 4188.559949 4192.700610 4180.410877 4193.790257 4200.218245 4202.280194 4197.139293 4181.951284 4167.109728 4151.960835 4140.660167 4128.258675 4115.439951 4111.031070 4126.420245 4145.860672 4162.680358 4175.679758 4189.370200 4203.980789 4222.050309 4226.129502 4210.699350 4199.100658 4189.100116 4180.070013 4166.219383 4150.159657 4155.419767 4165.701568 4180.720076 4199.130461 4216.918722 4224.879667 4238.119349 4248.058423 4253.240302 
1048576 4502.069205 4498.470575 4490.999505 4482.030869 4480.630159 4473.561421 4461.631179 4451.079294 4439.810291 4424.510524 4411.600530 4401.769489 4391.290247 4377.309233 4360.921681 4346.000031 4337.100312 4325.328395 4314.439371 4315.569997 4311.628640 4302.579910 4289.450124 4273.490980 4261.970520 4249.360412 4238.011315 4241.010174 4245.439544 4232.550040 4237.620160 4255.410284 4256.360233 4242.058843 4224.190488 4219.140857 4214.450717 4234.399647 4246.059805 4262.100905 4276.650026 4294.060171 4309.220240 4324.378446 4340.220243 4356.250167 4371.538758 4389.850423 4394.128919 4379.929975 4364.978522 4371.270537 4383.541644 4394.128919 4408.139735 4425.181076 4440.460354 4446.890205 4461.430013 4469.890147 4475.289956 4485.279322 4494.840279 4500.709474 
1048576 4303.229973 4299.709573 4297.500476 4284.810275 4272.829741 4254.300147 4242.870957 4232.009873 4220.720381 4208.140075 4196.420312 4180.120304 4171.930254 4157.770425 4167.729989 4184.551537 4188.949242 4172.788933 4162.829369 4159.878939 4152.219743 4168.629646 4187.859595 4209.918901 4226.408899 4237.350076 4255.970940 4267.919809 4272.149876 4279.280081 4291.331396 4295.580089 4297.429696 4293.279722 4284.480587 4274.841398 4274.910316 4267.331213 4259.549081 4248.129204 4230.629653 4212.358966 4194.609821 4199.659452 4214.409739 4229.091108 4244.429991 4262.879491 4266.818985 4251.180217 4240.440205 4228.601232 4217.790440 4201.989621 4190.890118 4207.920283 4220.830277 4235.049710 4252.400249 4268.579185 4273.971543 4290.580750 4296.330735 4301.339388 
1048576 4285.570234 4283.089191 4280.069843 4277.260974 4263.050854 4251.530394 4234.310240 4223.249853 4213.299602 4199.419171 4186.170176 4186.658189 4201.959819 4209.969193 4224.410281 4241.200164 4245.409742 4228.599370 4217.620939 4218.420014 4207.529128 4193.399101 4211.220890 4230.020568 4248.429090 4267.839715 4277.959466 4293.819889 4300.270230 4305.468872 4317.590967 4321.599379 4322.649911 4320.550710 4309.799522 4307.718948 4301.600158 4293.959588 4285.421222 4259.129986 4250.790924 4231.641069 4213.601351 4200.970754 4186.060280 4191.901535 4208.279774 4225.799814 4229.670390 4216.359928 4201.458767 4191.419110 4183.599725 4168.059677 4185.281694 4201.250151 4214.899614 4229.519516 4246.789962 4252.880812 4268.059507 4273.688421 4279.538989 4284.430295 
1048576 4423.169419 4404.900596 4385.370761 4366.720095 4358.859733 4344.770685 4343.939945 4362.078384 4368.869588 4391.210154 4406.640306 4421.111196 4447.460175 4455.849528 4470.240325 4487.959668 4493.279383 4508.519545 4531.830549 4552.369937 4560.699686 4579.389468 4586.650059 4599.209875 4613.539204 4619.739950 4624.769092 4638.990387 4645.239562 4652.049392 4663.819447 4667.779431 4670.079798 4666.259512 4658.099264 4653.660581 4650.689662 4649.570212 4639.729857 4631.271586 4632.320255 4619.678482 4599.969834 4588.160664 4572.169855 4553.940147 4536.530003 4525.288939 4514.429718 4502.959549 4502.290860 4501.041025 4501.650110 4481.511191 4462.009296 4445.260391 4437.319934 4423.398525 4407.050088 4421.940073 4426.980391 4408.350214 4400.748760 4420.939833 
1048576 4361.430183 4345.620051 4331.078380 4316.261038 4307.119176 4295.879975 4288.021475 4281.299189 4265.749827 4250.528291 4234.369844 4222.540185 4206.391051 4189.260304 4193.900153 4209.000617 4209.639505 4201.160744 4196.219146 4203.900695 4216.028377 4234.950989 4244.491458 4264.568910 4275.459796 4295.269027 4305.809736 4315.109923 4319.740459 4329.729825 4340.570420 4343.839362 4345.849156 4343.140870 4334.671423 4326.209426 4322.430119 4321.269691 4315.029830 4303.470254 4284.089431 4267.750308 4264.211282 4280.490801 4295.168445 4313.150421 4330.748692 4349.149764 4354.229197 4339.339212 4327.431321 4309.730604 4298.569635 4281.571135 4264.518619 4279.488698 4293.449223 4312.209785 4332.879558 4352.219403 4357.539117 4340.270534 4341.609776 4360.491410 
1048576 4335.669801 4326.270893 4317.998886 4299.448803 4284.299910 4272.269085 4260.789603 4247.698933 4247.220233 4261.290655 4281.040281 4296.589643 4310.790449 4326.440394 4342.911765 4359.170794 4368.521273 4387.998953 4403.470084 4422.320053 4436.841235 4450.760782 4456.920549 4468.400031 4487.238824 4499.450326 4506.550729 4514.509812 4521.379247 4532.290623 4541.659728 4545.910284 4547.210410 4543.749616 4538.610578 4530.038685 4521.299154 4519.099370 4509.828985 4503.769800 4503.671080 4485.620186 4467.768595 4460.429773 4441.909492 4430.871457 4412.379116 4395.389929 4388.321191 4368.521273 4367.008805 4357.539117 4350.919276 4339.059815 4311.110824 4293.590784 4286.158830 4272.181541 4266.699776 4282.770678 4291.389138 4311.811179 4322.210327 4334.760830 
1048576 4258.198664 4254.711792 4244.240001 4233.019426 4219.060764 4208.421335 4193.799570 4181.651399 4170.870408 4164.028913 4179.950804 4199.480638 4215.100780 4228.821024 4238.391295 4252.778366 4254.778847 4244.940355 4240.689799 4229.729995 4221.640527 4236.450419 4255.518317 4274.159670 4292.650148 4304.809496 4325.740039 4336.640239 4340.870306 4348.650575 4361.189902 4364.959896 4367.161542 4363.998771 4354.171455 4345.759749 4345.290363 4337.988794 4325.499758 4313.601181 4295.360297 4278.719425 4269.599915 4243.711010 4234.300926 4215.219989 4204.180092 4220.450297 4225.790501 4212.610424 4201.149568 4188.349470 4178.650677 4168.061540 4151.191562 4163.021222 4178.950563 4195.569083 4210.008308 4226.369783 4230.700433 4238.029942 4250.859842 4256.539047 
1048576 4359.899089 4347.009584 4334.650934 4322.070628 4314.118996 4301.130772 4289.781675 4270.540550 4263.849929 4248.300567 4234.921187 4222.489893 4216.408357 4211.410880 4223.519936 4236.951470 4238.680005 4232.680425 4223.890603 4213.711247 4202.989861 4184.808582 4166.731611 4155.710340 4167.050123 4186.538979 4204.379395 4220.999777 4225.751385 4228.821024 4248.319194 4252.549261 4254.689440 4251.210019 4234.949127 4219.729453 4207.558930 4213.580862 4229.839891 4243.750125 4258.809611 4272.639751 4291.489720 4307.299852 4322.759807 4338.951781 4354.000092 4365.218803 4365.870729 4362.558946 4351.980984 4339.508712 4324.080423 4310.090095 4298.070446 4284.679890 4294.279963 4310.950637 4329.230636 4345.340654 4349.529743 4335.140809 4343.798384 4358.220845 
1048576 4266.969860 4263.469949 4255.350679 4241.941497 4230.588675 4212.809727 4201.030359 4189.249128 4179.529846 4172.760993 4167.670384 4183.560610 4199.121147 4215.620458 4231.579602 4247.069359 4253.050312 4238.549620 4226.529971 4210.630432 4199.799150 4188.319668 4173.679277 4189.750180 4202.488810 4219.640046 4235.131666 4252.310842 4256.948829 4242.660478 4254.618660 4263.628274 4265.179858 4258.040339 4245.691001 4233.520478 4221.441224 4210.211337 4198.029637 4185.270518 4174.230620 4161.130637 4155.190662 4171.160981 4188.489169 4203.811288 4219.161347 4235.450178 4238.618538 4226.159304 4214.610904 4202.170298 4191.679880 4177.508876 4158.940166 4168.359563 4182.439297 4194.540903 4211.369902 4226.889461 4233.149812 4247.879609 4260.430112 4265.220836 
1048576 4336.779937 4333.371297 4329.279065 4321.658984 4313.658923 4300.680012 4289.239645 4271.570593 4263.600335 4250.898957 4232.870415 4229.940474 4215.810448 4214.040935 4230.780527 4248.948768 4252.878949 4238.370806 4225.239158 4209.699109 4199.011251 4184.219986 4191.350192 4210.779443 4226.678982 4241.090268 4254.190251 4265.770316 4271.948710 4289.539531 4296.569154 4300.849512 4301.689565 4298.759624 4295.390099 4281.029105 4268.139601 4257.248715 4245.089367 4232.181236 4224.371165 4217.518494 4197.441041 4212.189466 4229.160026 4243.589938 4260.819405 4277.760163 4282.878712 4268.160090 4252.089188 4240.240902 4231.298342 4219.049588 4235.370085 4251.189530 4265.470430 4279.410467 4297.770560 4303.859547 4314.579070 4324.641079 4330.540076 4335.410893 
1048576 4371.389747 4367.809743 4361.979663 4345.929250 4331.680015 4320.779815 4306.768999 4296.381027 4292.089492 4278.950393 4260.739312 4245.821387 4236.008972 4223.911092 4222.739488 4213.981330 4219.500348 4202.658311 4188.649356 4172.850400 4158.001393 4171.689972 4190.020263 4208.480939 4225.779325 4245.169461 4253.210500 4260.430112 4269.128665 4279.600456 4287.458956 4292.288795 4294.529557 4290.249199 4285.849631 4278.160632 4263.510928 4250.880331 4238.760099 4227.111116 4222.579300 4212.921485 4227.850586 4243.819043 4258.790985 4277.279601 4296.299070 4316.590726 4321.249202 4304.150119 4290.599376 4274.290055 4262.849689 4242.789000 4255.238920 4275.409505 4291.331396 4309.760407 4328.940064 4338.320345 4341.799766 4354.549572 4363.838583 4369.460046 
1048576 4354.050383 4351.608455 4348.129034 4341.699183 4331.938922 4315.178841 4303.319380 4290.660843 4281.170666 4279.598594 4272.919148 4240.270704 4232.401028 4211.660475 4200.330004 4188.058898 4191.629589 4173.679277 4161.678255 4144.450650 4142.750055 4125.410691 4124.000669 4139.190540 4141.459242 4156.790674 4172.369838 4190.281034 4195.179790 4204.420373 4217.239097 4221.910611 4222.970456 4220.308736 4210.419953 4203.010350 4192.419350 4180.330783 4161.661491 4173.589870 4187.950864 4204.010591 4222.160205 4238.540307 4254.609346 4267.528653 4281.990230 4298.200831 4302.289337 4287.740216 4279.099405 4268.309101 4261.329770 4238.858819 4246.659577 4266.569391 4275.260493 4290.450364 4309.361801 4318.879917 4333.609715 4341.499880 4347.419366 4352.658987 
1048576 4259.280860 4255.760461 4240.870476 4225.950688 4211.219028 4198.769107 4184.400663 4172.980785 4163.069651 4150.791094 4138.499498 4126.749933 4112.480208 4127.509892 4143.999889 4160.851240 4164.818674 4149.880260 4138.080403 4125.950858 4114.829004 4101.399332 4121.620208 4135.539755 4149.930552 4164.468497 4181.029275 4190.118983 4203.848541 4208.939150 4216.149449 4221.638665 4222.659394 4219.239578 4215.698689 4212.919623 4199.499264 4189.150408 4172.548652 4160.959274 4151.191562 4143.059254 4158.399999 4173.990339 4188.269377 4203.760996 4219.440743 4240.119830 4243.381321 4226.719961 4216.089845 4203.749821 4192.139953 4179.880023 4168.489948 4182.748497 4197.031260 4208.620638 4226.719961 4243.409261 4245.610908 4234.189168 4250.898957 4257.449880 
1048576 4182.020202 4168.570042 4155.898467 4143.100232 4133.360460 4120.439291 4109.568894 4099.169746 4089.839756 4076.700658 4079.870880 4095.539451 4110.939801 4126.209766 4142.969847 4160.510376 4164.900631 4150.040448 4137.730226 4123.749211 4115.540534 4101.069644 4088.899121 4101.300612 4116.039723 4132.090136 4147.769883 4163.399339 4167.888314 4154.510796 4169.700667 4176.169634 4178.019240 4173.610359 4160.609096 4150.399938 4134.949297 4121.940583 4109.729081 4096.200690 4090.460017 4076.210782 4089.970142 4105.169326 4123.300314 4139.000550 4154.929891 4173.249006 4177.570343 4162.210971 4150.040448 4138.359800 4124.028608 4109.930247 4093.050957 4102.919251 4117.719829 4134.239629 4150.230438 4165.699705 4172.788933 4159.690812 4164.218903 4181.079566 
1048576 4290.830344 4288.071766 4281.109199 4269.469529 4255.890846 4241.310060 4224.238917 4211.949185 4204.949364 4194.909707 4176.469520 4168.828949 4152.819514 4147.609696 4154.600203 4173.399881 4177.151248 4161.151126 4148.580134 4137.439653 4132.609814 4120.580852 4103.610292 4126.330838 4132.749513 4146.311432 4160.700366 4179.280251 4184.400663 4202.999175 4210.099578 4214.320332 4215.870053 4212.610424 4209.369421 4193.309695 4178.540781 4162.160680 4149.369895 4137.789831 4146.819934 4163.170233 4179.848358 4198.130220 4213.290289 4227.049649 4240.570590 4257.461056 4261.340946 4246.009514 4238.400608 4227.628931 4213.239998 4204.660654 4182.880744 4193.890840 4202.829674 4218.230024 4235.450178 4252.189770 4260.919988 4274.429753 4283.830523 4289.031029 
1048576 4281.328991 4278.220236 4273.459315 4261.439666 4252.871498 4242.010415 4231.330007 4213.919863 4206.780344 4188.640043 4173.131660 4163.309932 4148.481414 4136.029631 4127.090797 4141.811281 4145.149142 4132.980481 4123.419523 4108.030349 4100.380465 4079.909995 4090.849310 4107.939079 4118.381068 4133.978859 4149.470478 4161.369056 4175.160080 4187.569022 4194.680601 4198.370501 4200.050607 4197.349772 4194.209352 4183.579236 4172.109067 4153.799266 4141.001031 4128.899425 4120.828584 4133.781418 4148.110747 4162.909463 4176.529124 4191.068932 4207.620397 4226.319492 4231.540486 4215.260968 4204.099998 4187.179729 4179.529846 4176.570103 4175.979644 4188.049585 4204.200581 4220.830277 4239.160568 4247.479141 4253.299907 4267.400131 4273.990169 4279.240966 
1048576 4406.040534 4402.348772 4392.299801 4380.689934 4381.878302 4379.559308 4360.981286 4348.838702 4338.890314 4325.890914 4308.359697 4301.929846 4290.239885 4276.318476 4263.099283 4250.470549 4247.810692 4234.369844 4217.900336 4207.938910 4206.961021 4209.039733 4223.490134 4235.040396 4245.519638 4264.799878 4276.711494 4288.429394 4303.870723 4310.930148 4317.879677 4318.740219 4320.239648 4319.150001 4315.279424 4312.420264 4300.240427 4288.939759 4279.799759 4264.188930 4253.439605 4238.128662 4221.389070 4223.739728 4239.309579 4254.950210 4269.441590 4287.039861 4290.651530 4276.499152 4266.390577 4270.480946 4276.789725 4294.080660 4308.789968 4324.588925 4338.691011 4346.599802 4366.220906 4375.049844 4379.639402 4386.829212 4398.269579 4404.529929 
1048576 4368.649796 4365.598783 4362.419248 4356.369376 4347.590730 4334.190860 4323.109984 4310.330376 4299.279302 4284.398630 4272.708669 4260.011017 4246.190190 4231.870174 4223.510623 4205.200821 4209.190607 4195.220768 4183.260724 4164.829850 4153.929651 4145.238549 4143.899307 4136.189818 4149.360582 4163.289443 4180.271178 4196.910188 4202.740267 4218.598828 4231.039435 4235.520959 4237.489775 4233.751446 4225.470126 4213.720560 4201.240838 4189.530388 4177.771509 4181.860015 4197.010770 4211.740568 4229.679704 4245.780408 4260.629416 4275.729880 4291.620106 4309.270531 4313.109443 4297.910258 4287.879914 4275.450483 4261.769354 4249.969497 4268.469289 4283.189774 4297.150299 4312.209785 4328.580573 4335.401580 4349.209368 4357.039928 4361.588508 4366.779700 
1048576 4332.169890 4324.508831 4312.640056 4299.610853 4288.740456 4276.730120 4266.260192 4251.608625 4240.499809 4219.710827 4204.150289 4193.929955 4175.830632 4160.679877 4175.098613 4191.121086 4192.668945 4180.200398 4170.639440 4159.780219 4149.049520 4133.271053 4119.269550 4124.740139 4136.489704 4152.430221 4168.059677 4186.721519 4190.890118 4180.520773 4198.821262 4204.180092 4205.359146 4202.660173 4186.589271 4170.531407 4158.420488 4162.570462 4181.690514 4198.530689 4211.120307 4224.499688 4240.470007 4255.089909 4271.779209 4287.639633 4303.721711 4320.951179 4324.149340 4311.630502 4297.019914 4285.080358 4270.279780 4258.899018 4248.240963 4250.960425 4267.640412 4281.459376 4298.210144 4313.720390 4319.829866 4306.299612 4319.859669 4331.139848 
1048576 4268.949851 4264.168441 4251.480103 4232.360050 4221.139476 4203.639925 4192.080349 4182.029516 4171.039909 4159.079865 4147.440195 4136.409611 4120.260477 4112.120718 4125.840962 4144.040868 4148.449749 4132.419825 4121.899605 4106.929526 4102.990031 4116.779193 4134.299234 4150.539637 4163.971171 4180.170596 4185.618833 4207.609221 4210.891202 4214.629531 4228.388891 4232.760519 4234.511405 4231.018946 4220.450297 4217.920825 4216.929898 4202.140495 4186.190665 4174.569622 4164.230078 4162.879661 4178.481176 4195.079207 4210.568964 4224.911332 4238.618538 4255.609587 4258.399829 4244.999960 4237.290472 4225.000739 4210.639745 4196.360707 4185.128957 4188.399762 4202.939570 4215.730354 4233.410582 4249.880090 4254.590720 4244.109616 4259.789363 4267.510027 
1048576 4375.200719 4365.250468 4354.540259 4342.909902 4333.719611 4322.100431 4304.829985 4292.670637 4285.011441 4263.589159 4248.788580 4230.029881 4215.158522 4203.459248 4215.020686 4232.490435 4236.141220 4222.009331 4210.948944 4194.648936 4186.589271 4171.490669 4159.441218 4173.999652 4189.299420 4205.569625 4221.711308 4238.119349 4244.700074 4259.860143 4266.729578 4270.639271 4271.719605 4269.549623 4265.571013 4253.890365 4243.249074 4225.328565 4213.850945 4222.100601 4236.560315 4254.139960 4273.120314 4291.059449 4310.039803 4326.200113 4341.850057 4359.329119 4365.431145 4350.319505 4338.329658 4320.560023 4309.169948 4291.160032 4280.690104 4296.530038 4312.789068 4327.919334 4345.791414 4362.359643 4368.070513 4352.498800 4360.999912 4374.040291 
1048576 4329.800606 4326.408729 4311.099648 4295.630381 4281.640053 4269.229248 4258.209839 4243.500531 4234.060645 4222.040996 4210.609943 4199.350253 4190.670326 4171.980545 4154.769704 4156.609997 4162.050784 4145.119339 4132.488742 4112.418741 4114.469513 4108.861089 4099.790007 4118.928686 4133.069888 4152.940586 4168.430343 4179.250449 4182.439297 4196.390510 4206.100479 4210.030660 4211.649299 4208.819941 4203.191027 4191.780463 4189.480096 4181.578755 4176.450893 4192.519933 4199.629650 4214.700311 4231.721163 4248.300567 4263.490438 4277.599975 4293.398932 4310.850054 4314.890131 4299.631342 4289.718345 4277.231172 4268.638790 4255.678505 4239.678383 4256.110638 4270.099103 4284.460098 4300.879315 4315.551370 4317.469895 4305.399954 4322.649911 4328.340292 
1048576 4340.941086 4337.210208 4326.429218 4321.750253 4322.409630 4307.299852 4289.790988 4278.989509 4268.610850 4254.959524 4243.420437 4231.249914 4215.609282 4228.120670 4247.160628 4267.159849 4270.819947 4254.940897 4240.280017 4224.130884 4210.120067 4195.461050 4206.309095 4225.390032 4243.319854 4259.519279 4274.129868 4283.219576 4287.559539 4305.019975 4311.280325 4316.290841 4318.149760 4313.969985 4311.731085 4297.109321 4281.409085 4267.640412 4252.810031 4241.928458 4227.399826 4218.170419 4217.170179 4199.080169 4200.890660 4215.210676 4230.860621 4248.889163 4252.299666 4237.899557 4228.370264 4211.539403 4206.588492 4221.299663 4238.530993 4254.968837 4268.119112 4283.940420 4291.988909 4311.369732 4315.989092 4320.329055 4333.319142 4338.329658 
1048576 4323.208705 4319.589585 4311.900586 4301.108420 4290.089011 4271.959886 4254.790023 4242.990166 4233.470187 4219.589755 4207.000136 4197.161645 4189.088941 4192.540422 4212.638363 4232.769832 4236.949608 4219.688475 4204.470664 4188.848659 4174.510017 4160.629585 4171.470180 4190.269858 4208.261147 4226.399586 4241.818562 4252.249375 4255.561158 4270.410165 4279.511049 4282.988608 4284.551367 4281.830043 4276.489839 4261.881113 4247.309640 4234.330729 4216.698930 4205.841571 4211.340100 4228.001460 4245.791584 4259.400070 4274.699837 4287.600517 4303.101450 4311.868921 4312.559962 4311.200231 4296.131432 4285.350442 4277.698696 4266.750067 4248.740152 4232.399166 4233.948886 4248.708487 4266.809672 4284.368828 4293.479025 4306.208342 4315.579310 4322.040826 
1048576 4363.639280 4357.229918 4345.899448 4334.950820 4326.781258 4312.088713 4295.250401 4283.279181 4278.009757 4282.731563 4300.370812 4315.279424 4330.661148 4347.519949 4362.860695 4380.529746 4389.559850 4405.738786 4418.641329 4439.840093 4455.931485 4463.121295 4475.619644 4487.439990 4507.750273 4519.890994 4528.129473 4536.939785 4542.369395 4553.250968 4562.700167 4567.319527 4569.429904 4565.428942 4558.891058 4550.511017 4541.540518 4536.299035 4527.390003 4525.098950 4523.279145 4501.659423 4486.968741 4476.459697 4460.649565 4449.170083 4437.189549 4425.089806 4415.279254 4394.739866 4390.290007 4386.439919 4376.800731 4359.219223 4348.069429 4336.440936 4327.740520 4308.780655 4307.029769 4324.590787 4331.009462 4339.639097 4353.150725 4361.441359 
1048576 4409.080371 4405.578598 4400.359467 4389.010370 4379.920661 4363.080487 4351.060838 4332.838580 4321.530461 4304.438829 4300.549626 4273.610190 4264.909774 4273.669794 4280.539230 4285.980016 4286.769778 4285.829142 4284.199327 4274.329171 4260.370508 4242.569208 4230.439663 4221.679643 4211.440682 4205.320030 4221.741110 4238.689318 4245.199263 4256.358370 4270.540550 4276.070744 4278.000444 4273.310304 4262.860864 4253.169522 4240.998998 4230.700433 4213.260487 4228.420556 4243.280739 4261.920229 4278.948531 4297.420382 4316.790029 4335.189238 4352.079704 4369.810224 4373.008385 4359.290004 4346.499220 4328.621551 4314.480349 4300.110042 4288.259894 4303.380847 4321.351647 4338.890314 4358.170554 4373.960197 4381.289706 4395.380616 4402.039573 4407.580942 
1048576 4407.040775 4400.189966 4380.870610 4360.890016 4346.339032 4325.769842 4306.929186 4323.260859 4336.940125 4350.440577 4369.070753 4384.050146 4398.180172 4413.839430 4430.849105 4448.261112 4457.369447 4473.190755 4486.469552 4506.168887 4522.589967 4538.720474 4545.070231 4554.599524 4573.209211 4585.530609 4590.200260 4598.019645 4608.180374 4617.318511 4625.460133 4630.189389 4632.020369 4628.250375 4623.331130 4616.141319 4608.191550 4607.010633 4596.130922 4589.440301 4589.090124 4566.090181 4555.689171 4545.370117 4527.520388 4518.330097 4500.709474 4490.790889 4475.140944 4468.310624 4453.899339 4452.841356 4453.208297 4440.270364 4428.090528 4412.539303 4413.899034 4410.620779 4392.189905 4381.431267 4383.889958 4374.770448 4396.388307 4404.990003 
1048576 4284.929484 4282.690585 4277.760163 4266.221076 4252.418876 4240.810871 4223.860800 4214.100540 4207.890481 4190.009087 4177.959636 4162.980244 4154.179245 4166.679457 4182.100296 4199.670628 4203.010350 4188.280553 4202.751443 4218.639806 4229.469225 4241.140559 4254.868254 4269.311205 4275.660962 4295.470193 4307.899624 4318.309948 4321.720451 4329.530522 4341.609776 4345.970228 4347.199574 4344.530404 4334.051162 4324.790090 4317.250103 4315.519705 4314.320162 4297.761247 4283.040762 4266.390577 4251.841456 4241.161048 4232.119769 4226.459190 4228.629172 4245.208576 4248.630255 4234.019667 4222.741351 4207.840189 4201.589152 4184.179008 4172.101617 4187.930375 4202.570766 4217.790440 4234.358668 4250.019789 4256.490618 4272.788763 4278.199747 4283.759743 
1048576 4281.090572 4277.801141 4268.089309 4258.170724 4249.760881 4231.600091 4214.739427 4203.390330 4194.330424 4179.790616 4171.609879 4163.719714 4147.799686 4141.150042 4157.410935 4176.368937 4181.139171 4164.099693 4152.119160 4138.100892 4131.788388 4120.539874 4105.780274 4125.058651 4134.209827 4147.440195 4162.790254 4181.940109 4183.160141 4172.118381 4192.970693 4198.219627 4199.590534 4196.049646 4178.779200 4164.310172 4148.039967 4135.169089 4114.380106 4124.319181 4136.059433 4152.748734 4172.749817 4188.399762 4203.300923 4215.968773 4231.059924 4249.108955 4252.720624 4237.290472 4225.930199 4215.950146 4207.031801 4197.599366 4175.821319 4184.700549 4192.778841 4207.029939 4225.548357 4243.619740 4251.429811 4261.849448 4273.898900 4279.930145 
1048576 4289.211705 4285.128787 4277.709872 4267.301410 4251.969978 4259.750247 4277.428612 4293.719307 4306.171089 4323.419183 4339.089617 4354.910925 4370.281473 4385.149106 4401.789978 4417.819902 4421.390593 4408.070818 4395.639524 4386.210814 4377.480596 4359.981045 4348.279908 4363.199696 4378.261045 4393.128678 4406.780005 4422.849044 4427.390173 4414.800555 4427.779466 4434.689879 4436.310381 4430.850968 4417.661577 4400.599748 4390.599206 4378.719255 4366.101697 4352.979362 4343.230277 4329.679534 4317.620769 4305.221140 4296.230152 4284.720868 4270.900041 4277.201369 4278.669134 4277.039319 4262.369126 4254.961386 4248.039797 4230.650142 4213.061184 4201.728851 4199.018702 4214.910790 4231.240600 4249.401391 4258.820787 4271.149635 4281.638190 4287.829623 
1048576 4370.100796 4367.940128 4367.100075 4365.390167 4350.639880 4336.209968 4320.049658 4307.949916 4296.889529 4284.020513 4273.518920 4263.039678 4246.100783 4240.030423 4224.071279 4227.180034 4231.279716 4216.009751 4202.799872 4190.299660 4182.500765 4165.410995 4154.549912 4169.790074 4184.519872 4199.279472 4214.471206 4231.579602 4233.220592 4223.208874 4240.829498 4245.989025 4247.359931 4243.958741 4228.020087 4211.550578 4199.329764 4186.930135 4174.700007 4183.480516 4196.921363 4214.359447 4231.421277 4245.491698 4260.949790 4276.650026 4291.988909 4310.179502 4313.040525 4299.310967 4288.440570 4273.599014 4265.049472 4253.059626 4269.778728 4284.940660 4298.970103 4314.038903 4331.331700 4338.759929 4354.739562 4361.279309 4366.420209 4369.338974 
1048576 4251.280800 4247.279838 4235.439003 4218.479618 4203.749821 4189.601168 4170.510918 4159.050062 4148.289561 4136.610776 4123.849794 4112.889990 4116.760567 4132.540897 4147.149622 4164.170474 4168.229178 4152.961075 4144.459963 4129.469395 4118.639976 4106.860608 4124.719650 4138.089716 4152.080044 4168.599844 4183.329642 4191.180691 4205.569625 4212.750122 4219.330847 4222.899675 4224.879667 4221.519455 4218.449816 4215.149209 4200.188443 4189.681262 4172.910005 4161.359742 4151.469097 4144.489765 4159.400240 4174.880683 4188.010469 4202.768207 4218.099639 4236.290231 4238.070920 4223.989323 4209.879786 4201.181233 4194.779322 4185.101017 4169.071093 4170.529544 4178.950563 4195.921123 4214.150831 4232.451320 4237.331450 4227.610305 4242.679104 4249.209538 
1048576 4272.880033 4270.369187 4266.928881 4261.741415 4251.809791 4238.801077 4221.411422 4211.690277 4200.261086 4187.630489 4176.009446 4165.189341 4149.189219 4139.130935 4129.949957 4149.518907 4155.259579 4137.929529 4125.440493 4107.600078 4103.640094 4105.580971 4126.189277 4144.340754 4162.289202 4181.550816 4188.301042 4195.710644 4206.459969 4215.510562 4222.210497 4227.099940 4228.349775 4225.600511 4219.520837 4214.338958 4202.960059 4194.550216 4177.279770 4171.760753 4172.259942 4145.029932 4134.109244 4148.419946 4164.040089 4180.079326 4195.820540 4213.269800 4216.879606 4201.469943 4191.579297 4175.560549 4167.079926 4154.879600 4173.340276 4187.300801 4201.080650 4216.169938 4233.470187 4239.909351 4253.529012 4260.689020 4266.440868 4271.648824 
1048576 4287.339747 4284.139723 4280.440509 4273.740575 4264.449701 4252.979532 4236.299545 4219.681025 4211.420193 4199.199378 4191.810265 4174.269736 4163.959995 4145.959392 4154.719412 4170.048982 4176.130518 4161.078483 4146.359861 4132.559523 4123.851657 4109.060392 4098.029807 4113.230854 4127.418622 4141.710699 4157.241434 4175.901413 4179.628566 4191.420972 4202.580079 4207.650200 4209.380597 4205.901176 4198.079929 4186.369479 4178.170115 4161.439836 4149.369895 4137.689248 4127.480090 4129.670560 4146.410152 4161.650315 4176.480696 4192.339256 4208.169878 4225.708544 4229.299724 4214.759916 4205.301404 4189.040512 4180.960357 4170.419648 4184.259102 4199.970514 4213.590175 4228.390753 4245.689139 4253.380001 4265.358672 4273.530096 4279.728979 4285.039380 
1048576 4301.648587 4300.061613 4294.719547 4287.630320 4279.941320 4266.830161 4248.449579 4238.151014 4229.560494 4215.300083 4204.709083 4194.719717 4178.071395 4164.868966 4153.771326 4170.449451 4175.798967 4164.790735 4183.679819 4200.980067 4215.680063 4236.029461 4247.779027 4256.930202 4262.659699 4277.151078 4283.830523 4292.080179 4301.020876 4310.399294 4318.879917 4322.599620 4324.041307 4321.869463 4315.290600 4308.510572 4303.039983 4301.741719 4291.050136 4283.539951 4280.420020 4263.781011 4260.858521 4238.689318 4221.210256 4207.698628 4225.110635 4242.660478 4245.929420 4231.819883 4217.728972 4205.770791 4195.600748 4183.409736 4200.588912 4216.300324 4229.079932 4245.210439 4262.940958 4270.169884 4280.120134 4288.980737 4295.408726 4301.270470 
1048576 4413.079470 4409.888759 4398.340359 4388.758913 4377.391189 4363.629967 4352.031276 4339.640960 4323.730245 4311.218858 4316.439852 4331.829026 4345.800728 4363.149405 4377.931356 4395.009950 4404.719919 4420.220852 4435.559735 4455.760121 4471.169785 4479.309544 4490.390420 4504.449666 4522.040486 4534.069449 4540.199414 4548.629746 4556.920379 4566.330463 4576.498643 4580.400884 4582.080990 4578.460008 4571.819678 4565.140232 4557.529464 4556.251690 4547.558725 4539.899528 4538.789392 4526.339471 4500.878975 4490.880296 4476.979375 4467.239603 4449.680448 4440.149292 4428.889602 4417.490214 4418.719560 4400.540143 4391.219467 4374.239594 4361.689091 4349.280149 4341.721535 4344.489425 4361.949861 4377.121106 4383.480176 4391.629249 4406.219348 4412.179813 
1048576 4387.479275 4385.149106 4377.739504 4366.539419 4356.879741 4342.949018 4331.529140 4318.799824 4310.259596 4290.958866 4275.849089 4266.209900 4247.430712 4230.810329 4212.310538 4206.771031 4206.070676 4188.539460 4172.150046 4163.490608 4167.700186 4153.190181 4182.400182 4194.568843 4211.939871 4225.110635 4234.109074 4242.459312 4259.230569 4265.230149 4272.589460 4276.629537 4278.589040 4275.240004 4270.499572 4268.189892 4256.419837 4252.878949 4244.169220 4231.650382 4237.109795 4251.539707 4269.801080 4283.741117 4299.908876 4316.199571 4332.249984 4348.279908 4351.910204 4338.070750 4327.831790 4310.430959 4302.920774 4289.058968 4276.400432 4292.489961 4305.019975 4320.610315 4337.871447 4353.800789 4358.381033 4372.648895 4379.929975 4386.149347 
1048576 4228.791222 4226.021469 4219.720140 4207.249731 4192.760214 4179.619253 4162.229598 4150.370136 4143.269733 4133.330658 4121.359438 4109.421745 4125.790671 4142.090678 4162.030295 4184.000194 4188.820720 4171.108827 4155.740142 4147.559404 4156.788811 4172.028974 4190.741107 4209.060222 4225.140437 4234.831780 4241.939634 4259.429872 4263.890907 4268.389195 4281.999543 4286.030307 4287.760705 4284.869879 4273.420200 4270.629957 4270.819947 4250.999540 4233.649001 4221.960902 4212.088883 4200.629890 4190.670326 4181.019962 4167.810082 4165.509716 4178.911448 4195.930436 4199.938849 4184.881225 4178.399220 4162.849858 4153.061658 4139.238968 4120.938480 4129.780456 4141.690210 4155.971110 4173.250869 4191.290587 4199.860618 4213.370383 4221.569747 4227.820784 
1048576 4246.560857 4238.510504 4227.880388 4212.619737 4198.759794 4184.829071 4173.198715 4160.780460 4150.679335 4137.529060 4126.820713 4110.349342 4119.889811 4135.360941 4151.079804 4170.870408 4176.899791 4160.139710 4147.781059 4135.809839 4121.949896 4103.928804 4092.460498 4099.830985 4114.650190 4131.751135 4149.518907 4168.920219 4175.249487 4159.139469 4163.959995 4180.520773 4182.379693 4166.929051 4154.110327 4143.221304 4134.358838 4125.209525 4114.659503 4112.660885 4121.620208 4137.739539 4156.351089 4172.859713 4187.729210 4201.389849 4216.719419 4233.909771 4238.219932 4223.270342 4212.990403 4200.609401 4190.089181 4172.440618 4161.980003 4165.509716 4179.149866 4194.218665 4212.720320 4227.401689 4233.680665 4221.180454 4234.619439 4244.450480 
1048576 4318.051040 4315.840080 4309.561104 4297.278821 4287.900403 4278.929904 4261.609167 4256.669432 4257.449880 4226.351157 4213.690758 4196.289927 4186.199978 4174.949601 4192.080349 4209.559411 4213.569686 4197.848961 4199.430346 4221.089184 4236.079752 4250.170663 4261.640832 4277.950153 4284.940660 4304.429516 4311.069846 4319.891334 4328.079522 4337.899387 4346.800968 4351.180047 4351.869226 4349.170253 4342.190921 4335.699603 4329.629242 4325.041547 4324.190319 4307.661206 4296.731204 4279.881716 4268.540069 4257.868975 4236.480221 4247.939214 4264.310002 4280.310124 4283.569753 4270.389676 4258.939996 4247.369245 4232.939333 4219.649360 4207.639024 4223.510623 4237.970337 4252.519459 4270.169884 4286.520183 4290.429875 4303.058609 4311.660305 4317.250103 
1048576 4301.579669 4297.859967 4297.999665 4280.179739 4265.949130 4252.120852 4234.148189 4223.879427 4215.020686 4200.050607 4187.889397 4176.089540 4167.111591 4156.930372 4172.511399 4189.349711 4193.590954 4177.801311 4168.130457 4153.670743 4145.558923 4137.011245 4114.469513 4123.620689 4133.420065 4150.019959 4166.919738 4183.320329 4188.701510 4175.530747 4191.549495 4200.590774 4202.280194 4194.760695 4182.349890 4170.989618 4155.870527 4138.680175 4121.750593 4134.209827 4148.779437 4165.070131 4180.880263 4195.829853 4211.070016 4226.269200 4241.930321 4261.679947 4264.879972 4249.660298 4238.778725 4225.678742 4215.769470 4203.099757 4187.790677 4204.299301 4218.310118 4232.591018 4249.889404 4265.969619 4272.241145 4289.060831 4295.328632 4299.709573 
1048576 4358.479753 4356.041551 4345.489666 4335.321486 4326.719791 4309.630021 4293.099046 4281.129688 4272.190854 4258.170724 4245.750606 4234.060645 4231.180996 4243.019968 4259.228706 4266.919568 4267.901182 4266.740754 4251.800478 4244.059324 4235.910252 4220.990464 4205.429927 4186.680540 4189.850762 4206.079990 4221.340641 4239.870235 4247.998819 4262.730479 4272.749647 4277.501255 4278.618842 4276.148975 4268.540069 4257.380962 4242.161289 4230.329767 4214.840010 4204.358906 4215.780646 4230.629653 4249.770194 4264.330491 4279.740155 4292.968661 4309.119657 4326.170310 4330.219701 4315.530881 4303.529859 4292.529076 4281.118512 4273.228347 4252.279177 4260.919988 4270.508885 4285.771400 4304.040223 4320.040345 4328.290001 4339.439794 4351.690412 4357.410595 
1048576 4316.849634 4313.068464 4295.639694 4277.769476 4268.109798 4257.190973 4239.220172 4229.521379 4221.489653 4211.680964 4200.609401 4192.270339 4205.010831 4222.560674 4234.859720 4259.569570 4265.690222 4283.141345 4299.670458 4328.621551 4339.739680 4360.450432 4365.589470 4371.691495 4380.028695 4387.671128 4393.789917 4407.400265 4413.980991 4420.610145 4432.700574 4436.081275 4438.320175 4434.909672 4426.559433 4424.059764 4424.769431 4423.590377 4413.070157 4406.370223 4404.889420 4394.060001 4385.178909 4376.580939 4341.909662 4331.449047 4308.849573 4288.598895 4291.050136 4273.399711 4249.649122 4233.369604 4226.030782 4216.410220 4197.359085 4216.380417 4230.879247 4244.919866 4265.209660 4286.050797 4292.279482 4289.628938 4309.769720 4315.320402 
1048576 4351.010546 4347.929731 4339.290783 4334.840924 4329.310730 4318.350926 4306.429997 4287.669435 4276.510328 4260.851070 4248.289391 4235.880449 4227.070138 4209.579900 4213.200882 4229.879007 4234.559834 4219.019786 4207.961261 4196.289927 4185.181111 4171.179608 4156.829789 4176.190123 4188.330844 4204.081371 4218.820482 4236.038774 4240.639508 4257.328808 4263.829440 4267.578945 4268.819466 4266.278818 4263.028502 4251.509905 4234.988242 4221.798852 4209.989682 4198.810086 4189.031199 4174.100235 4193.039611 4207.341000 4223.629832 4237.590358 4251.221195 4267.489538 4271.458834 4256.470129 4249.380901 4238.270223 4227.861762 4231.600091 4248.430952 4260.620102 4275.469109 4293.249920 4304.241389 4321.791232 4327.740520 4333.799705 4344.198853 4350.360483 
1048576 4257.921129 4255.000502 4247.019067 4234.280437 4224.101081 4211.569205 4200.279713 4185.769707 4176.480696 4163.948819 4147.449508 4137.540236 4120.411351 4111.239687 4124.568775 4141.880199 4146.261141 4131.689668 4121.858627 4107.220098 4095.960408 4084.730521 4099.711776 4115.460441 4129.990935 4145.979881 4161.259159 4169.831052 4182.660952 4189.910367 4196.720198 4201.300442 4202.660173 4199.439660 4195.230082 4191.121086 4181.260243 4169.490188 4157.511517 4139.509052 4131.810740 4123.259336 4140.200093 4155.259579 4171.850160 4187.650979 4202.969372 4219.159484 4224.529490 4211.200401 4199.750721 4183.361307 4172.420129 4157.679155 4147.250205 4163.019359 4177.089781 4192.048684 4209.309816 4225.408658 4229.679704 4239.330068 4250.910133 4256.401211 
1048576 4213.320091 4199.529067 4187.760875 4172.939807 4163.740203 4150.740802 4139.779136 4127.399996 4119.200632 4107.581452 4120.461643 4137.510434 4152.750596 4160.040990 4175.189883 4191.720858 4197.800532 4179.658368 4170.389846 4167.309031 4159.111530 4177.030176 4195.619375 4217.358306 4236.059263 4246.499389 4260.679707 4270.100966 4274.720326 4285.041243 4296.109080 4300.469533 4302.499816 4299.189895 4291.910678 4283.240065 4280.660301 4275.130108 4264.621064 4253.100604 4237.620160 4222.000018 4201.509058 4184.139892 4169.849679 4169.300199 4186.920822 4205.040634 4208.849743 4194.239154 4182.711244 4166.340455 4159.398377 4141.891375 4130.220041 4133.759066 4148.129374 4165.019840 4181.548953 4193.900153 4201.870412 4189.919680 4195.470363 4211.669788 
1048576 4343.410954 4339.948297 4335.280508 4330.670461 4319.930449 4302.190617 4291.700199 4274.070263 4265.861586 4251.800478 4240.479320 4233.710468 4222.249612 4207.709804 4207.080230 4224.099219 4228.249192 4213.601351 4198.938608 4187.509418 4176.620394 4163.339734 4151.050001 4167.379811 4179.451615 4196.669906 4211.461172 4229.459912 4232.930019 4245.910794 4255.970940 4259.940237 4261.728376 4258.681089 4250.969738 4240.060225 4230.640829 4216.879606 4199.909046 4190.189764 4179.378971 4186.529666 4203.749821 4219.120368 4234.040156 4249.980673 4264.999181 4282.439128 4285.249859 4272.928461 4262.490198 4251.098260 4240.330309 4226.550460 4240.840673 4258.278757 4271.591082 4286.888987 4303.548485 4309.648648 4320.930690 4330.689088 4335.720092 4341.868684 
1048576 4240.689799 4236.981273 4233.399406 4227.770492 4220.610484 4203.120247 4192.909226 4182.148725 4167.510197 4155.009985 4142.649472 4154.160619 4168.249667 4183.540121 4199.579358 4216.780886 4221.031442 4205.500707 4193.980247 4180.660471 4172.850400 4158.690572 4143.869504 4160.510376 4174.590111 4190.130159 4205.169156 4222.339019 4225.660115 4212.930799 4228.020087 4233.591259 4236.120731 4232.240841 4216.879606 4202.110693 4192.890599 4178.589210 4166.379571 4152.778536 4142.310470 4129.780456 4117.738456 4117.060453 4131.838679 4147.488624 4162.769765 4180.049524 4184.309393 4169.750959 4159.150645 4141.971469 4133.149981 4124.041647 4135.988653 4152.951762 4167.588428 4183.251411 4200.741649 4206.940532 4220.589995 4228.029400 4233.049229 4238.439724 
1048576 4222.728312 4216.989502 4205.759615 4189.239815 4178.650677 4160.959274 4144.389182 4134.310409 4124.151543 4112.100229 4100.149497 4088.830203 4083.409905 4078.339785 4095.500335 4112.899303 4117.028788 4101.131111 4085.808992 4100.000486 4109.630361 4124.879837 4134.699702 4150.578752 4164.559767 4171.490669 4191.508517 4202.891141 4206.540063 4213.741049 4226.190969 4230.881110 4232.119769 4228.670150 4219.099879 4210.829735 4210.080951 4203.818738 4191.668704 4171.639681 4164.818674 4145.400599 4134.248942 4148.900509 4164.310172 4178.090021 4192.659631 4209.779203 4213.070497 4197.869450 4188.679159 4178.199917 4166.910425 4157.690331 4138.020799 4145.950079 4155.229777 4170.009866 4189.109430 4205.320030 4211.289808 4199.169576 4211.759195 4221.510142 
1048576 4266.100004 4262.080416 4257.818684 4248.918965 4240.609705 4228.970036 4212.619737 4200.460389 4190.139472 4176.640883 4165.170714 4153.789952 4145.808518 4140.719771 4156.950861 4175.171256 4179.738462 4163.820297 4153.050482 4138.180986 4128.281027 4114.590585 4134.060815 4148.270935 4162.659869 4177.819937 4194.000736 4201.939330 4213.230684 4221.729934 4229.519516 4232.689738 4234.729335 4230.840132 4227.390513 4220.889881 4212.019965 4200.119525 4185.568541 4169.870168 4160.970449 4151.290283 4133.671522 4142.731428 4154.380411 4171.170294 4187.289625 4203.580320 4208.648577 4194.959998 4181.329161 4168.439656 4160.439596 4145.501181 4160.819575 4179.010168 4191.059619 4208.100960 4225.838929 4232.600331 4241.039976 4250.640050 4258.530214 4264.591262 
1048576 4287.039861 4284.979776 4283.851013 4273.939878 4267.279059 4249.969497 4232.550040 4221.459851 4210.630432 4195.610061 4183.959216 4176.029935 4177.659750 4191.579297 4206.569865 4226.189107 4230.679944 4214.569926 4208.419472 4222.029820 4237.679765 4257.740453 4266.809672 4284.700379 4291.901365 4301.590845 4316.968843 4326.518625 4330.810159 4339.640960 4351.779819 4356.259480 4357.500002 4355.110228 4344.999790 4336.319864 4333.289340 4331.449047 4318.919033 4309.609532 4299.700260 4288.529977 4271.129146 4259.789363 4245.750606 4225.999117 4221.331328 4233.358428 4237.540066 4223.469645 4211.550578 4203.060642 4191.929474 4181.651399 4183.938727 4199.121147 4209.280014 4225.939512 4244.750366 4253.190011 4267.020151 4276.899621 4283.240065 4285.359755 
1048576 4366.170615 4362.819716 4353.340715 4343.530163 4328.209907 4315.819591 4298.139364 4288.800061 4278.479144 4282.820970 4301.758483 4315.428436 4330.050200 4345.929250 4362.840205 4380.339757 4388.019443 4405.818880 4423.890263 4439.648241 4452.548921 4461.759701 4475.470632 4488.140345 4509.819672 4520.699382 4530.170932 4539.050162 4543.669522 4554.240033 4564.590752 4568.940029 4570.860416 4567.539319 4559.181631 4551.021382 4541.691393 4535.051063 4530.029371 4523.349926 4522.798583 4502.819851 4488.701001 4477.839917 4470.700398 4452.480003 4433.840513 4417.460412 4410.019144 4392.540082 4391.010851 4388.840869 4373.820499 4365.030676 4355.739802 4338.920116 4330.949858 4320.431501 4308.508709 4326.339811 4334.960133 4347.190261 4358.589649 4364.509135 
1048576 4322.879016 4320.260137 4318.470135 4303.110763 4293.849692 4279.909655 4268.510267 4255.641252 4248.021170 4234.841093 4218.470305 4207.011312 4202.190787 4216.490313 4231.810570 4250.129685 4256.369546 4239.469767 4227.058962 4218.960181 4226.449877 4244.551063 4257.889464 4277.409986 4295.559600 4303.449765 4309.710115 4327.660426 4332.290962 4337.409511 4350.628704 4354.679957 4356.570542 4353.329539 4341.838881 4337.590188 4335.939884 4324.309528 4313.901067 4306.608811 4296.250641 4277.739674 4265.550524 4249.269143 4240.959883 4237.359390 4253.210500 4271.119833 4274.619743 4259.129986 4248.479381 4230.810329 4221.959040 4204.610363 4214.869812 4231.849685 4246.840253 4261.719063 4276.970401 4286.980256 4293.940961 4310.280085 4315.739498 4321.349785 
1048576 4355.710000 4351.980984 4347.249866 4341.160879 4331.830889 4319.040105 4307.338968 4293.881357 4279.300570 4266.669974 4255.000502 4247.769713 4249.090329 4263.959825 4277.270287 4295.449704 4302.579910 4286.641255 4270.091653 4259.839654 4260.558635 4248.861223 4230.091348 4221.931100 4237.389192 4258.619621 4276.879132 4297.370091 4303.969443 4307.849333 4323.819652 4328.599200 4330.920056 4327.051342 4313.929006 4304.539412 4300.080240 4286.669195 4276.409745 4256.268963 4241.559654 4221.050069 4214.320332 4230.400547 4245.860502 4261.039197 4278.160632 4295.000806 4299.109802 4285.849631 4271.209240 4259.988666 4246.698692 4236.079752 4250.761122 4267.640412 4281.749949 4297.519103 4315.029830 4321.780056 4332.989454 4342.120141 4347.760230 4354.141653 
1048576 4305.168986 4301.929846 4294.781014 4282.061011 4274.539649 4260.251299 4248.939455 4239.160568 4225.010052 4210.969433 4193.389788 4181.729630 4166.889936 4174.109548 4192.400724 4210.500047 4217.650741 4201.028496 4186.460748 4170.648754 4165.379331 4152.020440 4145.858809 4161.650315 4165.111110 4181.658849 4199.760035 4219.179973 4222.419113 4213.651642 4237.670451 4242.571071 4244.599491 4240.389913 4220.200703 4200.249910 4184.819758 4168.430343 4150.269553 4138.819873 4149.060696 4166.249186 4185.419530 4201.840609 4218.218848 4233.470187 4250.010476 4266.869277 4272.090271 4258.049652 4243.619740 4231.289029 4220.061004 4203.861579 4192.000255 4209.330305 4223.100841 4238.620400 4255.229607 4272.300750 4276.320338 4288.049415 4298.459738 4303.548485 
1048576 4311.518744 4308.689386 4296.109080 4282.979295 4275.461659 4264.609888 4248.538986 4238.599911 4223.939031 4209.659994 4192.490131 4183.109850 4174.770787 4162.039608 4159.709439 4171.529785 4174.470901 4160.469398 4148.799926 4143.180326 4148.889333 4161.620513 4178.829491 4196.589813 4210.280254 4220.850766 4230.471328 4252.510145 4256.499931 4256.891087 4272.749647 4276.799038 4278.149456 4275.070503 4262.650385 4260.400310 4259.649664 4246.529192 4236.139357 4219.390452 4212.301224 4198.798910 4201.479256 4216.030240 4228.930920 4245.089367 4260.879010 4281.599075 4285.318777 4269.000143 4256.850109 4240.959883 4232.110456 4220.630974 4211.509600 4211.351275 4223.998636 4240.509123 4259.610549 4276.009277 4283.789545 4288.958386 4305.070266 4310.050979 
1048576 4320.951179 4317.831248 4311.779514 4292.519763 4274.150357 4254.840314 4234.880209 4223.499447 4212.550819 4192.259163 4170.911387 4150.729626 4134.340212 4115.089774 4096.301273 4112.560302 4118.120298 4104.560241 4110.090435 4130.980000 4142.520949 4163.131118 4171.419889 4186.069593 4193.559289 4201.019183 4208.119586 4223.849624 4228.379577 4234.610125 4247.650504 4252.180457 4253.739491 4250.120372 4240.481183 4235.010594 4232.300445 4223.998636 4216.859117 4201.341420 4189.869389 4186.708480 4203.930497 4220.010713 4235.981032 4244.869575 4258.830100 4276.379943 4277.929664 4264.229909 4259.709269 4251.739010 4243.900999 4230.760038 4226.649180 4238.380119 4246.128723 4262.700677 4278.900102 4286.518320 4291.459918 4304.440692 4313.539714 4319.019616 
1048576 4228.711128 4223.240539 4211.289808 4199.059680 4183.581099 4173.239693 4158.070311 4145.981744 4136.620089 4122.970626 4110.990092 4128.959030 4138.799384 4150.871187 4165.640101 4182.070494 4187.790677 4172.621295 4157.260060 4153.041169 4149.951041 4134.880379 4155.099392 4173.459485 4192.920402 4212.370142 4220.509902 4228.560254 4240.678623 4247.151315 4255.739972 4259.839654 4260.849208 4258.370027 4252.430052 4249.468446 4240.140319 4235.019907 4222.869873 4210.330546 4194.879904 4177.249968 4159.299657 4153.959453 4168.910906 4183.029756 4199.048504 4216.460511 4219.710827 4205.500707 4192.879423 4180.939868 4169.890657 4156.580195 4144.581035 4149.440676 4163.431004 4177.499563 4194.609821 4210.550338 4215.950146 4205.100238 4218.449816 4227.438942 
1048576 4209.419712 4203.230143 4188.669845 4172.790796 4163.319245 4151.089117 4139.870405 4127.480090 4123.300314 4101.529717 4090.849310 4081.308842 4095.140845 4109.280184 4123.419523 4140.580073 4146.991298 4133.250564 4122.370854 4102.550447 4101.909697 4104.249179 4123.779014 4143.610597 4159.599543 4177.100956 4183.320329 4190.480337 4201.229662 4209.579900 4217.028618 4221.068695 4222.819582 4219.809547 4215.870053 4209.579900 4199.320450 4189.450294 4173.619673 4169.449210 4164.200276 4146.859050 4128.159955 4133.079201 4149.299115 4166.310653 4181.560129 4199.041054 4202.120006 4187.829792 4176.879302 4164.660349 4149.310291 4137.869924 4123.179242 4129.569978 4143.569618 4158.688709 4174.889997 4190.489650 4195.630550 4182.519391 4198.450595 4208.460450 
1048576 4291.560501 4287.930205 4274.919629 4256.021231 4245.370626 4230.279475 4219.150171 4205.280915 4196.409136 4183.789715 4171.989858 4162.348807 4161.741585 4176.538438 4192.641005 4210.049286 4214.050248 4198.770970 4186.509177 4175.130278 4164.099693 4151.860252 4139.849916 4142.649472 4155.360162 4171.570763 4187.509418 4204.601049 4211.459309 4196.319729 4210.310057 4220.770672 4222.270101 4213.400185 4202.820361 4189.159721 4176.810384 4168.799147 4151.551053 4155.211151 4168.048501 4183.840007 4202.200100 4218.110815 4233.868793 4247.929901 4262.410104 4278.788343 4281.109199 4267.791286 4260.119051 4244.839773 4236.439243 4224.289209 4204.591736 4213.759676 4224.261269 4238.709807 4256.131127 4273.250699 4278.400913 4267.729819 4283.789545 4290.480167 
1048576 4292.599857 4290.040582 4285.611212 4275.109619 4271.211103 4253.719002 4237.338901 4220.670089 4214.480519 4203.628749 4213.280976 4230.879247 4245.290533 4262.229428 4279.511049 4299.139604 4303.308204 4286.991432 4274.990410 4266.409203 4282.239825 4297.960550 4307.448864 4325.330257 4336.969927 4345.908761 4353.679717 4375.839606 4381.321371 4386.240616 4398.159683 4402.529448 4403.950647 4401.421174 4391.070455 4388.380796 4384.549335 4370.419309 4351.960495 4343.600944 4333.600402 4321.249202 4320.818931 4302.989691 4285.620525 4267.549142 4250.651225 4241.600633 4244.960845 4224.618897 4218.360409 4211.438820 4206.489772 4178.529605 4179.760814 4203.671589 4208.980128 4226.030782 4242.159426 4256.948829 4267.768934 4280.028865 4286.440089 4290.970042 
1048576 4207.929596 4203.559831 4187.049344 4175.741225 4161.080346 4149.310291 4141.500220 4124.879837 4114.098847 4100.959748 4086.779431 4103.438929 4117.829725 4132.751375 4148.898646 4166.459665 4171.369597 4155.540839 4143.649712 4129.951820 4120.001569 4107.609391 4126.999527 4140.919074 4155.389965 4170.950502 4186.630249 4194.248468 4209.190607 4215.339199 4221.638665 4226.280376 4228.200763 4224.939272 4220.310599 4217.199981 4208.350554 4195.598885 4175.638780 4166.129977 4156.291485 4147.989675 4131.339490 4132.390022 4149.209708 4164.841026 4179.179668 4195.390269 4198.281094 4186.520353 4174.530506 4162.540659 4151.249304 4132.689908 4120.590165 4127.960652 4141.701385 4156.820476 4171.889275 4188.749939 4193.291068 4181.161523 4198.569804 4206.309095 
1048576 4356.751218 4352.860153 4336.139187 4319.019616 4308.870062 4294.449463 4277.231172 4266.979173 4252.649844 4237.510264 4221.448675 4209.689796 4199.130461 4207.130522 4221.100360 4238.670692 4243.340343 4226.429388 4216.950387 4214.908928 4203.999415 4187.850282 4171.410576 4161.549732 4175.269976 4193.909466 4214.311019 4237.238318 4246.000201 4258.789122 4267.750308 4271.829501 4273.120314 4270.110279 4264.140502 4254.370928 4238.359630 4219.049588 4199.130461 4209.609702 4220.789298 4235.230386 4251.359031 4266.930744 4283.290356 4299.061373 4316.139966 4336.940125 4339.450970 4323.260859 4310.980439 4297.539592 4286.449403 4274.841398 4264.781252 4280.868918 4289.239645 4303.589463 4322.160035 4339.279607 4341.950640 4330.350086 4349.200055 4355.151206 
1048576 4238.080233 4234.699532 4226.449877 4217.749462 4204.031080 4190.089181 4174.800590 4158.349708 4149.150103 4142.340273 4123.710096 4116.509110 4131.689668 4145.538434 4161.659628 4178.378731 4182.679579 4168.599844 4157.489166 4146.929830 4136.079922 4150.209948 4169.309512 4185.859114 4199.331626 4214.931279 4219.990224 4238.789901 4244.830459 4249.129444 4262.469709 4266.140983 4268.150777 4265.028983 4255.428910 4251.649603 4248.941317 4235.999659 4217.311740 4205.349833 4195.300862 4184.439778 4172.949120 4161.570221 4159.640521 4172.349349 4187.589511 4204.889759 4209.579900 4194.170237 4185.110331 4173.289984 4162.710160 4152.821377 4131.980240 4140.760750 4148.660228 4163.010046 4182.828590 4200.169817 4207.830876 4220.249131 4230.679944 4236.590117 
1048576 4227.271304 4225.850105 4221.299663 4210.868850 4201.490432 4189.219326 4177.451134 4158.910364 4151.839763 4133.600742 4118.850455 4108.859226 4099.229351 4094.859585 4111.440852 4127.578810 4131.490365 4117.479548 4104.979336 4090.510309 4081.869498 4071.380943 4089.631140 4102.358595 4116.469994 4132.650793 4147.840664 4155.980423 4169.661552 4177.480936 4183.499143 4187.760875 4188.789055 4185.819998 4181.750119 4179.188982 4166.141152 4153.840244 4142.081365 4129.691049 4120.210186 4105.499014 4097.109661 4110.800102 4126.340151 4140.459001 4154.888913 4172.841087 4175.530747 4161.188379 4150.990397 4136.599600 4131.209105 4118.610173 4121.050239 4137.180746 4147.110507 4164.330661 4181.329161 4190.439358 4202.788696 4216.389731 4221.308976 4226.708785 
1048576 4278.559238 4274.921492 4270.490259 4266.289994 4256.840795 4239.069298 4227.871075 4216.231406 4207.029939 4192.830995 4176.480696 4165.999591 4159.599543 4142.759368 4125.429317 4118.200392 4112.279043 4100.399092 4098.720849 4102.239385 4107.598215 4125.431180 4143.510014 4160.661250 4175.240174 4189.310595 4204.969853 4215.050489 4217.999056 4228.269681 4239.449278 4243.509844 4244.711250 4241.900519 4233.291373 4223.650321 4221.240059 4219.179973 4209.570587 4200.669006 4181.630909 4166.150466 4149.280488 4153.929651 4168.139771 4183.080047 4198.849201 4217.119887 4220.489413 4207.050428 4196.049646 4180.381075 4171.179608 4160.270095 4175.860435 4192.309454 4205.940291 4220.830277 4237.249494 4246.149212 4258.060828 4264.220595 4270.819947 4277.311265 
1048576 4309.270531 4306.450486 4302.689806 4285.098985 4270.439968 4251.820967 4239.970818 4219.060764 4208.050668 4182.679579 4178.650677 4194.730893 4209.939390 4226.399586 4243.189469 4258.930683 4263.220355 4248.451442 4233.630374 4223.030061 4213.798791 4200.719297 4216.259345 4232.089967 4246.519879 4263.408482 4278.080538 4285.611212 4298.970103 4306.761548 4313.299432 4317.311570 4318.859428 4316.139966 4312.070087 4306.301475 4297.120497 4285.451025 4267.590120 4256.220534 4248.099402 4234.580323 4224.900156 4206.329584 4206.920043 4224.160686 4238.869995 4253.400490 4259.619862 4248.140380 4235.940054 4217.769951 4216.110334 4207.240418 4197.118804 4217.529669 4219.170660 4232.650623 4250.749946 4267.049953 4278.440028 4297.019914 4302.509129 4308.219999 
1048576 4228.929058 4225.930199 4212.180153 4195.511341 4180.889577 4168.219864 4156.861454 4140.619189 4132.170230 4119.271412 4103.060812 4104.649648 4118.610173 4133.939743 4150.900990 4167.599604 4171.570763 4157.489166 4142.599180 4131.538793 4123.339429 4112.141207 4095.800221 4113.201052 4125.989974 4140.479490 4154.868424 4171.948880 4175.288603 4162.080586 4177.710041 4184.231162 4185.888916 4181.589931 4166.390747 4154.799506 4138.169810 4128.079861 4112.780094 4101.488739 4106.679931 4122.549668 4139.579833 4156.660289 4171.419889 4183.940589 4199.650139 4216.430709 4218.850285 4205.118865 4195.008427 4184.009507 4175.379872 4161.050543 4145.519808 4149.949178 4161.421210 4176.888615 4194.209352 4211.410880 4215.419292 4206.100479 4221.020266 4228.200763 
1048576 4314.430058 4310.630262 4306.619987 4299.629480 4292.000085 4277.760163 4265.028983 4250.669852 4241.490737 4228.889942 4210.831597 4205.880687 4194.509238 4178.589210 4173.880443 4193.289205 4200.298339 4183.661193 4169.760272 4153.139889 4138.350487 4123.980179 4135.189578 4155.300558 4173.340276 4192.460328 4210.749641 4222.100601 4226.081073 4234.230146 4246.219993 4250.260070 4251.800478 4248.488694 4240.240902 4224.788398 4212.509841 4194.200039 4184.210673 4172.589630 4167.150706 4164.909944 4172.859713 4188.779742 4203.360528 4218.770191 4235.971719 4252.400249 4256.119952 4242.219031 4230.771214 4217.470065 4207.899794 4194.060341 4209.939390 4226.678982 4240.268841 4256.229848 4274.189472 4280.980676 4291.730002 4300.510511 4306.949675 4312.120378 
1048576 4290.731624 4283.398390 4271.499813 4259.699956 4243.159667 4231.980070 4221.389070 4207.480699 4200.730473 4186.499864 4169.030115 4157.088697 4146.760330 4150.930792 4169.339314 4189.690575 4194.339737 4177.629948 4163.000733 4148.339853 4131.400958 4124.619067 4130.240530 4149.110988 4166.079685 4183.890298 4200.750962 4210.110754 4213.610664 4228.789359 4237.290472 4241.310060 4242.509604 4239.900038 4234.170541 4219.891503 4209.680483 4199.611023 4184.570163 4184.029996 4180.209711 4180.179909 4198.290408 4215.199500 4230.320454 4244.858399 4260.079935 4278.330132 4281.351343 4266.878590 4255.728796 4244.379699 4230.299965 4217.250273 4205.690697 4209.700972 4224.050790 4238.791764 4256.570712 4272.138700 4278.179258 4265.019670 4279.090092 4289.109260 
1048576 4291.459918 4288.710654 4285.199568 4278.698936 4270.020872 4252.828658 4241.930321 4230.130464 4216.460511 4214.528948 4212.319851 4188.999534 4172.820598 4155.101255 4137.570038 4126.340151 4128.400236 4113.139585 4102.269188 4090.990871 4109.330475 4123.941064 4129.670560 4145.670682 4158.740863 4173.589870 4185.451195 4208.089784 4212.580621 4212.319851 4228.349775 4233.129323 4234.950989 4231.721163 4218.639806 4215.570167 4215.558991 4200.980067 4190.338776 4172.910005 4165.649414 4150.550812 4139.220342 4147.430882 4164.420068 4180.351272 4195.379093 4212.129861 4216.341302 4202.779382 4192.790017 4177.210853 4166.319966 4172.880203 4190.208390 4205.860198 4219.450057 4233.120009 4245.551303 4254.309461 4270.531237 4279.159009 4284.309223 4289.960489 
1048576 4495.089874 4492.240027 4484.560341 4475.370049 4471.359774 4469.590262 4459.720105 4448.568448 4446.009174 4427.820444 4410.579801 4399.990663 4386.309534 4374.269396 4357.930273 4345.871508 4331.300035 4324.801266 4321.288317 4311.420023 4309.529439 4297.880456 4277.989268 4266.440868 4256.341606 4243.470728 4258.509725 4279.909655 4288.200289 4307.609051 4317.099229 4323.359579 4324.361682 4319.729283 4312.980920 4296.440631 4280.649126 4261.631519 4243.640229 4231.790081 4243.541509 4258.839414 4276.270047 4290.780053 4305.228591 4322.629422 4338.068888 4354.549572 4357.870668 4345.299676 4352.020100 4369.370639 4379.929975 4398.599267 4407.180473 4422.960803 4428.789020 4446.299747 4456.359893 4462.981597 4468.830302 4479.290918 4488.360137 4494.240507 
1048576 4236.098379 4229.521379 4220.889881 4204.908386 4190.919921 4172.781482 4155.270755 4145.029932 4135.239869 4121.620208 4109.531641 4125.529900 4139.900208 4155.671224 4171.000794 4187.610000 4192.220047 4178.440198 4163.419828 4152.050242 4142.658785 4133.580253 4146.290943 4162.680358 4176.540300 4192.570224 4209.179431 4216.078669 4230.050370 4236.839712 4244.839773 4246.801138 4248.570651 4246.840253 4243.029281 4239.071161 4229.109734 4215.979949 4200.039431 4189.439118 4175.201058 4163.539037 4151.741043 4162.499681 4175.409675 4189.040512 4205.100238 4222.190008 4226.179793 4210.090265 4196.750000 4188.530147 4180.470482 4171.930254 4155.930132 4158.090800 4165.509716 4182.411358 4202.429205 4218.360409 4224.149510 4212.429747 4224.980250 4234.759137 
1048576 4323.929548 4320.319742 4316.991195 4312.580451 4299.990833 4288.129508 4276.730120 4262.279719 4251.761362 4237.970337 4227.090627 4217.689857 4206.599668 4188.681021 4171.101376 4172.069952 4178.060219 4161.579534 4146.710038 4133.410752 4123.179242 4108.330235 4089.528695 4101.090133 4116.311669 4134.578630 4151.290283 4169.479012 4177.128896 4161.098972 4164.509475 4181.500524 4182.890058 4168.121144 4152.540118 4141.200334 4140.481353 4132.589325 4129.810259 4143.279046 4150.500521 4167.700186 4184.739664 4199.270159 4215.819761 4231.629893 4245.799035 4263.030365 4266.619682 4252.400249 4243.088886 4226.349294 4217.229784 4204.960540 4219.960421 4237.940535 4252.539948 4266.370088 4283.688962 4289.940000 4304.660484 4311.580211 4316.998646 4322.560504 
1048576 4305.969924 4299.160093 4286.330193 4268.590361 4261.100665 4249.690101 4235.180095 4226.349294 4210.930318 4197.068512 4182.528704 4171.818495 4161.600024 4173.070192 4187.000915 4203.120247 4206.910729 4192.940891 4182.748497 4169.290885 4160.718992 4142.859951 4125.580192 4135.910422 4147.991538 4163.369536 4178.490490 4196.310416 4202.639684 4218.138754 4229.240119 4233.930260 4235.019907 4231.810570 4224.659875 4213.660955 4197.368398 4188.939929 4168.799147 4174.940288 4181.729630 4195.621237 4213.340580 4228.800535 4245.489836 4260.459915 4276.219755 4293.039441 4296.259955 4283.299670 4271.781072 4255.859181 4246.659577 4232.909530 4220.819101 4225.820303 4237.970337 4253.970459 4270.289093 4285.888746 4290.821031 4279.069602 4295.149818 4303.410649 
1048576 4297.129810 4294.309765 4282.768816 4278.650507 4277.469590 4265.209660 4252.970219 4232.719541 4226.909950 4213.960841 4196.660593 4189.070314 4186.859354 4169.650376 4151.290283 4157.559946 4163.229838 4151.670262 4144.940525 4130.821675 4119.381309 4098.910838 4114.720970 4135.919735 4152.258858 4168.640822 4183.540121 4191.871732 4195.990041 4207.629710 4217.691720 4222.029820 4224.080592 4220.269620 4213.249311 4202.108830 4190.668464 4175.240174 4162.861034 4146.650434 4132.609814 4113.500938 4127.388820 4144.061357 4158.779979 4173.990339 4189.429805 4207.309335 4211.399704 4196.021706 4186.689854 4173.818976 4164.380953 4179.799929 4195.909947 4211.589694 4226.729274 4241.969436 4249.600694 4270.080477 4274.599254 4278.469831 4290.148616 4295.079038 
1048576 4261.279479 4257.829860 4253.439605 4236.869514 4222.650081 4209.380597 4197.660834 4179.850221 4171.850160 4160.579294 4156.269133 4171.630368 4184.309393 4200.240597 4215.380177 4232.781008 4236.549139 4222.460091 4206.480458 4198.171198 4186.939448 4183.210433 4163.188860 4169.559106 4178.149626 4195.548594 4210.999236 4228.200763 4233.010113 4220.331088 4235.738888 4243.709147 4245.249555 4239.451140 4226.669669 4215.128720 4204.310477 4186.740145 4168.109968 4157.429561 4146.888852 4132.039845 4147.140309 4161.641002 4176.180810 4188.179970 4204.090685 4221.640527 4224.978387 4210.269079 4200.128838 4190.539941 4180.910066 4169.490188 4151.970148 4167.489707 4182.750359 4197.619855 4211.859778 4226.390272 4230.558872 4247.779027 4254.430532 4259.929061 
1048576 4260.880873 4256.550223 4247.538745 4238.579422 4228.239879 4210.298881 4198.290408 4187.319428 4181.869328 4178.829491 4168.959334 4158.709198 4128.010944 4110.960290 4116.250202 4134.260118 4137.400538 4122.739658 4110.770300 4100.110382 4087.019712 4073.560238 4092.190415 4106.199369 4120.631143 4136.819392 4152.489826 4161.531106 4174.320027 4180.600867 4188.589752 4192.799330 4194.788635 4191.080108 4186.719656 4181.779921 4172.090441 4160.558805 4142.250866 4131.328315 4121.819511 4130.940884 4151.100293 4168.421030 4181.260243 4193.730652 4209.440202 4226.610065 4231.469706 4216.089845 4205.459729 4194.760695 4186.069593 4174.070433 4152.448848 4162.101075 4170.488566 4186.991602 4205.031320 4223.169759 4231.050611 4242.559895 4253.080115 4258.869216 
1048576 4396.149889 4392.720759 4381.859675 4372.371361 4370.469600 4365.168512 4352.940246 4337.161779 4324.931651 4309.279844 4293.490201 4288.570955 4277.409986 4262.799397 4249.250516 4237.988964 4242.910072 4227.319732 4211.358726 4185.169935 4178.000614 4165.280610 4180.429503 4197.379574 4214.160144 4232.529551 4246.650264 4256.971180 4259.619862 4276.840016 4283.798859 4288.790748 4289.420322 4286.900163 4282.750189 4267.461598 4255.108535 4236.880690 4225.710407 4215.819761 4206.171259 4194.978625 4194.419831 4209.099337 4222.199321 4237.169400 4254.361615 4272.621125 4276.569933 4261.031747 4249.099642 4253.780469 4265.110940 4276.718944 4290.441051 4308.009520 4323.860630 4333.499819 4356.149584 4366.809502 4371.948540 4377.041012 4388.900474 4394.819960 
1048576 4266.740754 4262.769595 4258.899018 4252.139479 4242.829978 4231.730476 4223.870113 4217.449576 4198.471084 4180.179909 4165.410995 4149.518907 4141.749814 4158.010706 4174.258560 4191.899672 4196.060821 4180.779681 4166.629165 4152.050242 4145.050421 4133.719951 4118.170589 4136.020318 4148.131236 4163.568839 4179.170355 4196.729511 4200.030118 4186.119884 4201.030359 4208.430648 4210.019484 4203.381017 4191.838205 4180.110991 4168.920219 4155.030474 4135.249183 4124.909639 4114.780575 4103.219137 4115.529358 4128.459841 4138.510674 4152.840003 4168.020561 4188.960418 4194.099456 4176.391289 4162.380472 4153.130576 4154.209048 4139.589146 4162.859172 4180.300981 4197.869450 4218.669608 4227.120429 4232.760519 4244.601354 4252.430052 4259.049892 4264.600575 
1048576 4434.449598 4431.959242 4419.930279 4416.150972 4415.169358 4401.938990 4389.800131 4371.490330 4363.980144 4350.518808 4338.318482 4333.650693 4312.658682 4299.620166 4281.438887 4275.551066 4271.188751 4259.770736 4248.280078 4232.699051 4219.379276 4206.890240 4195.380956 4199.450836 4213.599488 4227.120429 4241.278395 4258.159548 4266.429693 4282.491282 4293.279722 4297.839478 4299.698398 4296.401516 4289.150238 4273.880273 4259.100184 4247.970879 4237.109795 4226.868972 4232.378677 4248.909652 4264.749587 4281.101748 4296.859726 4311.569035 4327.910021 4344.981164 4348.300397 4333.710298 4322.361201 4309.769720 4300.849512 4319.891334 4333.989695 4349.330440 4364.030436 4380.209371 4387.289286 4407.489672 4412.330687 4415.709525 4427.179694 4432.819784 
1048576 4355.421290 4352.040589 4348.909482 4333.179444 4325.199872 4308.080301 4296.379164 4281.139001 4272.690043 4260.839894 4249.209538 4240.311682 4224.769771 4211.649299 4192.080349 4187.399521 4191.929474 4175.370559 4163.449630 4149.179906 4138.709977 4124.550149 4107.950255 4116.760567 4130.829126 4148.740321 4165.260121 4183.789715 4189.290106 4193.380475 4211.770371 4216.078669 4217.538983 4215.391353 4200.279713 4188.530147 4181.019962 4169.128835 4159.180447 4176.080227 4183.830693 4198.899493 4215.059802 4232.019186 4249.989986 4267.310724 4284.679890 4304.200411 4307.519644 4292.670637 4280.800000 4267.349839 4251.658916 4237.508401 4245.961085 4263.820127 4279.421642 4296.069965 4311.490804 4319.410771 4324.980080 4342.140630 4347.980022 4353.631288 
1048576 4251.249135 4244.739190 4232.591018 4217.440262 4206.340760 4193.210974 4181.521013 4173.308611 4158.908501 4144.489765 4141.019657 4123.309627 4104.940221 4086.019471 4094.960168 4111.981019 4116.280004 4101.140425 4089.040682 4092.171788 4106.279463 4126.040265 4133.660346 4149.008542 4163.019359 4169.680178 4188.628867 4199.799150 4204.008728 4210.300744 4223.659635 4227.630794 4229.540005 4226.300865 4215.640947 4206.791520 4206.091166 4203.019664 4184.670746 4173.099995 4164.271057 4151.619971 4153.190181 4169.359803 4184.819758 4200.439900 4216.309637 4232.760519 4236.869514 4223.149270 4213.670269 4197.979346 4190.038890 4173.239693 4160.040990 4174.819216 4189.480096 4205.198959 4221.670330 4237.579182 4241.839051 4228.020087 4239.900038 4248.891026 
1048576 4287.330434 4278.430715 4265.530035 4254.030064 4244.949669 4227.841273 4217.119887 4204.949364 4194.110632 4180.500284 4168.540239 4159.899428 4143.260419 4129.569978 4114.760086 4105.919972 4106.689245 4091.959447 4078.809172 4069.719464 4074.370489 4101.861268 4109.289497 4128.769040 4145.018756 4154.350609 4160.311073 4179.840907 4184.361547 4187.829792 4201.749340 4206.638783 4207.719117 4204.409197 4192.540422 4189.269617 4188.310355 4174.670205 4162.650555 4154.559225 4158.489406 4172.701389 4189.390689 4205.770791 4220.940173 4236.930981 4252.860323 4269.558936 4274.850711 4261.260852 4246.730357 4231.439903 4224.069417 4211.580381 4194.470122 4212.168977 4226.161167 4241.138697 4258.539528 4274.988547 4279.630259 4265.749827 4273.850471 4285.950214 
1048576 4224.158823 4213.040695 4203.468561 4191.411659 4177.359864 4166.478291 4156.820476 4140.879959 4129.681736 4117.859527 4100.460559 4091.698676 4095.440730 4110.340029 4125.280306 4142.981023 4147.289321 4131.641239 4119.889811 4111.649469 4100.060090 4120.020196 4135.059193 4150.399938 4163.660109 4179.690033 4185.670987 4208.199680 4212.450236 4213.418812 4228.960723 4233.140498 4235.541448 4231.911153 4219.759256 4218.630493 4218.989983 4201.229662 4183.709621 4172.639921 4163.069651 4149.619490 4137.989134 4147.140309 4162.149504 4178.611562 4193.620756 4211.580381 4216.369241 4200.749099 4191.420972 4178.680480 4163.660109 4150.278866 4138.369113 4143.008962 4157.001153 4172.841087 4190.839827 4207.050428 4213.999957 4198.679700 4208.529368 4221.770912 
1048576 4212.070256 4202.570766 4189.711064 4179.520532 4170.689732 4156.380892 4137.879238 4127.560183 4116.229713 4130.359739 4146.281630 4162.490368 4178.531468 4195.019603 4211.928695 4229.640588 4236.180335 4220.791161 4208.210856 4193.929955 4183.169454 4167.420790 4151.100293 4167.420790 4182.118922 4198.919982 4215.070978 4235.180095 4239.529371 4223.490134 4226.861522 4242.818803 4244.420677 4230.311140 4216.989502 4205.709323 4196.720198 4185.019061 4172.589630 4160.018638 4152.160138 4140.339792 4141.559824 4159.780219 4177.669063 4193.138331 4208.909348 4226.040095 4228.800535 4218.321294 4206.459969 4189.629108 4175.569862 4161.801189 4149.921238 4166.180268 4180.850461 4196.720198 4214.270040 4227.289930 4230.190068 4221.079871 4208.469763 4210.799932 
1048576 4198.659211 4190.780222 4181.459546 4166.329280 4152.650014 4140.380770 4128.871486 4119.670019 4107.730463 4090.150818 4078.030586 4069.460556 4083.719105 4097.480327 4113.610834 4131.561145 4135.480151 4120.459780 4108.319059 4095.900804 4091.409966 4103.509709 4119.759426 4136.469215 4149.669781 4166.610539 4172.420129 4191.370681 4195.678979 4201.099277 4213.970155 4218.820482 4219.900817 4216.579720 4206.420854 4206.258804 4199.661314 4189.429805 4172.289744 4160.920158 4151.370376 4139.378667 4130.451009 4122.760147 4138.439894 4152.160138 4168.258980 4186.319187 4190.100357 4174.388945 4164.330661 4152.439535 4137.648270 4123.609513 4112.590104 4117.319360 4132.188857 4146.700725 4164.369777 4181.001335 4186.490551 4173.930734 4187.149927 4197.089002 
1048576 4384.601489 4381.999373 4380.870610 4363.641143 4349.980503 4337.798804 4322.240129 4302.849993 4298.890010 4281.038418 4269.950092 4267.640412 4256.621003 4239.130765 4253.739491 4266.360775 4267.970100 4261.109978 4244.700074 4233.649001 4225.980490 4212.290049 4196.539521 4186.131060 4195.209593 4212.200642 4227.990285 4244.908690 4251.400009 4267.670214 4281.139001 4284.380004 4286.140203 4283.580929 4274.090752 4259.960726 4250.640050 4233.269021 4220.761359 4208.210856 4208.490252 4225.909710 4244.439304 4262.238741 4279.829562 4297.439009 4314.310849 4331.730306 4334.911704 4320.589826 4309.220240 4293.320701 4282.530397 4264.879972 4274.798557 4292.860627 4307.450727 4321.880639 4335.949197 4346.570000 4355.510697 4372.349009 4378.030077 4383.429885 
1048576 4318.818450 4315.579310 4304.189235 4293.009639 4286.389798 4273.150116 4255.708307 4236.439243 4229.860380 4218.120128 4205.608740 4196.349531 4189.290106 4172.699526 4189.239815 4201.879725 4208.879545 4209.140316 4229.009151 4246.510565 4260.681570 4281.070083 4290.750250 4303.831607 4308.789968 4315.309227 4324.320704 4336.830229 4342.859611 4350.891337 4362.799227 4366.628826 4367.819056 4364.600405 4356.509075 4350.109026 4346.270114 4341.490567 4329.610616 4318.939522 4307.521507 4296.598956 4281.921312 4279.080778 4269.950092 4252.819344 4270.059988 4287.801683 4291.851074 4277.169704 4260.929301 4250.129685 4244.269803 4233.108833 4211.500287 4220.340401 4230.599850 4246.249795 4264.499992 4281.930625 4288.678989 4297.791049 4311.589524 4317.179322 
1048576 4338.340834 4325.609654 4313.720390 4298.040643 4289.651290 4276.869819 4266.019911 4256.000742 4240.540788 4250.008613 4269.000143 4285.540432 4300.050437 4315.139726 4329.659045 4346.240312 4351.099953 4351.349548 4366.988316 4378.398880 4384.890199 4405.340180 4417.089745 4429.450259 4440.190271 4458.740354 4466.438666 4473.861307 4481.060430 4491.688684 4500.299692 4505.340010 4506.990314 4503.680393 4497.449845 4489.829764 4481.589422 4480.009899 4471.600056 4461.281002 4455.279559 4440.110177 4423.098639 4411.090165 4395.969212 4378.849640 4368.521273 4362.739623 4357.319325 4355.190322 4345.940426 4338.890314 4332.698882 4315.329716 4304.409027 4293.030128 4281.889647 4272.129387 4274.008796 4288.040102 4292.599857 4308.499396 4321.258515 4336.720333 
1048576 4234.630615 4231.918603 4226.209596 4213.940352 4199.258983 4181.500524 4170.048982 4155.268893 4145.380110 4139.861092 4121.990874 4111.981019 4100.929946 4089.200869 4103.589803 4116.501659 4122.469574 4112.299532 4101.721570 4116.039723 4140.200093 4155.989736 4173.539579 4189.260304 4195.200279 4201.348871 4212.809727 4225.678742 4229.940474 4237.730056 4250.019789 4254.689440 4255.900159 4253.059626 4243.539646 4237.219691 4233.660176 4228.761420 4220.699891 4211.660475 4202.930257 4199.691117 4191.819578 4170.389846 4159.620032 4172.980785 4186.449572 4202.561453 4205.189645 4191.961139 4183.540121 4174.159840 4159.759730 4145.938903 4128.009081 4136.299714 4146.369174 4161.879420 4178.218544 4195.550457 4204.260185 4219.559953 4227.999598 4233.269021 
1048576 4302.389920 4298.269749 4293.490201 4281.070083 4270.320758 4256.220534 4244.580865 4231.899977 4221.430048 4209.129140 4190.729931 4181.159660 4167.480394 4157.040268 4150.200635 4167.180508 4173.649475 4156.960174 4141.090438 4134.669900 4136.338830 4120.320082 4106.109962 4128.670320 4144.258797 4164.459184 4183.379933 4192.439839 4198.199138 4210.209474 4219.140857 4223.659635 4225.850105 4222.450778 4216.698930 4205.550998 4200.100899 4191.210493 4179.609939 4158.690572 4152.460024 4167.180508 4185.158759 4199.288785 4216.101021 4230.760038 4246.501252 4263.749346 4267.858341 4253.020510 4243.390635 4226.760939 4217.330366 4202.971235 4190.970212 4204.949364 4219.550639 4236.299545 4251.720384 4268.100485 4272.919148 4286.009818 4294.998944 4300.689325 
1048576 4237.499088 4226.280376 4215.030000 4203.509539 4192.950204 4180.559888 4169.449210 4155.591130 4147.231579 4129.350185 4116.740078 4104.658961 4088.860005 4096.031189 4111.910239 4129.299894 4135.228693 4120.491445 4109.160975 4097.100347 4086.701199 4073.381424 4055.060446 4070.749506 4084.980115 4101.229832 4116.039723 4134.949297 4139.060155 4123.570397 4131.799564 4143.999889 4144.869745 4135.269672 4122.940823 4111.500457 4109.380767 4092.700779 4091.270268 4108.751193 4112.059250 4127.569497 4146.039486 4162.520170 4177.410156 4192.270339 4209.140316 4226.550460 4230.469465 4215.069115 4204.479977 4189.521074 4182.050005 4163.179547 4151.359200 4156.280309 4172.401503 4186.909646 4204.159603 4219.990224 4228.198901 4212.290049 4221.899435 4236.269742 
1048576 4279.891029 4275.960848 4269.529134 4251.530394 4235.349596 4214.288667 4203.170538 4182.200879 4165.630788 4147.529602 4127.619788 4130.821675 4142.990336 4156.561568 4171.179608 4189.999774 4196.578637 4179.431126 4175.459966 4190.159962 4199.810326 4223.380238 4232.930019 4252.739251 4259.519279 4266.589880 4282.830283 4292.279482 4296.518862 4305.159673 4317.078739 4321.159795 4322.839901 4319.719970 4310.999066 4301.900044 4299.029708 4294.419661 4283.629358 4273.509607 4265.839234 4253.748804 4242.129624 4222.320393 4213.159904 4220.200703 4234.990105 4247.650504 4251.509905 4244.171083 4233.779386 4213.860258 4197.120667 4177.110270 4158.940166 4179.710522 4195.628688 4207.201302 4219.749942 4233.930260 4243.511707 4262.419418 4271.540791 4277.558997 
1048576 4276.869819 4273.230210 4268.899560 4265.479743 4257.380962 4243.800417 4225.850105 4218.889400 4219.770432 4188.850522 4198.798910 4216.950387 4231.458530 4245.609045 4260.890186 4277.281463 4281.301051 4267.070442 4254.089668 4245.331511 4235.981032 4237.961024 4256.449640 4269.519821 4284.821451 4301.019013 4311.420023 4327.189177 4337.981343 4344.929010 4352.839664 4357.021302 4358.220845 4354.719073 4348.520190 4346.350208 4336.830229 4325.890914 4313.539714 4293.648526 4286.110401 4270.879552 4259.541631 4245.080054 4235.999659 4219.220951 4208.199680 4215.670750 4219.518974 4206.299782 4194.259644 4182.310775 4171.179608 4159.729928 4177.181050 4192.139953 4205.709323 4220.619798 4237.139598 4243.331030 4257.179797 4264.419898 4269.849509 4275.929183 
1048576 4229.739308 4226.949066 4217.149690 4206.880927 4198.439419 4180.129617 4163.831472 4146.348685 4139.350727 4125.369713 4119.548947 4113.640636 4130.190238 4147.620872 4162.600264 4177.460447 4182.960838 4171.619192 4156.930372 4145.210609 4133.898765 4114.720970 4123.948514 4141.651094 4155.790433 4167.869687 4182.230681 4196.468741 4207.650200 4224.291071 4230.840132 4235.090688 4236.739129 4233.520478 4229.908809 4218.030721 4202.621058 4186.300561 4168.590531 4160.489887 4153.151065 4140.051082 4136.091098 4136.908799 4150.159657 4163.758829 4179.351032 4197.679460 4201.330245 4186.699167 4173.010588 4163.369536 4154.270515 4141.090438 4124.781117 4129.929468 4140.939564 4155.870527 4175.780341 4191.109911 4199.329764 4211.369902 4222.579300 4227.759317 
1048576 4316.689447 4312.789068 4308.069125 4292.251542 4283.139482 4270.469770 4255.838692 4246.400669 4231.959581 4221.159965 4208.819941 4198.890179 4184.979945 4176.881164 4159.979522 4144.059494 4137.041047 4122.909158 4112.349823 4097.469151 4083.489999 4077.188671 4079.399630 4091.950133 4103.120416 4123.480991 4136.020318 4151.480272 4162.490368 4177.339375 4183.970392 4187.870771 4190.379754 4186.760634 4184.398800 4172.310233 4161.870107 4148.770124 4135.349765 4151.659086 4165.899009 4181.338474 4196.830094 4214.128479 4229.970276 4245.450720 4260.160029 4277.270287 4280.829802 4266.880453 4260.258749 4244.338721 4230.000079 4216.730595 4205.958918 4221.469164 4233.889282 4250.379279 4267.098382 4281.548783 4285.698757 4301.730543 4309.520125 4314.929247 
1048576 4205.159843 4192.508757 4179.520532 4166.308790 4151.901230 4140.650854 4131.408408 4114.611074 4103.129730 4087.589681 4075.091332 4065.260291 4067.819566 4078.729078 4093.499854 4110.829905 4115.719348 4100.719467 4085.320979 4101.460800 4119.340330 4138.600081 4152.219743 4171.209410 4179.380834 4187.699407 4202.790558 4211.651161 4216.210917 4226.969555 4237.608984 4242.399707 4242.820665 4240.430892 4232.371226 4223.799333 4218.069836 4217.529669 4205.690697 4197.631031 4188.939929 4177.730531 4159.139469 4146.281630 4162.009805 4177.980125 4193.469882 4209.930077 4213.260487 4200.240597 4188.058898 4172.300920 4165.219143 4150.459543 4141.420126 4156.859592 4168.909043 4182.890058 4200.201482 4214.581102 4216.879606 4207.210615 4194.758832 4203.779623 
1048576 4205.450416 4188.820720 4176.119342 4163.241014 4155.170172 4144.720733 4134.219140 4129.551351 4111.349583 4096.608609 4112.720490 4123.918712 4134.979099 4149.489105 4165.111110 4185.909405 4192.249849 4174.910486 4160.039127 4144.309089 4146.719351 4139.000550 4164.820537 4179.760814 4197.519273 4215.298221 4222.650081 4229.189828 4241.829738 4249.241203 4256.179556 4260.279238 4262.330011 4259.109497 4255.449399 4251.720384 4239.799455 4228.569567 4218.639806 4218.678921 4203.839228 4181.759432 4162.440076 4144.480452 4140.371457 4156.658426 4174.079746 4195.120186 4200.151190 4181.340337 4172.069952 4155.348986 4143.960774 4125.559703 4113.240167 4123.739898 4138.201475 4154.479131 4172.550514 4191.840068 4198.860377 4181.969911 4184.599966 4203.811288 
1048576 4359.578714 4357.209429 4353.860393 4351.070151 4337.029532 4319.628701 4303.071648 4293.879494 4282.100126 4278.980196 4276.139662 4265.960306 4236.178473 4219.308496 4200.259224 4189.880565 4196.491092 4182.819277 4170.199856 4156.438634 4142.370075 4156.218842 4174.809903 4194.490612 4209.568724 4226.980731 4232.708365 4239.641130 4251.889884 4260.279238 4266.900942 4271.179438 4272.969440 4269.989207 4265.040159 4260.119051 4250.330850 4240.099341 4228.148609 4218.280315 4208.879545 4206.849262 4223.460332 4240.158945 4253.039137 4265.971482 4281.651229 4299.638793 4302.948713 4287.710413 4278.620705 4268.350080 4261.389375 4247.220233 4261.109978 4278.520122 4293.059930 4306.551069 4321.560264 4327.010363 4342.999309 4349.060357 4355.810583 4357.971251 
1048576 4408.290610 4405.409098 4396.408796 4392.899573 4388.509318 4375.599325 4364.479333 4353.510216 4341.280088 4327.649251 4316.350445 4314.821213 4292.160273 4285.989329 4268.409684 4261.329770 4262.529314 4259.999841 4253.100604 4242.949188 4231.391475 4212.370142 4192.071036 4175.450653 4191.309214 4200.771451 4214.551300 4231.868312 4240.229726 4258.818924 4268.039018 4272.390157 4274.560139 4271.250218 4264.919087 4248.488694 4232.749343 4222.350195 4207.501188 4199.460149 4208.890721 4224.030301 4241.641611 4258.120432 4272.669554 4288.930446 4304.070026 4321.759567 4326.751456 4311.310127 4301.229492 4283.549264 4279.540852 4294.849932 4310.710356 4326.470196 4340.639338 4357.060418 4364.538938 4376.571625 4385.169595 4391.150549 4400.989041 4406.610504 
1048576 4201.048985 4189.379513 4177.879542 4162.600264 4154.108465 4141.999409 4130.890593 4121.320322 4112.200812 4093.019292 4081.228748 4090.419039 4105.301574 4121.150821 4136.670381 4153.570160 4157.459363 4142.910242 4131.769761 4116.129130 4111.530259 4126.848653 4143.420607 4158.850759 4173.798487 4189.629108 4196.729511 4218.360409 4222.430289 4223.840311 4238.780588 4243.681207 4244.631156 4241.591319 4228.899255 4227.470607 4224.428907 4213.990644 4196.269438 4184.380174 4173.619673 4158.839583 4147.669300 4146.030173 4142.399877 4156.919196 4173.019901 4192.110151 4195.168614 4180.898890 4168.840125 4157.511517 4141.960293 4129.471257 4114.629701 4120.899364 4136.120901 4151.450470 4167.919978 4185.380414 4192.370921 4176.819697 4185.181111 4200.220108 
1048576 4314.890131 4303.660244 4288.081080 4273.328930 4259.111360 4250.030965 4228.400066 4236.549139 4244.949669 4261.288792 4277.929664 4294.851795 4309.611395 4324.870184 4341.069609 4357.350990 4361.279309 4346.931353 4334.870726 4340.330139 4350.159317 4369.620234 4378.758371 4393.698648 4409.531131 4418.108612 4431.860521 4442.920908 4446.599633 4455.368966 4467.459396 4471.870139 4472.730681 4469.441250 4461.338744 4454.029724 4451.159388 4446.448758 4434.309900 4421.509802 4411.080852 4400.020465 4384.890199 4372.039810 4363.840446 4344.969988 4333.550110 4316.398874 4314.819351 4305.800423 4302.119836 4290.819168 4280.399531 4269.760102 4257.781431 4241.580144 4229.150712 4238.169640 4253.350198 4267.388955 4273.250699 4281.980917 4298.809916 4313.711077 
1048576 4253.460094 4251.299426 4244.340584 4239.829257 4232.069477 4218.610004 4199.819639 4188.708961 4181.331024 4162.900150 4151.729867 4143.320024 4128.819332 4144.379869 4158.841446 4175.879061 4180.580378 4165.310413 4174.210131 4189.459607 4195.429385 4221.938550 4229.830578 4244.480282 4250.580445 4270.970821 4278.780892 4286.920652 4292.618483 4303.470254 4313.100129 4317.160696 4318.790510 4316.080362 4308.909178 4299.789667 4292.730242 4292.059690 4284.508526 4273.660481 4259.951413 4246.279597 4234.829918 4221.148789 4212.150350 4200.249910 4185.311496 4190.890118 4194.740206 4181.580618 4168.119282 4155.619070 4143.491387 4132.559523 4151.750356 4167.269915 4179.950804 4195.481539 4211.330786 4219.079390 4231.590778 4239.460453 4245.920107 4252.338782 
1048576 4256.559536 4247.829318 4238.139838 4226.241261 4211.349413 4197.560251 4184.888676 4172.980785 4162.000492 4148.410633 4135.970026 4126.759246 4140.799865 4156.401381 4170.009866 4184.849560 4187.840968 4175.798967 4166.759551 4150.139168 4142.830148 4129.450768 4109.069705 4120.059311 4132.131115 4145.938903 4161.600024 4179.140553 4183.098674 4171.570763 4190.931097 4196.770489 4198.661074 4193.428904 4177.059978 4162.229598 4147.350788 4139.149562 4119.310528 4125.010222 4134.669900 4147.900268 4165.811464 4181.509838 4196.740687 4210.429266 4226.719961 4243.720323 4247.998819 4232.930019 4219.120368 4207.760096 4199.439660 4185.389727 4168.540239 4174.491391 4188.889638 4204.019904 4223.309457 4239.110276 4245.840013 4231.760278 4243.928939 4255.210981 
1048576 4339.721054 4332.499579 4320.701584 4307.720810 4299.700260 4287.730902 4277.039319 4259.360954 4251.670092 4236.439243 4217.781126 4207.609221 4200.801253 4216.330126 4234.850407 4253.590479 4258.038476 4241.719842 4229.370505 4213.878885 4205.159843 4187.081009 4171.989858 4182.659090 4197.090864 4213.970155 4229.109734 4245.620221 4251.809791 4239.300266 4244.390875 4260.139540 4261.959344 4248.270765 4233.209416 4221.970215 4215.750843 4208.249971 4205.020145 4219.410941 4225.799814 4240.030423 4255.380481 4270.659760 4287.309945 4303.051159 4319.619387 4327.410832 4330.631346 4325.939342 4315.929487 4298.141226 4287.190735 4273.029044 4261.460155 4254.020751 4247.549921 4264.159128 4282.129928 4298.981279 4306.830466 4313.999787 4328.571260 4338.270053 
1048576 4196.440801 4193.969071 4177.581519 4161.469638 4147.391766 4129.698500 4113.418981 4103.150219 4092.458636 4081.310704 4069.579765 4062.550142 4076.190293 4091.059789 4109.770060 4127.990454 4131.490365 4116.710275 4103.979096 4089.729860 4109.948874 4125.569016 4137.029871 4152.959213 4164.820537 4175.448790 4182.709381 4203.829914 4209.090024 4213.830456 4227.250814 4232.080653 4232.719541 4230.158404 4218.999296 4216.831177 4213.020205 4197.141156 4184.139892 4172.751680 4161.819816 4151.940346 4144.631326 4129.599780 4134.809598 4148.390144 4163.550213 4181.370139 4182.308912 4168.009385 4156.779498 4149.600863 4140.200093 4125.939682 4110.509530 4114.851356 4124.680534 4140.490666 4156.831652 4175.718874 4179.960117 4171.229899 4189.260304 4195.088521 
1048576 4351.999611 4347.758368 4337.800667 4334.330559 4331.579432 4318.788648 4307.460040 4289.848730 4283.018410 4267.649725 4257.891327 4246.041179 4230.080172 4216.440022 4205.090925 4192.890599 4196.600989 4180.859774 4170.849919 4160.679877 4146.721214 4132.371396 4114.070907 4124.559462 4137.990996 4151.631147 4167.370498 4185.449332 4192.071036 4204.738885 4217.209294 4221.748561 4223.721102 4220.539704 4211.060703 4199.288785 4186.270759 4170.980304 4154.749215 4144.700244 4150.290042 4165.830091 4182.750359 4198.499024 4214.610904 4230.039194 4246.210679 4264.229909 4267.640412 4253.100604 4240.300506 4228.480160 4220.951349 4238.499328 4251.819104 4268.180579 4282.049835 4297.420382 4305.878654 4324.318841 4328.209907 4331.531003 4344.681278 4350.220785 
1048576 4260.729998 4252.741113 4237.020388 4220.498726 4206.249490 4189.221188 4173.008725 4156.729206 4145.240411 4129.130393 4110.060632 4096.480086 4110.580310 4127.601162 4143.020138 4159.010947 4163.129255 4149.070010 4138.350487 4124.730825 4113.821313 4119.809717 4138.020799 4151.970148 4165.640101 4181.951284 4191.549495 4202.479497 4217.190668 4223.899916 4229.659215 4234.170541 4235.269502 4232.279956 4228.821024 4225.749522 4216.348752 4203.520715 4184.648395 4173.489287 4163.431004 4150.599241 4165.999591 4185.961559 4204.230383 4220.260307 4235.070199 4250.340164 4253.478721 4242.859781 4232.399166 4215.480760 4206.148908 4185.710102 4167.491570 4183.430225 4198.189825 4209.129140 4224.529490 4238.938913 4244.189709 4232.000560 4249.500111 4259.359092 
1048576 4416.771233 4412.699491 4408.679903 4403.000697 4392.839968 4379.868507 4368.081689 4350.969568 4343.049601 4330.080003 4318.239167 4307.178780 4299.269989 4282.709211 4270.888865 4287.980497 4294.399172 4279.289395 4274.159670 4290.491343 4306.720570 4326.939583 4337.988794 4357.999191 4364.531487 4372.099414 4379.099235 4393.490031 4398.820922 4406.040534 4417.890683 4422.141239 4423.988983 4420.548677 4411.960021 4406.230524 4402.371123 4396.459088 4387.630150 4378.268495 4372.511059 4368.390888 4358.818755 4323.638976 4314.720631 4322.949797 4339.430481 4357.179627 4361.940548 4348.130897 4334.000871 4320.519045 4309.911281 4299.901426 4313.400015 4329.031333 4344.278947 4359.111190 4375.729710 4383.008927 4394.769669 4402.909428 4409.410059 4414.750263 
1048576 4231.240600 4228.349775 4225.850105 4214.249551 4205.800593 4193.998873 4177.559167 4160.270095 4153.698683 4136.718810 4147.650674 4163.339734 4177.618772 4190.839827 4206.450656 4221.269861 4227.899015 4211.548716 4200.991243 4191.881046 4183.610901 4170.250148 4152.879119 4157.621413 4168.070853 4183.990881 4201.550037 4220.049828 4227.960482 4238.998517 4251.161590 4254.760221 4256.660119 4253.771156 4245.320335 4236.288369 4225.660115 4208.739847 4189.940169 4177.451134 4167.640582 4154.819995 4144.279286 4133.179784 4129.569978 4143.448547 4159.810022 4176.830873 4180.569202 4166.809842 4154.819995 4141.390324 4142.690450 4127.278924 4126.470536 4144.798964 4150.640219 4167.519510 4185.941070 4195.259884 4206.469283 4219.111055 4224.838689 4229.400307 
1048576 4283.098504 4279.231653 4275.860265 4261.519760 4247.348756 4233.280197 4217.140377 4201.790318 4196.930677 4179.419950 4178.360105 4172.539338 4183.670506 4199.860618 4215.551540 4232.170060 4236.679524 4222.890362 4208.149388 4197.478294 4191.029817 4204.440862 4220.830277 4236.489534 4252.368584 4268.540069 4274.319857 4293.620586 4298.429936 4301.980138 4315.940663 4320.459440 4322.309047 4319.399595 4307.579249 4305.070266 4302.758723 4289.839417 4277.009517 4265.511408 4257.969558 4239.650443 4232.089967 4219.118506 4202.101380 4194.330424 4212.930799 4234.058782 4237.141460 4221.310839 4207.290709 4190.141335 4179.270938 4159.469157 4169.620574 4190.450534 4207.791761 4225.019366 4241.479561 4249.449819 4252.830520 4270.069301 4275.470972 4281.688482 
1048576 4257.809371 4254.439846 4248.689860 4236.429930 4225.209355 4212.589934 4202.209413 4189.560190 4177.659750 4164.591432 4152.448848 4144.169390 4132.499918 4119.239748 4133.269191 4150.239751 4155.399278 4139.039665 4126.910120 4118.639976 4117.820412 4115.210846 4134.679213 4144.940525 4158.709198 4177.298397 4186.298698 4202.200100 4211.319610 4216.110334 4227.608442 4231.330007 4233.511165 4229.418933 4221.500829 4219.150171 4211.509600 4201.021045 4189.530388 4173.699766 4162.520170 4145.929590 4139.250144 4155.080765 4170.779139 4187.690094 4202.660173 4218.710586 4223.018885 4209.380597 4199.901596 4182.510078 4173.001274 4159.221426 4147.209227 4160.920158 4176.361486 4191.510379 4207.668826 4223.730415 4229.489714 4241.989926 4250.900820 4256.540909 
1048576 4264.960065 4262.419418 4258.340225 4257.330671 4245.819524 4226.859659 4210.419953 4200.810567 4191.219807 4176.849499 4166.061059 4155.229777 4143.239930 4125.541076 4137.618467 4156.209528 4161.579534 4144.620150 4132.399336 4121.569917 4125.609994 4113.350064 4107.911140 4125.179723 4131.600261 4150.608554 4166.189581 4176.370800 4181.269556 4195.449874 4202.049226 4207.311198 4208.380356 4205.590114 4201.048985 4190.059379 4180.610180 4172.300920 4166.688770 4150.910303 4134.820774 4117.021337 4124.850035 4140.879959 4155.550152 4170.589149 4186.999053 4204.260185 4208.220169 4194.548354 4183.519632 4171.660170 4160.920158 4146.540537 4162.609577 4180.919379 4195.289686 4208.330065 4225.539044 4231.849685 4246.540368 4253.040999 4258.180037 4263.529554 
1048576 4331.570119 4327.401519 4309.119657 4287.149757 4267.200828 4248.630255 4229.370505 4221.890122 4207.709804 4188.191146 4189.340398 4205.070436 4217.229784 4227.910191 4242.250696 4258.900881 4269.650206 4287.559539 4305.439070 4322.499037 4339.998588 4359.228536 4365.168512 4372.501746 4382.431507 4390.569404 4396.021366 4408.540204 4416.260868 4423.039034 4433.609545 4437.338561 4439.249635 4436.070099 4428.701475 4424.778745 4426.371306 4427.490756 4414.349794 4404.449835 4406.068474 4394.710064 4376.210272 4366.429523 4347.350448 4327.040166 4307.219759 4295.760766 4302.028567 4287.540913 4272.749647 4251.580685 4235.360771 4218.410701 4207.121208 4218.099639 4238.300025 4258.448258 4280.099645 4301.859066 4306.700081 4302.678630 4322.670400 4329.239950 
1048576 4279.909655 4277.290776 4273.189232 4265.500233 4251.349717 4234.889522 4222.819582 4203.200340 4195.600748 4181.679338 4169.501364 4158.690572 4149.610177 4136.970267 4142.429680 4160.260782 4166.679457 4151.230678 4139.829427 4124.980420 4109.039903 4123.790190 4140.509292 4161.819816 4178.140312 4195.651039 4201.231524 4209.399223 4219.800234 4228.498787 4236.539826 4240.799695 4242.219031 4239.629954 4233.499989 4228.200763 4216.730595 4204.159603 4192.549735 4181.990400 4174.850881 4167.219624 4148.188978 4143.700004 4159.249365 4174.029455 4190.251231 4209.408537 4213.269800 4196.859896 4186.520353 4171.060398 4162.300378 4151.979461 4167.640582 4182.519391 4197.068512 4212.958738 4232.730716 4241.101444 4259.020090 4267.711192 4273.330793 4278.680310 
1048576 4336.571321 4332.629964 4330.068827 4324.050620 4316.149279 4297.519103 4286.961630 4278.220236 4263.170063 4249.630496 4231.529310 4221.120849 4202.770069 4189.519212 4168.789834 4163.339734 4167.420790 4153.590649 4144.560546 4128.938541 4115.110263 4098.400474 4109.529778 4126.690328 4140.401259 4153.259099 4168.229178 4181.431606 4191.840068 4207.421094 4213.480279 4218.380898 4220.180213 4216.449335 4213.521257 4201.719537 4186.840728 4173.019901 4157.898948 4166.459665 4174.441099 4180.658609 4195.040092 4211.330786 4227.779806 4242.669791 4258.800298 4276.530817 4279.779270 4265.829921 4256.440327 4239.249974 4230.741411 4224.220291 4235.509783 4251.549020 4264.941439 4279.121757 4296.520725 4303.108901 4316.888750 4323.540255 4328.690469 4334.829748 
1048576 4303.140566 4295.939580 4283.120856 4266.068339 4257.738590 4245.029762 4233.861342 4226.209596 4215.560853 4196.278751 4179.168493 4162.568599 4146.799445 4151.860252 4167.679697 4184.920341 4189.500585 4174.649715 4162.879661 4152.508453 4138.719290 4124.330357 4130.009562 4147.179425 4162.659869 4179.229960 4194.620997 4204.569384 4214.430228 4227.090627 4233.580083 4237.448797 4239.320755 4236.198962 4233.220592 4222.858697 4214.599729 4201.518372 4184.370860 4174.180329 4177.689552 4192.600027 4209.650680 4226.200283 4242.639989 4258.580506 4273.660481 4291.148856 4294.719547 4281.489179 4269.270226 4255.689681 4244.359210 4224.739969 4213.169217 4221.890122 4236.061126 4251.571372 4267.498851 4282.850772 4288.239405 4275.869578 4291.379824 4301.199690 
1048576 4240.170121 4236.599430 4229.590297 4217.028618 4204.411060 4190.260544 4177.670926 4162.071273 4154.359922 4142.841324 4125.678912 4115.208983 4106.119275 4107.670859 4122.210667 4139.149562 4143.929109 4128.620028 4116.879776 4106.750712 4102.660343 4102.850333 4122.180864 4133.580253 4149.729386 4165.971652 4175.359383 4188.589752 4199.288785 4204.420373 4214.709625 4219.550639 4221.180454 4217.419773 4209.799692 4207.519814 4200.339317 4190.679640 4178.028554 4158.869386 4150.548950 4131.820053 4129.109904 4145.270213 4161.279649 4175.661132 4189.820960 4207.229242 4210.479558 4197.010770 4186.680540 4173.129797 4164.300859 4146.460444 4134.770483 4138.659686 4152.769223 4165.969789 4182.940349 4200.220108 4208.410159 4222.908989 4232.101142 4238.329828 
1048576 4310.179502 4306.690767 4295.499995 4291.089252 4288.839176 4277.590662 4266.740754 4245.201126 4239.439964 4224.330187 4215.439782 4204.859957 4189.658910 4176.959395 4158.949479 4163.609818 4168.178886 4154.300317 4143.429920 4129.121080 4114.970565 4123.020917 4142.601043 4158.219323 4170.600325 4184.979945 4196.209833 4207.780585 4222.800955 4230.430350 4236.869514 4241.069779 4243.118688 4239.829257 4237.018526 4232.030362 4220.169038 4205.480218 4187.708721 4177.769646 4170.559347 4157.140851 4155.881703 4157.518968 4172.369838 4187.431186 4204.090685 4221.489653 4225.188866 4211.150110 4198.009148 4185.600206 4177.769646 4193.449393 4210.120067 4226.529971 4239.639267 4255.339503 4263.740033 4283.661023 4287.760705 4291.079938 4302.680492 4308.359697 
1048576 4317.929968 4315.150902 4304.749891 4302.870482 4297.580570 4279.550165 4259.958863 4242.930561 4234.660417 4216.529429 4200.320691 4190.210253 4186.891019 4203.138873 4218.598828 4235.651344 4239.300266 4224.430770 4213.320091 4202.280194 4193.169996 4208.480939 4224.000499 4241.149873 4255.469888 4271.749407 4278.630018 4300.899804 4305.209965 4304.770380 4320.330918 4325.101152 4326.270893 4323.199391 4310.639575 4308.929667 4308.180884 4294.650629 4277.689382 4270.721227 4256.919026 4242.680967 4230.938852 4219.891503 4204.869270 4193.240777 4194.490612 4209.009930 4214.379936 4202.909768 4191.201180 4174.590111 4160.739481 4180.589691 4197.699949 4216.449335 4234.710708 4252.830520 4268.959165 4290.690646 4295.531660 4299.771041 4311.399534 4316.410050 
1048576 4260.169342 4252.769053 4241.919145 4228.919744 4216.589034 4198.480397 4180.260003 4169.849679 4159.931093 4146.970809 4136.210307 4131.730646 4120.688885 4118.319601 4126.928747 4146.208987 4154.380411 4135.830328 4123.430699 4110.541195 4125.371575 4146.160558 4156.699404 4175.199196 4194.110632 4202.319309 4208.989441 4222.480580 4228.740931 4235.409200 4247.680306 4251.679406 4253.160208 4249.269143 4241.390154 4237.039015 4233.229905 4220.420495 4202.568904 4192.721099 4186.909646 4176.400602 4173.021764 4187.500104 4200.199619 4213.610664 4230.061546 4246.739671 4251.038656 4235.951230 4224.518314 4211.051390 4205.489531 4200.370982 4179.600626 4184.799269 4191.460088 4207.909107 4225.920886 4241.969436 4247.618839 4235.411063 4248.449579 4258.230329 
1048576 4352.400079 4349.200055 4344.699904 4330.819473 4319.259897 4301.030189 4284.499213 4273.740575 4263.790324 4253.130406 4241.550341 4225.371405 4216.279835 4197.830334 4187.701270 4199.700430 4202.850163 4187.440500 4174.869508 4164.809361 4155.898467 4142.710939 4156.710580 4173.621535 4187.861457 4202.809185 4218.408838 4226.120189 4241.220653 4248.538986 4254.359752 4259.649664 4260.649905 4257.800058 4255.639389 4250.209779 4240.980372 4222.249612 4209.751263 4197.331145 4208.639264 4224.428907 4241.969436 4257.900640 4273.749888 4288.669676 4301.849753 4319.181666 4322.569817 4308.899865 4301.009700 4286.719486 4275.260493 4266.299307 4246.911034 4256.028682 4265.060648 4279.119894 4296.660423 4312.699661 4321.711138 4338.089377 4346.070811 4350.900650 
1048576 4261.998460 4252.450541 4240.369424 4222.569987 4210.541025 4198.580980 4184.190184 4174.491391 4167.059436 4153.700545 4141.829908 4132.620990 4114.421085 4130.780697 4148.880020 4171.689972 4176.689312 4158.331081 4143.310711 4129.029810 4113.519564 4126.250744 4143.590108 4164.999351 4180.759192 4197.940230 4206.249490 4213.668406 4224.859178 4232.620820 4239.620641 4244.230688 4245.828837 4241.731018 4239.199683 4234.759137 4219.481722 4205.679521 4193.790257 4184.508696 4179.509357 4165.599123 4170.840606 4187.129438 4203.960299 4219.340160 4233.280197 4251.420498 4254.749045 4240.270704 4232.009873 4215.480760 4206.171259 4191.659391 4172.520712 4182.858393 4196.479917 4209.170118 4226.218909 4241.770133 4247.959703 4233.039916 4248.199984 4260.510206 
1048576 4207.389429 4196.690395 4184.329882 4171.378911 4161.689430 4147.859290 4137.448967 4132.680595 4114.590585 4128.459841 4148.390144 4167.651758 4182.411358 4197.860137 4214.400426 4234.539345 4238.901660 4221.281037 4209.119827 4197.370261 4183.940589 4171.840847 4187.639803 4205.480218 4221.299663 4237.929359 4255.609587 4266.271368 4282.649606 4292.180762 4298.089072 4302.211106 4304.029047 4300.879315 4297.260195 4291.400313 4276.659340 4259.610549 4247.611389 4237.689078 4229.988903 4207.709804 4193.520173 4175.590351 4161.160439 4163.980484 4180.489108 4197.210073 4200.950265 4187.390208 4174.700007 4162.089899 4148.740321 4134.221002 4119.241610 4127.958789 4142.239690 4156.870767 4174.569622 4189.589992 4197.660834 4182.301462 4191.579297 4205.580801 
1048576 4461.199045 4456.879571 4446.439445 4435.099661 4423.649982 4410.319030 4399.489611 4387.050867 4375.860095 4361.398518 4345.489666 4334.520549 4318.669438 4310.509190 4298.500717 4292.098805 4295.049235 4291.420802 4281.530157 4266.550764 4255.870357 4247.428849 4261.830822 4277.830943 4293.149337 4311.939701 4327.788949 4343.809560 4357.060418 4362.870008 4370.260984 4375.359043 4376.521334 4373.509437 4368.050024 4365.179688 4356.419668 4338.340834 4317.950457 4333.280027 4346.270114 4363.620654 4377.730191 4394.788295 4411.039874 4426.769912 4442.220554 4449.339584 4450.879991 4448.508844 4438.741133 4422.741011 4411.870614 4398.738965 4383.319989 4372.550175 4373.120144 4387.710243 4403.879866 4418.779165 4426.101223 4441.348836 4452.161491 4459.509626 
1048576 4259.018227 4244.340584 4233.580083 4221.679643 4212.319851 4200.899974 4190.331325 4178.220406 4171.621054 4150.230438 4138.229415 4136.338830 4151.219502 4168.288782 4186.209291 4203.571007 4207.961261 4192.130640 4180.500284 4165.479913 4157.809541 4139.089957 4146.048799 4165.709019 4180.070013 4196.701571 4207.609221 4219.459370 4225.149751 4243.249074 4250.619560 4251.820967 4254.370928 4251.988605 4248.619080 4233.719781 4225.250334 4211.599007 4200.039431 4189.379513 4181.180149 4167.908803 4165.360704 4180.900753 4196.619615 4212.088883 4228.590056 4248.820245 4253.780469 4236.459732 4226.269200 4213.500768 4199.821502 4181.729630 4169.840366 4178.470001 4192.290828 4207.201302 4226.518795 4243.219271 4250.489175 4235.530272 4239.629954 4257.058725 
1048576 4235.349596 4231.179133 4215.698689 4199.480638 4190.919921 4179.378971 4161.870107 4151.569679 4141.800106 4128.361121 4115.680233 4123.259336 4140.520468 4158.359021 4173.809662 4189.690575 4193.600267 4180.969670 4166.278988 4155.069590 4143.889993 4124.868661 4136.810079 4152.748734 4166.329280 4179.678857 4193.779081 4207.070917 4217.350855 4233.829677 4240.559414 4244.770855 4246.389493 4243.331030 4239.540547 4225.820303 4213.418812 4198.860377 4181.578755 4166.729748 4158.599302 4146.670923 4145.329818 4159.690812 4175.050184 4190.849140 4206.970334 4221.979529 4224.868491 4212.910309 4201.401025 4185.689613 4175.780341 4164.589569 4149.150103 4154.941067 4168.819636 4183.650017 4200.180992 4215.870053 4219.839349 4209.289327 4226.619378 4233.751446 
1048576 4343.209788 4340.119660 4335.280508 4320.019856 4309.048876 4290.219396 4280.159250 4267.750308 4257.149994 4246.540368 4234.630615 4221.810028 4239.749163 4257.299006 4275.880754 4295.770079 4300.069064 4284.350201 4268.970340 4253.279418 4242.571071 4226.960242 4209.648818 4221.821204 4237.709567 4254.801199 4271.870479 4287.770018 4294.971004 4299.970344 4318.790510 4322.599620 4324.870184 4321.418703 4307.720810 4291.629419 4279.950634 4267.910495 4256.339744 4245.359451 4239.710048 4225.680605 4231.860861 4250.789061 4266.530275 4279.959947 4293.670878 4310.520366 4314.361140 4300.870001 4290.550947 4277.361557 4266.619682 4253.288731 4234.900698 4243.729636 4255.509004 4270.439968 4287.099466 4303.600639 4311.960191 4327.800125 4336.860031 4341.499880 
1048576 4337.200895 4334.399477 4326.289520 4310.891032 4296.660423 4279.799759 4268.459976 4255.691543 4247.518256 4266.399890 4287.840798 4307.150841 4326.499999 4345.329478 4362.089559 4380.300641 4386.479035 4370.380193 4358.129576 4349.648952 4357.360303 4383.070394 4395.060241 4414.480180 4431.050271 4438.031465 4442.999139 4458.490759 4464.250058 4470.249638 4482.269287 4486.139864 4487.508908 4484.718665 4474.058747 4471.659660 4468.120635 4455.490038 4439.389333 4422.219470 4411.099479 4393.070936 4377.450794 4362.890497 4346.089438 4328.619689 4311.300814 4306.010902 4309.650511 4298.809916 4287.760705 4272.030666 4255.780950 4238.730296 4226.740450 4240.440205 4254.849628 4264.838994 4278.799519 4295.108840 4302.119836 4321.010783 4330.450669 4336.439073 
1048576 4205.660895 4190.020263 4177.330062 4160.419106 4151.320085 4141.889513 4132.829607 4124.909639 4109.978676 4096.629098 4081.409425 4063.639790 4068.600014 4083.368927 4099.199548 4116.870463 4120.610654 4105.729982 4094.129428 4099.341109 4111.580551 4126.640037 4136.729985 4153.350368 4167.119041 4173.548892 4190.279171 4200.300202 4204.349592 4214.020446 4225.600511 4230.370745 4231.469706 4228.498787 4219.559953 4212.349653 4211.200401 4202.820361 4194.680601 4177.108407 4169.059917 4154.460505 4142.949358 4131.279886 4141.559824 4158.969969 4177.790135 4198.029637 4201.279953 4184.870049 4173.099995 4157.198593 4142.800346 4125.230014 4109.090194 4123.440012 4140.811041 4156.609997 4173.360765 4190.031439 4196.200520 4181.759432 4185.710102 4203.710705 
1048576 4425.339401 4422.320053 4418.259487 4408.709705 4400.249571 4389.720038 4371.589050 4360.210150 4354.948178 4343.248904 4342.330620 4332.318902 4295.900464 4285.760224 4266.088828 4261.409864 4262.750968 4260.620102 4259.049892 4258.170724 4248.220474 4233.948886 4221.901298 4206.290469 4197.770730 4185.048863 4176.739603 4193.229601 4199.650139 4213.441163 4226.459190 4232.969135 4234.939814 4229.700193 4219.489172 4208.600149 4199.638963 4218.960181 4231.680185 4245.160148 4259.441048 4274.399951 4293.160513 4310.188815 4325.300455 4338.469356 4354.210570 4371.989518 4375.450313 4361.029714 4348.950461 4338.141531 4335.761070 4316.829145 4319.468513 4339.281470 4347.300157 4363.039508 4381.759092 4391.010851 4400.949925 4413.049668 4418.250173 4424.121231 
1048576 4390.118644 4384.931177 4369.389266 4351.459444 4343.310371 4325.410351 4313.981161 4302.399233 4293.570295 4281.649366 4269.309342 4258.939996 4242.951050 4236.381501 4233.030602 4203.040153 4205.530509 4188.299179 4179.619253 4168.679938 4177.710041 4194.619134 4205.049947 4223.560914 4237.269983 4249.880090 4261.471331 4278.499633 4282.729700 4288.511351 4300.959408 4305.981100 4307.288677 4304.209724 4293.398932 4288.930446 4287.939519 4277.760163 4266.800359 4251.791164 4261.430353 4276.901484 4295.319319 4310.250282 4325.589165 4338.240251 4353.599623 4370.419309 4373.610020 4359.830171 4351.248965 4339.620471 4331.700504 4317.909479 4300.100729 4316.369072 4331.620410 4347.778857 4362.549633 4376.439378 4380.648956 4369.338974 4380.669445 4388.909787 
1048576 4318.850115 4315.180704 4312.321544 4302.570596 4294.050857 4276.709631 4260.119051 4249.680787 4239.350557 4228.020087 4210.460931 4200.508818 4190.409556 4177.739844 4165.679216 4156.081006 4150.491208 4139.279947 4124.170169 4106.409848 4105.560482 4106.009379 4124.730825 4136.219621 4150.658846 4165.928811 4178.090021 4193.641245 4207.499325 4213.981330 4219.679162 4224.989563 4227.159545 4223.110154 4220.120609 4216.849804 4207.689315 4193.618894 4173.818976 4166.750237 4166.729748 4166.429862 4184.180871 4200.439900 4216.620699 4230.629653 4244.929180 4261.981696 4265.541211 4252.370447 4242.379218 4229.310900 4222.039133 4200.609401 4209.559411 4227.681085 4237.858579 4253.489897 4271.440208 4280.248657 4295.069724 4306.040704 4311.239347 4316.709936 
1048576 4263.000563 4256.960005 4241.239280 4225.838929 4214.761779 4203.200340 4192.059860 4179.298878 4173.260182 4159.059376 4149.110988 4168.178886 4183.150828 4200.369120 4213.711247 4223.680124 4227.370024 4221.759737 4212.649539 4207.510501 4226.731136 4245.409742 4257.310182 4276.230931 4290.530458 4303.909838 4324.939102 4338.489845 4342.209548 4345.750436 4359.949380 4364.909604 4365.818575 4363.249987 4351.450130 4340.570420 4339.938983 4337.379709 4333.170131 4309.810698 4298.970103 4278.799519 4260.009155 4244.178534 4235.129803 4221.789539 4235.930741 4250.980914 4255.330190 4244.191572 4229.240119 4218.420014 4208.030179 4191.201180 4174.889997 4183.530807 4197.848961 4211.289808 4227.701575 4243.100062 4248.231649 4235.621542 4252.240062 4261.830822 
1048576 4277.739674 4272.939637 4261.299968 4247.918725 4232.130945 4219.479859 4202.211276 4184.480757 4177.508876 4165.260121 4153.778777 4141.408950 4143.599421 4159.148782 4175.849259 4191.569984 4197.778180 4180.358723 4165.489227 4157.789052 4146.531224 4133.259878 4121.510312 4124.760628 4137.340933 4154.969007 4173.189402 4191.121086 4197.241738 4183.569923 4196.889699 4205.489531 4207.359627 4200.208932 4190.528765 4179.188982 4162.320867 4150.679335 4130.309448 4138.890654 4149.541259 4165.910184 4178.509116 4194.259644 4209.101200 4225.051031 4242.420197 4260.439426 4264.339805 4249.300808 4236.061126 4222.610965 4215.799272 4203.360528 4191.920161 4207.959399 4217.440262 4231.050611 4248.701036 4263.140261 4267.079756 4254.119471 4268.828779 4276.338965 
1048576 4264.310002 4261.311144 4255.600274 4243.340343 4238.199443 4230.048507 4215.680063 4197.869450 4185.879603 4169.160500 4154.728726 4174.429923 4191.299900 4205.070436 4214.240238 4229.970276 4231.579602 4220.748320 4216.169938 4206.759855 4191.590473 4173.850641 4159.908742 4179.159179 4197.308794 4216.121510 4231.091589 4242.399707 4247.041419 4257.578403 4268.459976 4273.628816 4274.491221 4271.799698 4263.740033 4245.400429 4226.330668 4206.970334 4189.440981 4175.290465 4163.660109 4146.050662 4133.449867 4148.298874 4160.638899 4174.299538 4189.519212 4207.370803 4212.830216 4197.610542 4181.779921 4174.910486 4176.959395 4156.410694 4157.340154 4176.670685 4182.660952 4202.330485 4222.769290 4230.530933 4237.120971 4249.490798 4257.358611 4262.799397 
1048576 4232.518375 4225.710407 4213.500768 4197.970033 4186.628386 4173.289984 4164.399579 4151.821136 4141.580313 4126.889631 4108.659923 4128.038883 4143.750295 4158.578813 4173.640162 4187.980667 4192.480817 4180.740565 4168.231040 4156.729206 4144.530743 4150.679335 4167.720675 4180.479795 4193.341359 4210.378975 4221.709445 4236.469045 4252.379760 4257.550463 4263.849929 4268.139601 4270.540550 4266.720265 4263.600335 4259.871319 4251.129925 4233.518615 4215.581343 4205.169156 4191.121086 4176.819697 4160.741344 4157.479852 4172.479734 4187.690094 4202.250391 4219.120368 4223.478958 4208.270460 4198.528826 4188.079387 4174.400121 4160.169512 4142.099991 4151.979461 4165.939987 4181.819037 4199.219868 4214.430228 4220.930859 4207.219929 4221.079871 4230.890423 
1048576 4218.500108 4215.380177 4207.160324 4198.489711 4184.309393 4167.700186 4152.519628 4140.689969 4130.730405 4123.829305 4134.589806 4148.468375 4162.458703 4176.730290 4193.870351 4210.548475 4217.529669 4202.548414 4191.309214 4176.070914 4162.009805 4175.940529 4193.359986 4212.800413 4228.631034 4246.128723 4252.329469 4260.390997 4270.540550 4279.339686 4287.390038 4290.709272 4292.171448 4290.100187 4283.830523 4279.850051 4270.520061 4259.129986 4247.469828 4235.750064 4228.489473 4217.540845 4200.540483 4182.150587 4165.399820 4154.069349 4169.171676 4185.510799 4189.509898 4174.910486 4165.580496 4154.609516 4143.079743 4129.540175 4114.909098 4118.779674 4129.549488 4145.329818 4164.161161 4180.129617 4188.910127 4201.510921 4212.180153 4217.229784 
1048576 4375.409335 4371.698946 4368.200898 4363.790154 4355.529323 4338.219762 4326.190799 4309.948534 4298.651591 4282.839596 4270.369187 4261.771217 4244.450480 4233.891144 4225.600511 4209.380597 4213.780165 4198.299721 4183.169454 4181.649536 4176.679999 4196.198657 4213.100299 4233.820364 4251.470789 4261.050373 4270.300269 4287.939519 4291.700199 4296.591505 4309.779033 4314.979538 4316.519946 4313.331097 4302.479327 4299.269989 4296.479747 4286.810756 4277.039319 4277.139902 4253.650084 4238.639027 4234.099761 4248.779267 4263.659939 4279.639572 4295.609891 4313.249141 4316.940904 4301.559180 4292.340949 4275.908694 4267.109558 4255.780950 4270.369187 4286.808893 4301.318899 4315.720871 4334.360361 4340.250045 4356.220365 4362.069070 4368.038848 4373.900592 
1048576 4228.349775 4223.380238 4208.609462 4192.819819 4181.910306 4163.270816 4152.929410 4140.678793 4132.729024 4122.531042 4104.979336 4094.168544 4107.020795 4118.749872 4133.310169 4150.090739 4154.119641 4140.069708 4130.449146 4122.089595 4113.119096 4124.529660 4145.009443 4161.968827 4175.659269 4190.091044 4194.339737 4210.928455 4216.540605 4221.130162 4233.689979 4238.659516 4240.740091 4236.990586 4227.120429 4224.320874 4220.170900 4206.910729 4186.660051 4176.309332 4171.580076 4160.430282 4156.889394 4154.551774 4170.620814 4183.800891 4198.100418 4214.510322 4218.799993 4205.301404 4196.431488 4183.160141 4172.449932 4161.609337 4145.029932 4150.249064 4160.420969 4176.169634 4194.280133 4209.090024 4214.059561 4202.188924 4218.889400 4227.010533 
1048576 4268.079996 4263.401031 4250.360653 4231.879488 4222.249612 4204.209894 4192.819819 4180.951044 4173.049703 4158.711061 4147.009924 4131.730646 4122.361541 4114.050418 4126.420245 4143.960774 4148.609936 4133.010283 4121.160135 4106.409848 4099.480808 4085.030407 4102.069885 4118.768498 4133.190960 4149.289802 4165.850580 4173.479974 4188.090563 4194.900393 4201.170057 4206.109792 4208.091646 4204.479977 4200.339317 4197.239876 4188.319668 4170.561209 4158.470780 4146.639258 4144.970328 4159.789532 4177.888855 4192.780703 4209.328443 4223.730415 4238.169640 4254.519939 4256.669432 4242.030904 4235.550761 4220.001400 4212.450236 4194.889218 4183.739424 4187.339917 4200.950265 4215.238616 4232.879728 4249.440506 4253.769293 4243.599251 4258.779809 4266.100004 
1048576 4330.148920 4326.129332 4322.879016 4313.500598 4305.848852 4292.700440 4278.648645 4257.518798 4250.988364 4238.368943 4222.439602 4217.270762 4201.650620 4194.889218 4193.220288 4179.209471 4184.110090 4168.270156 4162.600264 4180.321470 4193.730652 4207.778722 4220.459610 4237.899557 4246.139899 4252.698272 4270.089790 4278.779030 4282.571375 4292.530939 4304.019734 4307.970405 4309.941083 4306.459799 4298.109561 4287.960008 4285.959527 4284.380004 4271.339625 4260.120913 4252.059385 4240.989685 4222.141579 4215.689376 4228.929058 4241.928458 4257.461056 4273.658618 4278.820008 4263.179377 4252.269864 4244.610667 4237.100482 4218.580201 4222.460091 4241.080955 4250.399768 4266.411066 4286.579788 4294.469953 4306.070507 4316.829145 4322.659224 4327.761009 
1048576 4274.001345 4271.710292 4261.858761 4249.999300 4240.499809 4227.250814 4215.849563 4200.709984 4196.040332 4178.021103 4165.159538 4149.699584 4141.649231 4154.250026 4169.490188 4185.700789 4190.439358 4174.590111 4163.390025 4154.339433 4145.881161 4127.580673 4113.538191 4118.518904 4131.060094 4147.810861 4165.150225 4183.759913 4190.919921 4202.850163 4214.299843 4218.559712 4219.600931 4216.959700 4207.750782 4199.959338 4188.029096 4170.540720 4152.929410 4141.489044 4136.521369 4139.520228 4155.330360 4170.440137 4187.420011 4203.749821 4219.109192 4236.621782 4241.140559 4227.200523 4215.091467 4199.240357 4188.198596 4174.979404 4163.039848 4178.529605 4192.570224 4207.339138 4224.790260 4241.069779 4245.338961 4256.181419 4267.519340 4273.090512 
1048576 4218.369722 4208.069295 4197.409377 4186.550155 4175.668582 4157.910123 4146.140069 4137.041047 4123.099148 4108.840600 4093.050957 4084.790125 4098.968580 4113.070667 4128.379747 4145.350307 4149.710760 4134.690389 4124.179482 4113.601521 4104.271531 4091.478884 4075.009376 4092.268646 4105.890170 4121.009260 4135.798663 4151.159897 4153.901711 4142.459482 4157.269374 4163.149744 4164.850339 4160.730168 4144.649953 4127.500579 4115.220159 4114.259034 4101.919010 4095.548764 4096.889868 4110.548645 4127.250984 4143.979400 4158.779979 4172.259942 4188.179970 4206.439480 4210.710526 4196.578637 4182.461649 4171.630368 4160.949960 4147.179425 4130.428657 4138.588905 4150.399938 4167.050123 4185.019061 4201.261327 4208.121449 4192.670807 4204.191267 4216.739908 
1048576 4333.700985 4330.970347 4329.118878 4311.980680 4301.538691 4283.091053 4271.660000 4259.068519 4249.028862 4234.429449 4223.918542 4212.759435 4202.760756 4192.329943 4180.589691 4162.739962 4156.580195 4145.998508 4134.930670 4120.009020 4109.250382 4096.521065 4102.708772 4117.529839 4129.890352 4142.848775 4161.320627 4174.299538 4188.450053 4200.151190 4206.789657 4211.300984 4212.599248 4209.721461 4206.249490 4197.889939 4182.940349 4169.341177 4151.759669 4167.741165 4184.409976 4199.648276 4215.160385 4230.260849 4245.949909 4261.020571 4276.428372 4294.119775 4297.899082 4282.820970 4271.989688 4260.309041 4251.068458 4237.608984 4221.409559 4239.618778 4253.691062 4267.120734 4283.640534 4298.530519 4304.260015 4321.038723 4327.010363 4332.480952 
1048576 4320.370033 4317.069426 4311.800003 4304.870963 4296.470433 4284.290597 4267.498851 4255.870357 4247.719422 4235.779867 4220.370203 4210.710526 4199.519753 4187.950864 4201.030359 4214.849323 4217.369482 4206.720740 4194.119945 4180.310294 4169.458523 4159.010947 4142.111167 4138.531163 4142.330959 4158.470780 4173.438996 4192.261025 4197.129980 4216.238856 4231.229424 4236.329347 4237.851128 4234.839231 4221.798852 4206.771031 4196.390510 4179.051146 4166.299477 4154.870287 4148.021340 4162.339494 4178.710282 4195.420071 4210.859537 4226.271063 4242.230207 4258.610308 4262.389615 4249.760881 4236.159846 4225.229844 4211.759195 4200.298339 4215.760157 4232.950509 4247.410223 4261.730239 4279.891029 4286.328331 4298.301414 4306.700081 4313.459620 4318.380728 
1048576 4224.000499 4218.319431 4202.721640 4185.959697 4175.210372 4162.639380 4150.919616 4138.490185 4128.450528 4115.538672 4129.229113 4143.809900 4159.739241 4175.851122 4191.560671 4208.208993 4212.649539 4199.348390 4187.259823 4174.439237 4163.339734 4149.120301 4169.870168 4182.059318 4197.290167 4212.990403 4228.610545 4236.569628 4249.269143 4256.730899 4263.710231 4268.011078 4270.100966 4266.029224 4262.400791 4258.060828 4249.328747 4237.139598 4219.820723 4209.419712 4199.730232 4184.748977 4173.049703 4163.820297 4157.669842 4171.729088 4187.069833 4203.349352 4207.078367 4194.930196 4185.190424 4173.390567 4162.620753 4149.679095 4133.870825 4149.259999 4165.589809 4179.919139 4196.699709 4209.220409 4213.821143 4203.138873 4213.469103 4221.638665 
1048576 4272.850230 4267.739132 4252.729937 4240.829498 4225.559533 4214.920104 4203.379154 4195.990041 4179.889336 4166.919738 4149.779677 4138.849676 4128.480330 4134.509712 4145.959392 4163.401201 4166.869447 4153.909162 4147.550091 4134.440795 4133.880138 4115.220159 4119.120538 4137.609154 4159.450531 4173.610359 4187.349230 4195.241258 4203.099757 4213.919863 4221.709445 4226.699471 4227.450117 4224.648699 4219.898954 4211.010411 4199.279472 4180.500284 4173.601046 4157.019779 4149.191082 4159.430042 4174.889997 4191.529006 4207.208753 4220.860079 4236.439243 4254.018888 4257.220775 4244.079813 4232.410342 4220.360890 4208.369181 4195.019603 4180.289805 4197.500646 4212.578759 4228.500649 4244.679585 4258.619621 4262.659699 4250.710830 4263.520241 4271.289334 
1048576 4388.758913 4385.940731 4379.849881 4372.740164 4361.899570 4343.109205 4326.339811 4314.769059 4305.720329 4291.940480 4291.160032 4279.009998 4258.491099 4240.499809 4229.569808 4223.119467 4227.660596 4211.168736 4193.320870 4201.509058 4213.370383 4225.149751 4239.311442 4258.580506 4276.199266 4285.240546 4305.530339 4315.128550 4320.139065 4328.111187 4339.380190 4344.439134 4346.050322 4342.440516 4334.559664 4325.520247 4324.149340 4321.159795 4301.810637 4286.259413 4275.830463 4257.570952 4240.790382 4234.150052 4252.169281 4270.840436 4287.820309 4309.300333 4315.719008 4297.940060 4283.810034 4267.109558 4252.970219 4262.778908 4283.159971 4302.591085 4320.980981 4338.519648 4349.770024 4354.331642 4365.198314 4374.319687 4381.759092 4387.019202 
1048576 4347.529262 4344.560206 4336.480051 4333.481193 4326.779395 4314.649850 4299.959168 4280.351102 4271.689802 4258.360714 4246.309400 4235.988483 4227.500409 4209.250212 4199.940711 4195.131361 4198.700190 4181.399941 4166.530445 4152.068868 4138.050601 4145.309329 4165.580496 4185.350612 4202.719778 4216.121510 4224.998876 4232.328385 4248.538986 4255.089909 4261.489958 4265.921190 4267.239943 4264.319316 4260.029644 4256.499931 4244.079813 4229.690880 4211.610183 4200.778902 4191.020504 4183.450714 4185.879603 4201.689735 4219.779745 4233.928397 4247.998819 4263.341427 4266.949371 4254.629835 4245.270044 4230.178893 4221.711308 4226.379097 4243.899137 4258.340225 4273.008555 4288.170487 4300.469533 4316.579551 4326.479509 4332.749173 4341.039807 4345.791414 
1048576 4278.620705 4275.958985 4275.280982 4268.430173 4254.100844 4239.810631 4228.450358 4215.670750 4205.340520 4193.700850 4182.189703 4169.899970 4158.850759 4143.739119 4158.910364 4176.471382 4181.958735 4166.390747 4154.140130 4141.710699 4132.419825 4124.870524 4107.750952 4112.608731 4121.199250 4139.499739 4155.728966 4173.979163 4181.159660 4164.630547 4173.999652 4187.509418 4189.528525 4177.179188 4168.190062 4157.269374 4145.178944 4127.159715 4115.359858 4096.819088 4112.619907 4119.718447 4136.299714 4151.569679 4169.400781 4183.599725 4198.478535 4215.888679 4220.390692 4204.440862 4195.898771 4180.250689 4170.630127 4157.731310 4173.541442 4189.930856 4205.899313 4220.040515 4237.370566 4242.740571 4258.839414 4266.509786 4271.650687 4276.579246 
1048576 4242.230207 4233.598709 4222.409800 4210.170358 4199.540243 4186.589271 4174.780101 4163.470119 4148.820415 4135.301337 4128.839821 4144.730046 4159.020260 4172.891378 4187.060520 4204.280674 4207.089543 4193.389788 4181.170836 4171.619192 4164.159298 4149.608314 4133.120179 4138.490185 4149.729386 4165.310413 4181.120545 4199.499264 4203.490913 4192.160442 4209.090024 4215.760157 4216.739908 4211.660475 4198.370501 4184.449092 4168.638960 4159.620032 4146.980122 4138.730466 4140.151665 4130.980000 4144.448787 4161.220044 4176.640883 4191.858694 4207.760096 4224.769771 4229.901358 4215.300083 4204.940051 4189.718515 4180.610180 4162.238911 4150.418565 4166.409373 4180.349410 4196.019843 4212.388769 4229.588434 4234.259948 4219.720140 4229.599610 4240.769893 
1048576 4226.369783 4222.610965 4213.269800 4202.669486 4193.680361 4174.850881 4163.850099 4153.899848 4143.310711 4140.809178 4134.869203 4113.540053 4128.210247 4142.820835 4158.399999 4174.919799 4176.739603 4162.490368 4151.290283 4139.630124 4130.808637 4116.309807 4098.581150 4108.229652 4121.350124 4136.709496 4152.080044 4170.550033 4174.830392 4165.660590 4180.869088 4186.959937 4188.379273 4184.728488 4172.049463 4155.799747 4143.919796 4133.559763 4117.820412 4107.629880 4099.400714 4098.249599 4115.300253 4132.879898 4148.360342 4160.480574 4175.079986 4191.799089 4197.219387 4181.519151 4169.780761 4160.400480 4149.639979 4140.989855 4117.960110 4128.990695 4137.210548 4152.510315 4171.658307 4188.019782 4196.871072 4207.700491 4218.999296 4224.279895 
1048576 4322.919995 4319.669679 4317.170009 4312.749952 4303.950816 4290.148616 4278.769717 4257.859662 4250.319675 4235.239699 4227.669910 4215.801135 4200.700670 4183.650017 4166.020080 4178.170115 4184.739664 4169.881344 4157.809541 4147.350788 4132.719710 4114.540294 4101.129249 4117.470235 4131.829366 4149.019718 4164.129496 4183.420911 4188.599065 4173.269495 4178.969190 4192.829132 4194.691777 4181.651399 4170.378670 4159.400240 4147.648811 4135.759547 4125.261679 4132.550210 4149.280488 4164.189100 4179.919139 4194.660112 4211.220890 4226.429388 4244.299605 4262.890667 4266.589880 4250.990227 4237.109795 4224.969074 4214.221612 4202.499986 4218.919203 4233.758897 4248.069599 4265.738651 4283.810034 4289.580509 4305.569455 4311.040044 4316.400737 4320.880398 
1048576 4359.498620 4356.080666 4343.669862 4338.860512 4339.870065 4328.029230 4311.289638 4294.410348 4286.240786 4274.630919 4262.570292 4258.770496 4239.911214 4223.380238 4205.109552 4197.169095 4187.880084 4175.990820 4164.610058 4151.109606 4139.941186 4145.039245 4161.980003 4173.049703 4187.339917 4204.360768 4218.960181 4234.248772 4246.519879 4252.098501 4260.579124 4264.999181 4265.999421 4263.309762 4257.829860 4254.238680 4245.840013 4233.200103 4214.609042 4203.040153 4193.328321 4180.800170 4188.438877 4203.829914 4220.029339 4234.429449 4250.789061 4267.718643 4271.479324 4257.779568 4245.510325 4233.330488 4225.200042 4242.619500 4256.330431 4272.580147 4287.399352 4303.280264 4312.010482 4331.260920 4336.560145 4337.821156 4351.731390 4357.939586 
1048576 4287.699237 4283.901304 4280.241206 4268.229008 4254.160449 4237.089306 4226.010293 4210.989922 4203.241318 4190.340638 4178.589210 4178.000614 4158.020020 4141.150042 4144.540057 4162.369296 4166.221246 4150.280729 4136.061296 4127.791151 4116.181284 4104.269668 4089.059308 4106.009379 4120.631143 4133.958369 4149.280488 4165.681079 4169.419408 4155.660048 4171.239212 4178.250208 4180.340096 4175.160080 4163.619131 4148.410633 4135.310650 4122.670740 4104.649648 4122.830927 4138.231277 4153.139889 4171.229899 4186.190665 4200.870171 4214.219749 4230.249673 4248.149693 4252.150655 4237.530753 4224.019125 4214.011133 4206.039011 4194.119945 4176.879302 4195.669666 4207.979888 4223.270342 4237.638786 4252.491519 4258.241504 4273.789003 4279.740155 4285.989329 
1048576 4233.559594 4230.769351 4217.699170 4208.289087 4203.829914 4185.801372 4169.831052 4158.491269 4147.998989 4135.061055 4147.350788 4165.349528 4182.759672 4202.270880 4219.550639 4237.098619 4241.021350 4226.580262 4213.200882 4198.290408 4184.659570 4167.100415 4178.609699 4198.249429 4213.830456 4228.660837 4240.479320 4252.890125 4258.640110 4277.799278 4284.439608 4288.649186 4290.200770 4287.438467 4283.828661 4268.210381 4256.509244 4242.159426 4231.490195 4222.860560 4218.809307 4213.210195 4202.650860 4167.439416 4158.718511 4166.809842 4181.910306 4201.440141 4206.519574 4190.148786 4175.448790 4164.939746 4155.648872 4150.219262 4130.760208 4137.018695 4144.819453 4161.410034 4180.708900 4198.700190 4205.761477 4211.980850 4225.701094 4232.080653 
1048576 4267.150536 4263.650626 4248.430952 4232.460633 4218.760878 4203.809425 4187.269136 4175.180569 4166.839644 4152.469337 4140.211269 4128.430039 4122.799262 4108.119756 4124.229774 4141.669720 4146.201536 4131.609574 4118.980840 4107.650369 4094.159231 4082.629457 4100.689664 4115.210846 4129.098728 4146.149382 4161.728546 4169.721156 4182.498902 4189.519212 4196.418449 4201.160744 4203.191027 4199.180752 4196.058959 4191.208631 4182.379693 4167.789593 4155.289382 4144.011065 4135.821015 4151.010886 4166.770726 4181.200638 4196.118563 4211.561754 4227.869213 4247.028381 4251.159728 4235.610366 4224.149510 4211.070016 4202.969372 4187.900573 4176.968709 4195.850343 4205.020145 4218.190908 4234.939814 4251.129925 4253.640771 4242.951050 4258.871078 4265.079275 
1048576 4260.869697 4257.319495 4252.359271 4237.430170 4226.878285 4212.509841 4200.929776 4188.319668 4176.229239 4163.559526 4151.960835 4135.480151 4127.981141 4136.931151 4151.359200 4168.428481 4173.651338 4156.319425 4143.038765 4140.129313 4135.889933 4121.299833 4141.099751 4159.050062 4178.158939 4198.400304 4205.949605 4215.730354 4226.220772 4232.740030 4242.220894 4247.229546 4248.449579 4245.180637 4238.370806 4234.289750 4225.419834 4220.489413 4213.400185 4195.870832 4180.921242 4161.389545 4143.010825 4157.491028 4174.398258 4189.129919 4203.610122 4220.800474 4224.799573 4210.939631 4200.721160 4189.170897 4177.939147 4163.371399 4149.818793 4165.850580 4180.129617 4194.770008 4211.910069 4226.619378 4230.899736 4246.121272 4253.638908 4260.050133 
1048576 4297.319800 4285.970703 4273.720086 4261.689261 4251.409322 4239.469767 4228.670150 4216.330126 4206.499085 4188.090563 4172.699526 4158.308730 4148.019478 4146.879539 4163.449630 4182.729870 4184.929654 4167.620093 4152.180627 4141.580313 4136.720672 4133.040085 4113.810137 4116.829485 4123.151302 4140.829667 4157.150164 4178.529605 4183.150828 4173.660651 4195.971414 4201.399162 4203.200340 4199.599847 4178.961739 4162.481055 4155.339673 4153.909162 4171.460867 4180.910066 4195.690155 4211.090505 4229.430109 4245.538265 4262.180999 4277.620465 4294.289276 4309.289157 4313.271493 4303.690046 4292.100668 4279.570654 4265.449941 4248.488694 4236.819223 4251.049832 4265.191033 4282.191396 4299.309105 4312.479869 4315.368831 4306.981340 4293.808714 4295.570776 
1048576 4469.599575 4466.051236 4455.519840 4443.509504 4433.870316 4421.750084 4410.749301 4389.841110 4381.690174 4370.460287 4357.730970 4345.379770 4338.208586 4321.720451 4312.390462 4294.950515 4285.968840 4277.318716 4277.409986 4276.489839 4262.398928 4251.729697 4233.470187 4223.370925 4215.659574 4204.070196 4194.680601 4210.520536 4217.268899 4231.350496 4242.910072 4249.090329 4251.200706 4247.430712 4261.579365 4276.080057 4285.449162 4310.838878 4317.669198 4331.080243 4346.629605 4361.780360 4377.521574 4393.771291 4410.119727 4426.209256 4442.360252 4452.370107 4453.890026 4451.040179 4436.150193 4421.070218 4411.058500 4399.500787 4387.659952 4375.420511 4384.810105 4400.119185 4416.169599 4432.288930 4437.519237 4449.650645 4462.171346 4468.549043 
1048576 4344.329238 4340.799525 4329.310730 4324.760288 4323.299974 4311.790690 4293.918610 4282.200709 4272.891209 4258.999601 4247.570410 4236.539826 4227.960482 4208.710045 4191.890359 4175.590351 4171.609879 4168.018699 4156.569019 4142.560065 4133.019596 4114.320502 4103.209823 4088.269547 4101.939499 4117.898643 4134.230316 4151.960835 4156.360403 4160.920158 4178.298637 4183.139652 4184.441641 4181.390628 4168.899730 4155.909643 4145.048559 4134.699702 4127.020016 4124.900326 4139.250144 4156.980664 4176.059738 4189.800471 4205.958918 4221.029580 4236.869514 4253.730178 4257.589579 4245.340824 4233.529791 4221.169278 4209.831357 4228.169098 4243.759438 4260.620102 4274.029285 4289.349541 4296.829924 4316.249862 4320.930690 4323.558882 4337.258637 4342.759028 
1048576 4500.988871 4490.939900 4485.338926 4472.950473 4456.730559 4437.640309 4426.430911 4413.928837 4406.478256 4388.090223 4376.530647 4391.368479 4415.340722 4425.691441 4438.931122 4458.500072 4464.579746 4480.730742 4500.959069 4520.170391 4531.899467 4546.351731 4553.910345 4567.619413 4582.641646 4589.939490 4595.769569 4608.210176 4615.571350 4622.919485 4634.181038 4638.548940 4640.510306 4636.699334 4628.499970 4624.370486 4621.280357 4620.330408 4614.898935 4603.959620 4604.659975 4593.260586 4566.419870 4555.270076 4544.038326 4525.590688 4513.360560 4495.410249 4495.499656 4481.920972 4471.590742 4462.400451 4457.129166 4427.779466 4411.999136 4400.020465 4396.190867 4415.741190 4434.119910 4453.741014 4463.329911 4478.309304 4487.169906 4499.470815 
1048576 4348.410293 4346.299917 4333.490506 4319.658503 4304.949194 4292.430356 4281.409085 4268.851131 4265.539348 4247.158766 4234.848544 4220.139235 4205.729812 4191.769287 4193.579778 4212.500528 4215.989262 4199.799150 4183.180630 4178.909585 4171.621054 4159.819335 4175.400361 4191.908985 4226.960242 4244.860262 4251.521081 4260.100424 4261.489958 4260.910675 4270.430654 4275.890067 4276.959226 4274.340346 4266.520962 4262.570292 4252.869636 4235.999659 4224.641249 4213.979468 4209.510982 4215.920344 4230.769351 4247.080535 4265.690222 4283.608869 4302.419722 4321.198910 4324.780777 4308.849573 4297.509789 4279.740155 4268.590361 4250.289872 4232.989624 4246.879369 4264.630377 4279.891029 4296.710715 4311.058670 4318.229854 4326.930270 4342.921078 4348.050803 
1048576 4365.080968 4348.589107 4337.171093 4323.570058 4314.150661 4302.131012 4291.830584 4283.711314 4272.479564 4256.799817 4252.480343 4224.089906 4216.579720 4198.880866 4187.149927 4181.560129 4188.170657 4170.831293 4160.419106 4149.328917 4139.270633 4125.209525 4140.619189 4156.129435 4171.250388 4186.650738 4202.019423 4209.969193 4213.679582 4226.960242 4235.951230 4240.669310 4242.260009 4238.700494 4232.700914 4222.359508 4213.459790 4202.149808 4207.549617 4222.379997 4236.210138 4252.780229 4270.398989 4285.080358 4300.819710 4318.159074 4335.440695 4356.499761 4359.830171 4344.049841 4332.430661 4316.780716 4302.890971 4290.129989 4270.978272 4283.219576 4298.258573 4314.549267 4332.149401 4349.030554 4356.319085 4341.328517 4344.690591 4363.039508 
1048576 4361.899570 4358.779639 4349.941388 4338.730127 4324.989393 4311.570898 4294.089973 4286.320880 4274.230450 4265.610129 4264.341667 4239.959642 4229.309037 4210.399464 4194.419831 4203.170538 4206.230864 4190.349951 4177.318886 4167.040810 4161.350429 4150.010645 4165.468737 4182.118922 4193.909466 4207.149148 4222.469404 4231.659696 4246.680066 4253.210500 4259.008914 4263.810813 4264.701158 4261.950031 4257.939756 4255.201668 4243.759438 4224.661738 4207.130522 4195.729271 4186.149687 4199.400544 4217.879847 4234.708846 4251.539707 4268.359393 4282.910377 4294.440150 4300.160334 4291.908816 4282.670096 4267.361015 4256.229848 4236.711189 4249.349236 4270.710051 4287.779331 4304.999486 4322.670400 4330.990836 4335.548729 4344.729707 4355.570301 4360.739142 
1048576 4302.969202 4299.709573 4296.250641 4284.158349 4271.660000 4257.790744 4245.931283 4231.799394 4221.420735 4209.209234 4194.689915 4185.128957 4173.610359 4189.779982 4205.139354 4222.650081 4226.969555 4211.740568 4199.299961 4184.940830 4176.149145 4161.959514 4148.108885 4153.279588 4167.890176 4183.730111 4198.379815 4216.630012 4222.460091 4207.849503 4221.580923 4232.969135 4233.838990 4224.820063 4213.020205 4200.849682 4188.839346 4178.669304 4163.099453 4153.039306 4151.761532 4167.169333 4183.998331 4198.400304 4214.489833 4230.601713 4246.359691 4265.390337 4268.400371 4254.108295 4242.278636 4225.831479 4217.129201 4202.799872 4192.488268 4208.270460 4219.969735 4235.459492 4252.789542 4268.281162 4274.830222 4290.079698 4296.259955 4302.188754 
1048576 4265.589640 4262.169823 4242.310300 4224.739969 4211.360589 4193.870351 4178.009927 4165.669903 4156.829789 4143.580794 4136.199132 4152.029753 4166.789353 4180.649295 4195.360467 4211.369902 4216.870293 4200.499505 4189.850762 4181.060940 4179.470241 4158.020020 4160.290584 4180.740565 4188.150167 4205.890000 4223.059863 4233.609885 4244.660959 4255.799577 4261.609167 4266.550764 4267.748445 4264.520481 4260.370508 4252.349958 4247.119650 4230.279475 4213.090986 4202.261567 4187.598825 4173.779860 4162.160680 4172.271118 4187.690094 4203.028977 4219.179973 4240.160808 4244.560376 4226.529971 4216.499627 4200.749099 4195.170477 4182.489589 4171.179608 4188.088700 4197.159782 4210.229963 4228.070378 4244.890064 4248.188809 4236.720502 4258.889705 4264.399409 
1048576 4196.250811 4191.819578 4178.978503 4161.508754 4151.230678 4137.149081 4125.770181 4113.450646 4102.459177 4090.510309 4081.130028 4079.710692 4097.800702 4116.820171 4132.781178 4147.838801 4151.530564 4138.849676 4126.630723 4112.940282 4098.599777 4080.859944 4093.749449 4111.170769 4125.719890 4139.309749 4152.690992 4165.709019 4175.009206 4192.160442 4198.130220 4202.621058 4204.399884 4201.320931 4200.039431 4184.709862 4169.249907 4156.289622 4138.190299 4126.681015 4119.459540 4104.919732 4105.560482 4120.700061 4136.469215 4152.109846 4167.288542 4183.601588 4185.819998 4173.969850 4163.339734 4147.220403 4139.279947 4121.840000 4109.920934 4116.108641 4129.430279 4144.778475 4162.371159 4176.508635 4182.400182 4171.431065 4187.701270 4194.920883 
1048576 4335.090518 4331.231117 4328.010604 4323.840141 4314.880818 4300.119355 4281.939939 4273.639992 4258.709028 4253.199324 4252.200946 4225.898534 4215.851426 4209.909588 4225.051031 4242.449999 4246.238619 4231.661558 4222.009331 4207.000136 4199.260846 4181.269556 4170.820117 4186.458886 4200.229421 4215.169698 4230.380058 4247.300327 4253.230989 4267.178476 4275.631160 4279.941320 4281.830043 4278.669134 4273.610190 4262.179136 4252.050072 4235.461354 4217.421636 4207.599908 4199.890420 4186.410457 4193.030298 4209.619015 4223.629832 4239.520058 4256.689921 4273.358732 4277.849570 4262.050614 4249.949008 4236.619920 4226.921126 4217.458889 4231.899977 4247.799516 4261.260852 4276.899621 4294.870421 4300.281405 4315.849394 4322.100431 4327.829927 4333.199933 
1048576 4332.980141 4329.089075 4326.229915 4319.328815 4309.870303 4292.950034 4276.350141 4257.049412 4250.079393 4232.190549 4225.930199 4225.639626 4207.490012 4190.729931 4178.451374 4188.179970 4190.459847 4186.520353 4175.540060 4159.308970 4149.809480 4146.311432 4155.840725 4171.159118 4187.891260 4206.581041 4221.899435 4237.970337 4251.219332 4257.438704 4263.930023 4268.610850 4270.169884 4267.269745 4262.028262 4259.860143 4250.189289 4231.950268 4213.731736 4202.989861 4186.650738 4178.270698 4198.709503 4218.401387 4233.220592 4246.369004 4259.830341 4276.299849 4280.069843 4265.280440 4258.910194 4248.149693 4240.380600 4217.039794 4226.388410 4244.500771 4251.319915 4267.750308 4288.220778 4296.829924 4310.820252 4320.260137 4325.211048 4331.739619 
1048576 4248.058423 4243.731499 4233.051091 4222.709686 4214.230925 4196.470603 4184.849560 4173.649475 4165.109247 4150.491208 4133.289680 4118.340090 4103.859887 4113.769159 4130.259156 4148.030654 4152.489826 4137.020558 4125.040025 4130.249843 4141.671583 4152.989015 4167.560488 4184.698686 4198.959097 4206.359386 4226.999357 4237.910733 4241.859540 4246.801138 4260.260612 4265.218973 4267.510027 4263.309762 4252.688959 4241.550341 4241.319373 4239.760339 4226.019606 4210.889339 4200.059921 4186.209291 4173.958674 4161.950201 4167.560488 4181.800410 4197.539762 4215.089604 4220.230505 4203.939810 4195.019603 4178.959876 4169.169813 4155.110568 4144.890234 4147.209227 4160.819575 4175.469279 4192.920402 4209.600389 4217.701033 4226.660356 4239.870235 4245.609045 
1048576 4326.369613 4320.530221 4309.410229 4293.359816 4284.398630 4270.888865 4259.658977 4246.968776 4232.550040 4220.910370 4203.809425 4194.650799 4190.590233 4204.200581 4220.928997 4239.099100 4242.669791 4227.880388 4215.070978 4200.190306 4194.188863 4181.250930 4165.379331 4185.069352 4196.980968 4211.910069 4227.139056 4244.070500 4246.778786 4233.669490 4250.019789 4256.220534 4257.189110 4253.970459 4241.039976 4225.211218 4216.069356 4205.899313 4193.879664 4191.679880 4197.020084 4210.760817 4229.310900 4243.759438 4259.470850 4275.340587 4291.741177 4309.479147 4312.548786 4299.310967 4284.879193 4272.419959 4262.249917 4248.309880 4237.540066 4253.141582 4266.658798 4281.010479 4297.690466 4313.509911 4317.790270 4302.909598 4316.600040 4325.218499 
1048576 4299.419001 4296.319559 4285.288975 4281.809554 4279.950634 4261.130467 4250.189289 4229.949787 4223.048687 4208.609462 4207.920283 4200.479016 4177.229479 4159.068689 4141.788930 4147.760570 4154.300317 4136.029631 4124.490544 4106.638953 4091.780633 4073.660821 4087.131470 4108.279943 4126.779735 4146.490246 4164.678976 4175.908864 4179.110751 4188.118502 4200.389609 4204.779863 4206.679761 4203.399643 4194.380715 4179.300740 4166.999832 4148.470238 4131.520167 4122.240469 4111.509770 4116.410390 4133.399576 4150.051624 4161.641002 4173.839465 4189.269617 4208.359867 4211.889580 4196.308553 4188.109189 4176.471382 4169.080406 4183.460027 4201.620817 4217.850044 4230.398685 4244.010895 4252.029583 4271.911457 4276.720807 4278.948531 4292.350262 4297.921434 
1048576 4249.680787 4246.929660 4235.090688 4230.020568 4229.299724 4214.700311 4195.179790 4184.409976 4178.678617 4168.121144 4166.649655 4156.449810 4122.760147 4112.180322 4126.608372 4143.029451 4146.289080 4132.580012 4119.910300 4109.861329 4100.510851 4115.110263 4132.419825 4147.680476 4162.868485 4178.749397 4185.341299 4204.349592 4208.551720 4212.470725 4225.589335 4230.260849 4231.419414 4229.590297 4217.101261 4214.519635 4211.340100 4202.259704 4183.631390 4171.680659 4162.259400 4148.179665 4138.220102 4125.149921 4113.230854 4124.330357 4138.829187 4156.948999 4160.759971 4145.909101 4136.439413 4127.370194 4119.969904 4133.939743 4152.160138 4169.579595 4181.399941 4194.669425 4201.751202 4221.709445 4227.280617 4229.938611 4242.189229 4248.468205 
1048576 4453.008994 4449.689761 4441.659898 4430.171102 4418.378696 4400.059581 4381.440580 4373.461008 4358.949140 4341.298714 4325.110465 4310.010001 4298.130050 4279.799759 4268.640652 4262.119532 4257.520661 4250.040278 4240.589216 4230.519757 4220.599309 4206.441343 4189.940169 4175.359383 4190.199077 4205.789417 4220.070317 4237.240180 4240.971059 4252.081737 4269.290715 4274.370149 4275.759682 4272.440448 4259.590060 4242.779687 4233.339801 4245.400429 4263.510928 4284.249619 4302.069545 4321.170971 4341.980442 4360.370338 4374.431446 4388.401285 4402.769729 4419.511184 4423.238337 4411.069676 4402.210936 4388.948902 4380.259663 4362.029955 4343.200475 4353.480414 4362.478852 4377.840087 4396.170378 4412.511364 4421.379417 4435.839131 4444.640130 4450.939596 
1048576 4286.110401 4282.329232 4279.250279 4260.880873 4246.741533 4233.790562 4215.860739 4198.120907 4191.080108 4178.810865 4170.728847 4161.739722 4159.789532 4178.140312 4194.069654 4208.959639 4213.269800 4199.801013 4188.930616 4172.699526 4162.568599 4144.409671 4156.431183 4172.710702 4187.460989 4200.680181 4214.160144 4226.710647 4236.359149 4252.539948 4259.109497 4263.248295 4265.660420 4261.828959 4260.079935 4245.210439 4230.950028 4217.309877 4206.370562 4195.110872 4191.670567 4187.408835 4178.389907 4175.549373 4190.288484 4205.619916 4222.070798 4239.819944 4245.499149 4228.461534 4218.049347 4205.001518 4199.139774 4184.771329 4173.651338 4193.350673 4200.620577 4213.729873 4230.339080 4246.799275 4253.590479 4272.758961 4278.089851 4283.878952 
1048576 4276.880994 4273.630679 4263.170063 4262.970760 4255.989566 4238.680005 4227.960482 4216.320813 4208.169878 4195.848480 4195.358604 4205.130041 4217.509180 4233.639687 4248.568788 4267.679527 4273.928702 4257.179797 4244.819283 4227.470607 4224.870354 4220.249131 4244.508222 4263.330251 4282.139242 4300.309345 4306.370392 4314.180464 4326.319322 4333.890975 4340.820014 4344.848916 4345.629364 4343.299195 4339.070991 4334.811121 4324.829206 4313.521087 4303.930327 4304.040223 4288.060591 4265.630618 4248.538986 4229.910672 4213.860258 4196.111113 4178.650677 4173.530266 4177.421331 4161.439836 4142.280668 4130.801186 4147.790372 4163.799807 4179.080948 4197.379574 4206.230864 4218.429327 4227.310419 4247.250035 4253.130406 4258.129746 4269.819707 4275.210202 
1048576 4280.319437 4277.059808 4271.820188 4259.290174 4244.331270 4231.359810 4220.230505 4218.259826 4203.271121 4188.749939 4177.639261 4196.651280 4208.751023 4222.519696 4236.480221 4253.340885 4257.708788 4241.701216 4232.838750 4222.659394 4219.179973 4194.939509 4201.861098 4222.510383 4229.679704 4245.679826 4264.459014 4274.321720 4287.879914 4297.209904 4303.390160 4308.929667 4310.149699 4306.379706 4303.950816 4296.701401 4287.140444 4275.480285 4258.571193 4237.860441 4230.339080 4215.698689 4204.068333 4202.809185 4185.220227 4188.880324 4206.640646 4228.029400 4232.259467 4216.179252 4202.568904 4186.049104 4170.799628 4164.230078 4167.919978 4185.451195 4202.378914 4220.059142 4237.839952 4246.700555 4251.139238 4265.360534 4273.559898 4278.780892 
1048576 4230.029881 4226.909950 4219.349474 4207.899794 4191.549495 4178.130999 4164.010286 4154.529423 4148.598760 4134.280607 4123.730585 4106.098786 4101.650789 4115.208983 4130.398855 4148.639739 4152.148962 4136.230797 4125.969484 4117.701203 4124.140367 4137.199372 4154.169932 4173.340276 4187.520593 4198.990762 4209.430888 4227.619618 4231.769592 4235.928878 4249.488935 4254.600033 4255.559295 4252.729937 4242.789000 4237.869754 4237.661138 4225.010052 4212.690517 4205.219448 4189.809784 4175.379872 4157.889634 4146.378487 4152.201116 4167.919978 4183.029756 4199.100658 4202.811047 4189.768806 4178.680480 4163.170233 4155.069590 4137.150943 4120.880738 4130.579531 4144.681618 4157.869145 4175.009206 4190.830514 4196.729511 4213.601351 4223.670810 4229.089245 
1048576 4214.499146 4207.290709 4196.079448 4178.211093 4169.670865 4157.159477 4142.500460 4132.019356 4117.669538 4103.939980 4092.849791 4088.019952 4102.190956 4117.419943 4133.200273 4151.700065 4155.399278 4139.250144 4129.000008 4114.730284 4104.189575 4090.599716 4110.230133 4125.129431 4137.979820 4154.520109 4169.579595 4178.090021 4190.549254 4197.569564 4204.329103 4208.920524 4211.129621 4207.570106 4204.109311 4199.679941 4189.269617 4176.091403 4159.288481 4147.671163 4138.760269 4120.988771 4122.579470 4137.560725 4153.680056 4168.590531 4183.610901 4200.769588 4205.189645 4189.969972 4181.198776 4164.109007 4155.360162 4142.969847 4124.868661 4135.079682 4147.099331 4162.270576 4179.598764 4195.800051 4201.460630 4188.198596 4203.850403 4213.010892 
1048576 4337.079823 4334.170371 4329.230636 4323.329777 4314.888269 4302.360117 4284.800962 4273.530096 4265.628755 4253.029823 4237.389192 4226.129502 4210.060462 4208.920524 4188.740626 4191.670567 4196.090624 4181.170836 4168.169573 4153.860733 4149.399698 4132.799804 4138.069227 4155.989736 4168.368876 4185.430706 4202.069715 4212.740809 4220.381379 4232.659936 4238.989204 4244.010895 4245.979711 4242.260009 4238.629714 4228.269681 4219.729453 4209.579900 4197.461531 4178.769886 4171.449691 4178.250208 4196.900874 4211.138934 4226.090387 4241.511226 4258.010536 4274.269566 4278.069362 4265.429452 4251.541570 4238.918424 4228.608683 4217.509180 4234.481603 4249.598831 4263.039678 4278.859124 4295.838997 4302.939400 4316.810519 4323.991016 4329.809919 4335.209727 
1048576 4262.311384 4259.290174 4251.560196 4232.728854 4215.959460 4196.040332 4178.158939 4159.251228 4149.019718 4151.711240 4168.769345 4183.210433 4195.561633 4211.019725 4226.369783 4242.941737 4247.780889 4232.190549 4216.188565 4209.410399 4201.309755 4195.049405 4176.938906 4181.550816 4188.491032 4204.710945 4222.068936 4239.279777 4244.688898 4232.969135 4246.460274 4255.650565 4256.589338 4249.401391 4238.169640 4227.209836 4211.749882 4197.170958 4179.291427 4167.659208 4155.710340 4140.960053 4143.578932 4163.149744 4185.970873 4203.788936 4217.820242 4231.659696 4235.450178 4227.219149 4216.080531 4196.031019 4178.140312 4160.480574 4142.979160 4160.260782 4178.220406 4193.199798 4203.740507 4217.918962 4225.090146 4244.651645 4255.700856 4260.919988 
1048576 4221.569747 4209.728912 4198.610783 4186.380655 4174.070433 4163.140431 4148.900509 4138.169810 4131.199792 4113.109782 4118.200392 4135.970026 4149.870947 4166.319966 4181.189463 4199.100658 4203.541204 4187.209532 4175.959155 4161.631688 4154.440016 4140.598699 4157.120362 4172.800109 4186.810926 4203.250632 4218.241200 4226.459190 4239.810631 4246.650264 4253.251478 4258.470610 4260.569811 4256.330431 4251.601174 4248.589277 4239.339381 4225.458950 4207.359627 4196.990281 4186.339676 4173.539579 4161.700606 4149.530083 4154.849797 4170.371220 4186.479375 4202.939570 4210.239276 4195.129499 4185.920581 4170.401022 4161.030054 4143.090919 4128.050059 4145.519808 4159.079865 4175.730050 4191.990942 4209.080711 4214.441404 4199.169576 4206.020385 4219.360650 
1048576 4390.491173 4377.650097 4352.400079 4336.990416 4330.420867 4320.500419 4309.549928 4283.219576 4276.400432 4267.459735 4240.710288 4235.399887 4229.910672 4215.881228 4192.389548 4184.329882 4185.389727 4177.479073 4157.800227 4147.669300 4136.519507 4122.469574 4110.999405 4096.129909 4109.188914 4124.758765 4141.490906 4161.320627 4167.230800 4184.499383 4197.031260 4201.740026 4203.561693 4200.799391 4191.119224 4203.310236 4213.649780 4224.590957 4243.141040 4258.390516 4273.049533 4289.399832 4309.419543 4327.369854 4342.731088 4356.561229 4375.681281 4395.078868 4398.480058 4383.360967 4368.031397 4352.640361 4346.020520 4328.640178 4342.189059 4359.381273 4374.289885 4393.069074 4412.809387 4416.979849 4418.918863 4417.939112 4402.529448 4389.509559 
1048576 4247.060046 4243.180156 4240.380600 4233.909771 4224.888980 4211.569205 4194.520414 4182.860255 4176.201299 4157.679155 4152.528942 4152.270034 4130.149260 4145.529121 4161.519930 4173.571244 4175.219685 4168.080166 4154.000431 4143.949598 4135.059193 4122.590646 4106.771201 4092.989489 4106.698558 4122.050479 4136.800766 4153.760150 4158.020020 4142.949358 4156.500101 4169.359803 4171.200097 4157.999530 4146.100953 4130.359739 4118.150100 4105.459899 4093.231633 4081.230611 4075.309262 4090.499133 4104.889929 4121.910781 4136.860371 4151.660949 4168.409854 4185.499623 4189.610481 4174.869508 4164.200276 4149.649292 4141.688347 4128.210247 4143.809900 4160.480574 4174.299538 4190.098494 4206.439480 4213.290289 4225.319251 4233.630374 4240.220413 4245.409742 
1048576 4291.759804 4287.099466 4272.678867 4255.879670 4242.099822 4229.390994 4218.790680 4206.031561 4197.370261 4186.199978 4168.460146 4159.219563 4176.840186 4196.308553 4214.789718 4236.290231 4241.939634 4223.240539 4210.280254 4192.810506 4181.720316 4163.021222 4174.450412 4193.380475 4212.319851 4231.300205 4249.610007 4260.201007 4263.930023 4274.981096 4285.799339 4290.580750 4292.180762 4289.180040 4281.211644 4264.701158 4252.858460 4234.509543 4222.149029 4211.001098 4200.989380 4193.620756 4195.449874 4210.378975 4225.600511 4239.309579 4255.590960 4272.250459 4275.899380 4262.851551 4251.340404 4240.110517 4231.229424 4217.360169 4200.309515 4217.779264 4233.479500 4247.898236 4263.209179 4277.801141 4282.150418 4269.648343 4283.109680 4290.400073 
1048576 4208.341241 4192.410037 4179.820418 4168.869928 4164.278507 4152.031615 4144.700244 4128.899425 4114.020616 4096.280783 4110.569134 4127.619788 4141.921178 4158.120602 4173.260182 4190.649837 4196.491092 4180.680960 4169.100896 4154.508933 4144.059494 4131.440073 4117.239267 4135.180265 4147.101194 4162.829369 4177.488387 4196.330905 4200.020805 4185.199738 4197.489470 4207.199439 4208.870232 4200.700670 4188.690335 4177.959636 4165.269434 4153.320566 4140.730947 4128.281027 4118.399695 4104.750231 4109.809175 4128.349945 4143.409431 4158.720374 4176.469520 4197.228700 4203.101620 4185.330123 4173.889756 4156.770185 4142.059013 4128.208384 4109.909758 4126.379266 4142.500460 4157.498479 4176.780581 4196.818918 4203.209653 4185.900092 4188.010469 4207.050428 
1048576 4319.930449 4317.490384 4305.558279 4288.990051 4275.770858 4262.568429 4251.120612 4237.601534 4229.079932 4217.049107 4199.611023 4191.260785 4183.558747 4177.689552 4191.299900 4207.070917 4209.879786 4198.050126 4190.100357 4180.848598 4165.420309 4150.629044 4131.490365 4141.610116 4151.890054 4166.770726 4182.050005 4201.600328 4210.641608 4227.349535 4235.439003 4240.080714 4241.460934 4238.670692 4233.309999 4219.358787 4204.548895 4191.139713 4171.049222 4180.541262 4194.689915 4213.448614 4227.189347 4242.980853 4258.329049 4272.978753 4288.289696 4300.510511 4301.719368 4296.399653 4284.799099 4272.520542 4263.268784 4250.340164 4234.420136 4223.629832 4235.260189 4250.049591 4265.109077 4278.980196 4283.670336 4300.950095 4313.031211 4318.991676 
1048576 4359.239712 4349.309951 4336.701706 4326.600581 4318.060353 4304.889590 4287.889227 4270.201549 4262.911156 4269.549623 4288.760945 4305.049777 4318.229854 4333.140329 4350.930452 4369.448870 4377.068952 4393.029958 4408.059642 4425.959662 4434.589297 4452.429712 4462.359473 4473.049194 4494.450986 4505.839199 4514.340311 4523.759708 4528.699443 4538.130015 4549.449310 4553.169012 4554.741085 4551.110789 4544.690251 4536.079243 4528.190941 4527.039826 4515.610635 4508.730024 4509.709775 4484.901205 4477.331415 4460.209981 4452.599213 4435.211420 4423.201084 4406.569526 4401.070997 4399.729893 4397.910088 4391.700029 4392.569885 4374.440759 4362.570122 4344.010726 4336.450249 4318.589345 4307.810217 4315.610975 4319.859669 4330.098629 4345.038906 4357.669502 
1048576 4237.050191 4232.969135 4230.210558 4217.790440 4203.481600 4191.098735 4181.699827 4162.469879 4155.779257 4140.680656 4127.791151 4119.189456 4133.459181 4149.990156 4164.598882 4182.461649 4189.480096 4177.229479 4200.899974 4220.930859 4237.860441 4255.210981 4265.449941 4272.600636 4277.609289 4291.251302 4297.479987 4306.210205 4315.599799 4323.910922 4333.030432 4337.130114 4339.160398 4336.060956 4330.359399 4325.371236 4326.108843 4324.980080 4318.431020 4309.499636 4310.708493 4300.858825 4287.999123 4257.079214 4240.481183 4218.889400 4201.740026 4195.449874 4199.920222 4185.371101 4174.999893 4159.010947 4149.939865 4135.970026 4124.389961 4140.380770 4153.368995 4169.201478 4186.389968 4201.570526 4208.130762 4223.989323 4229.111597 4235.239699 
1048576 4202.570766 4198.171198 4185.570404 4169.039428 4160.279408 4146.179184 4134.960473 4121.890292 4110.699520 4098.320380 4092.680290 4112.198949 4128.050059 4140.900448 4149.869084 4166.148603 4168.091342 4156.161100 4152.620211 4142.470658 4135.129973 4115.359858 4116.149619 4130.208865 4135.729745 4155.790433 4176.439717 4188.569263 4204.129800 4213.741049 4219.800234 4223.709926 4225.268960 4222.599790 4219.150171 4213.230684 4200.618714 4181.839526 4163.330421 4147.680476 4136.780277 4118.960351 4105.579108 4121.579230 4136.970267 4153.259099 4168.070853 4185.909405 4188.548774 4174.789414 4164.000973 4151.230678 4142.198712 4123.210907 4112.379625 4127.720371 4142.390564 4156.488925 4173.729569 4188.630730 4192.970693 4179.200158 4194.030538 4201.540723 
1048576 4500.340670 4495.859146 4483.899102 4480.568692 4481.809214 4462.581128 4448.110238 4428.829998 4420.770332 4406.519234 4393.558949 4386.439919 4375.569522 4361.139610 4345.200956 4339.141771 4330.061376 4312.468693 4305.301234 4300.100729 4290.670156 4264.721647 4257.479683 4242.518917 4232.469946 4246.219993 4262.210801 4278.039560 4283.029586 4286.419600 4303.779453 4308.089614 4310.319200 4306.869581 4294.499755 4276.780412 4261.910915 4251.260310 4264.010116 4281.030968 4297.969863 4313.791171 4332.100973 4347.899929 4359.500483 4374.030977 4389.859736 4406.640306 4410.980269 4396.760836 4387.151450 4374.159500 4366.360605 4382.960498 4399.670288 4416.059703 4427.470267 4443.170503 4452.221096 4472.380504 4477.681592 4477.148876 4491.860047 4498.548806 
1048576 4275.711253 4272.488877 4268.199205 4256.900400 4240.849987 4231.939092 4220.630974 4208.380356 4192.989320 4185.250029 4184.961319 4153.490067 4145.339131 4131.959751 4114.730284 4130.020738 4134.239629 4120.700061 4109.390080 4099.490121 4084.259272 4069.721326 4058.539867 4074.979573 4087.001085 4104.180261 4119.670019 4136.219621 4140.818492 4127.619788 4139.138386 4147.369415 4148.639739 4142.450169 4128.970206 4116.898403 4108.270630 4097.739235 4099.419340 4114.659503 4124.470055 4142.399877 4157.679155 4172.960296 4188.848659 4203.880206 4219.878465 4236.688837 4240.451381 4226.269200 4215.789959 4200.709984 4190.368578 4177.311435 4164.800048 4182.631150 4193.279892 4210.259765 4225.909710 4240.568727 4247.659817 4262.680188 4269.160330 4274.519160 
1048576 4337.280989 4333.561286 4327.220842 4318.298772 4303.170368 4288.649186 4280.149937 4265.800118 4259.429872 4255.980253 4239.169881 4220.560193 4202.550277 4189.429805 4206.420854 4219.749942 4223.229364 4212.781787 4201.170057 4186.399281 4176.711664 4162.369296 4151.070490 4134.749994 4148.239270 4164.090380 4179.840907 4197.349772 4203.649238 4221.949726 4237.679765 4241.550341 4243.448377 4240.559414 4228.660837 4214.400426 4199.439660 4188.809544 4176.430404 4161.639139 4172.088578 4183.279350 4198.350012 4213.759676 4230.551422 4244.040698 4256.309941 4271.639511 4276.890308 4264.889285 4258.889705 4246.000201 4234.770313 4215.119407 4229.350016 4249.619320 4266.129807 4282.450303 4297.809675 4303.390160 4309.918731 4321.860150 4329.819232 4336.100072 
1048576 4203.571007 4187.380895 4172.930494 4163.170233 4154.279828 4142.830148 4132.149741 4121.089354 4110.420123 4125.270993 4141.129553 4158.359021 4172.390327 4189.249128 4204.301164 4221.910611 4225.170240 4210.500047 4198.791459 4184.070975 4176.190123 4162.210971 4179.019481 4194.589332 4209.181294 4225.280136 4240.840673 4249.101505 4262.849689 4269.171506 4275.940359 4279.939458 4281.440750 4278.639331 4275.100306 4272.159189 4258.191213 4247.820005 4230.570048 4219.409078 4209.879786 4195.658490 4186.039791 4173.859954 4157.170653 4156.468436 4174.429923 4195.110872 4198.899493 4182.638600 4170.348868 4154.039547 4142.729566 4125.569016 4114.160314 4121.869802 4136.290401 4153.799266 4172.580317 4188.690335 4196.530208 4180.749878 4183.379933 4202.110693 
1048576 4193.790257 4186.930135 4175.689071 4164.069891 4153.041169 4133.559763 4124.769941 4102.149978 4094.241187 4078.580067 4060.110077 4066.210240 4083.389416 4098.528996 4112.791270 4126.481712 4130.691290 4120.020196 4111.088812 4099.369049 4106.771201 4125.500098 4134.409130 4149.539396 4164.298996 4178.509116 4191.599786 4210.840911 4215.290770 4218.999296 4233.431071 4237.430170 4238.959402 4235.550761 4224.870354 4220.889881 4220.820963 4207.760096 4198.569804 4174.871370 4167.430103 4148.829728 4137.719050 4124.648869 4133.278504 4147.389904 4163.309932 4179.989919 4184.709862 4170.591012 4154.780880 4143.608734 4134.789109 4133.660346 4117.140546 4118.239507 4126.530141 4142.090678 4160.569981 4176.098853 4181.949422 4169.309512 4183.279350 4192.151129 
1048576 4241.351038 4237.629473 4221.819341 4205.280915 4191.130400 4172.969609 4164.829850 4147.760570 4132.229835 4115.130752 4101.509228 4119.310528 4135.610536 4153.931513 4172.770306 4191.679880 4196.099937 4179.969430 4164.660349 4151.020199 4137.160257 4122.680053 4105.329514 4117.220640 4134.720191 4151.711240 4167.251289 4183.979705 4190.739244 4195.529968 4214.739427 4218.330607 4220.230505 4217.639565 4202.229902 4187.040031 4175.908864 4163.779318 4151.009023 4139.110446 4131.339490 4128.068686 4146.080464 4157.559946 4171.459004 4185.451195 4202.960059 4220.759496 4224.728793 4209.840670 4195.179790 4184.000194 4178.859293 4167.549312 4151.148722 4171.840847 4181.219265 4195.081070 4210.559651 4225.160927 4227.969795 4216.071218 4233.120009 4238.979891 
1048576 4404.539242 4401.721060 4397.569224 4390.889779 4383.079708 4368.430004 4352.649674 4333.268851 4325.458780 4310.250282 4297.569394 4295.330495 4284.359515 4266.519099 4251.010716 4244.390875 4250.379279 4234.429449 4220.150411 4212.049767 4204.308614 4197.509959 4172.209650 4183.029756 4189.221188 4206.040874 4224.300385 4244.079813 4250.450060 4258.228466 4272.200167 4276.800901 4278.540611 4275.269806 4264.099523 4256.159067 4245.650023 4233.360291 4213.778302 4195.719957 4205.100238 4221.498966 4238.231108 4255.918786 4273.761064 4291.180521 4305.729643 4321.169108 4326.879978 4314.638674 4305.468872 4289.248958 4275.109619 4286.428913 4305.189475 4326.729104 4343.278706 4359.440878 4366.729409 4371.879622 4382.880405 4391.990602 4398.439080 4403.609782 
1048576 4282.409325 4279.490560 4271.728918 4267.349839 4263.030365 4251.111299 4242.081195 4222.769290 4211.049527 4194.619134 4182.500765 4170.600325 4160.469398 4152.361304 4169.300199 4183.880985 4190.059379 4174.059257 4157.980904 4151.549190 4153.469577 4171.660170 4191.800952 4214.519635 4232.609645 4240.090027 4250.779748 4264.729097 4269.238561 4277.350381 4289.239645 4294.199869 4296.310246 4292.679951 4283.050075 4277.139902 4273.978993 4265.090451 4258.910194 4252.750427 4233.481362 4219.109192 4198.990762 4183.730111 4164.179787 4169.590771 4183.599725 4199.368879 4204.669967 4189.260304 4180.179909 4170.218483 4161.199555 4164.760932 4180.960357 4193.879664 4209.049046 4226.909950 4238.178954 4250.029102 4259.711131 4265.179858 4275.619984 4280.989990 
1048576 4365.088418 4362.709820 4358.060658 4341.540858 4330.519587 4311.399534 4300.260916 4287.770018 4278.190434 4264.181480 4255.170003 4244.370386 4233.101383 4212.729633 4202.349111 4210.710526 4214.230925 4199.409857 4187.330604 4173.759371 4165.159538 4146.970809 4130.439833 4140.710458 4155.129194 4171.030596 4186.000675 4199.501127 4206.119105 4217.950627 4233.589396 4237.890244 4239.359871 4236.958921 4223.879427 4212.670028 4204.358906 4189.169034 4193.810746 4211.230204 4221.139476 4236.420617 4254.620522 4271.520302 4289.051518 4302.900285 4316.549748 4332.089797 4334.859550 4323.469475 4316.780716 4300.579429 4289.520904 4276.590422 4256.689921 4268.890247 4278.400913 4291.199148 4308.629781 4325.099289 4334.250465 4351.601005 4358.131438 4364.199936 
1048576 4203.081131 4187.509418 4176.700488 4162.250087 4152.629524 4142.129794 4131.391644 4121.109843 4114.830866 4093.170166 4081.541672 4071.731120 4088.100046 4104.269668 4113.540053 4129.650071 4133.408889 4121.929407 4118.449986 4104.319960 4090.579227 4100.579768 4122.341052 4142.200574 4157.040268 4171.939567 4177.700728 4185.890779 4196.180031 4204.040393 4212.519154 4216.449335 4218.440503 4214.290529 4210.310057 4204.059020 4196.949303 4179.829732 4167.670384 4150.900990 4138.879478 4123.710096 4112.409428 4123.119637 4140.859470 4157.330841 4175.310954 4193.859175 4197.770730 4182.839766 4172.230139 4156.170413 4142.399877 4128.569737 4111.519083 4122.329876 4136.189818 4153.711721 4170.861095 4184.179008 4192.229360 4179.470241 4183.869809 4200.909287 
1048576 4235.928878 4232.490435 4229.290411 4224.950448 4213.910550 4199.029878 4185.680300 4173.209891 4162.359983 4147.971049 4135.578871 4125.379026 4124.989733 4141.669720 4156.190902 4166.029394 4169.920459 4164.690152 4153.950140 4137.989134 4128.700122 4121.519625 4121.659324 4133.330658 4135.780036 4150.388762 4168.098792 4185.479134 4198.700190 4214.880988 4221.301526 4226.209596 4227.260128 4225.149751 4221.148789 4206.681624 4190.290347 4171.630368 4158.940166 4141.509533 4130.419344 4104.379565 4094.509408 4109.520465 4125.680774 4140.129313 4155.701026 4173.880443 4177.391529 4161.799327 4151.020199 4136.091098 4130.279645 4117.209464 4131.369293 4147.650674 4162.071273 4177.348688 4194.619134 4200.270399 4217.470065 4223.270342 4228.409380 4234.900698 
1048576 4306.249321 4302.449524 4299.079999 4290.999845 4279.639572 4261.529073 4250.109196 4231.128842 4222.400486 4210.609943 4199.899733 4191.881046 4180.699587 4174.210131 4188.789055 4206.469283 4210.440442 4195.239395 4184.208810 4175.569862 4168.739542 4153.860733 4135.860130 4156.399518 4172.779620 4187.898710 4199.471325 4214.620218 4217.280075 4235.399887 4243.129864 4247.790202 4249.559715 4245.128483 4242.109135 4224.479198 4212.109372 4193.410277 4180.850461 4160.480574 4149.070010 4151.210189 4169.149324 4187.799990 4204.720259 4219.170660 4231.680185 4247.959703 4251.459613 4239.371046 4232.671112 4219.289869 4205.619916 4190.118983 4197.970033 4213.210195 4223.860800 4239.071161 4257.820547 4267.450422 4283.240065 4293.778911 4299.959168 4304.660484 
1048576 4666.410387 4663.089290 4656.270146 4647.480324 4644.630477 4642.311484 4632.590339 4623.319954 4620.710388 4602.260888 4591.329023 4581.710324 4567.060620 4555.560648 4535.948858 4530.809820 4516.310990 4499.381408 4487.020895 4478.249699 4479.529336 4471.829161 4462.379962 4435.589537 4426.270723 4410.650581 4393.901676 4406.230524 4407.860339 4402.501509 4388.539121 4386.069253 4387.060180 4372.300580 4355.410114 4344.109446 4333.740100 4345.659167 4360.748455 4376.368597 4392.141476 4408.068955 4425.268620 4440.030083 4457.328469 4472.799599 4488.769919 4504.710436 4510.909319 4516.199231 4532.989115 4550.419748 4561.189562 4579.931498 4588.758573 4597.149789 4602.950066 4617.270082 4626.629874 4633.029923 4641.929641 4651.820287 4659.088328 4664.879292 
1048576 4399.320111 4387.499765 4367.988557 4351.170734 4337.109625 4322.988912 4306.098446 4289.960489 4297.601059 4313.159734 4329.489544 4344.539717 4359.928891 4377.009347 4394.689575 4410.240799 4417.909309 4436.329007 4453.448579 4468.930885 4474.841058 4491.770640 4504.309967 4517.849535 4535.160959 4547.249526 4552.209750 4560.681060 4570.070654 4578.869790 4587.810487 4592.400044 4593.510181 4590.619355 4584.560171 4577.849060 4569.809884 4569.288343 4559.371620 4554.530606 4550.140351 4528.241232 4518.330097 4505.431280 4496.909678 4476.791248 4466.749728 4451.969638 4453.340545 4452.889785 4452.979192 4451.189190 4441.289231 4429.928958 4414.560273 4404.529929 4406.280816 4400.311038 4389.859736 4363.451153 4360.418767 4362.389445 4383.269697 4397.289827 
1048576 4235.150293 4231.009632 4227.580503 4217.678681 4209.280014 4196.781665 4185.289145 4172.191024 4162.359983 4147.961736 4137.109965 4136.059433 4123.799503 4141.299054 4157.869145 4175.350070 4179.319367 4164.561629 4152.549431 4138.659686 4124.330357 4112.370312 4095.761105 4104.509950 4120.619968 4136.020318 4150.610417 4164.539278 4170.479253 4159.709439 4167.649895 4182.260484 4184.400663 4171.861336 4157.209769 4146.169871 4135.051742 4124.360159 4111.820832 4100.568593 4091.249779 4079.010338 4094.319418 4110.390320 4125.690088 4142.150283 4157.459363 4175.279289 4180.669785 4165.649414 4155.309871 4136.988893 4127.908498 4116.561264 4130.480811 4146.728665 4160.780460 4177.849740 4194.630310 4199.981689 4210.900515 4222.489893 4226.949066 4232.730716 
1048576 4215.041175 4202.401266 4190.890118 4178.648815 4167.329520 4153.909162 4145.089537 4135.020077 4125.479609 4110.720009 4098.059610 4113.329574 4125.790671 4140.790552 4157.340154 4174.761474 4178.950563 4164.870828 4149.440676 4138.929769 4131.300375 4116.531461 4108.451307 4105.970263 4118.470475 4135.118797 4151.651636 4169.950262 4177.050665 4186.609760 4200.439900 4205.731675 4207.130522 4203.399643 4192.641005 4182.629287 4173.610359 4162.730649 4143.649712 4126.619548 4119.999707 4105.638713 4120.370373 4134.269431 4150.500521 4167.219624 4182.359204 4198.940471 4204.841331 4191.970453 4179.639742 4168.448970 4154.188558 4136.500880 4124.959931 4139.279947 4153.741524 4170.849919 4187.740386 4204.390571 4209.470004 4194.669425 4198.139533 4214.020446 
1048576 4295.799881 4291.890189 4281.301051 4269.659519 4255.758598 4242.891446 4230.840132 4217.069596 4209.408537 4197.778180 4184.991121 4174.390808 4157.228395 4152.910784 4167.620093 4185.130820 4190.009087 4174.739122 4176.089540 4186.289385 4192.639142 4210.678861 4226.360470 4242.291674 4251.860082 4263.339564 4277.510568 4285.680130 4291.040823 4301.559180 4311.749712 4315.730184 4318.190739 4314.290360 4308.370873 4297.699779 4295.209423 4293.570295 4281.459376 4270.238802 4262.400791 4243.010655 4233.859479 4221.329466 4217.250273 4231.678322 4247.229546 4263.650626 4268.229008 4253.830761 4242.939875 4230.391234 4219.040275 4203.671589 4186.319187 4196.859896 4209.129140 4223.588854 4239.611328 4255.240783 4262.849689 4275.308922 4287.850112 4293.959588 
1048576 4258.260131 4256.740212 4248.728976 4237.318411 4223.089665 4208.669066 4197.521135 4184.288904 4172.779620 4159.510136 4149.259999 4133.680835 4141.390324 4158.040509 4173.669964 4190.709442 4195.090383 4180.470482 4169.229418 4155.380651 4144.759849 4126.058891 4109.028727 4122.231156 4137.039185 4152.128473 4166.200757 4183.009267 4189.498723 4176.190123 4186.049104 4199.460149 4200.689495 4188.859835 4176.029935 4161.229357 4150.461406 4139.749333 4128.379747 4118.820652 4116.360098 4131.691530 4148.619249 4164.859653 4182.280973 4196.660593 4210.250452 4227.720201 4230.590537 4217.268899 4208.160564 4193.520173 4183.590412 4169.320688 4156.960174 4161.110148 4172.768444 4187.218845 4204.360768 4220.670089 4228.409380 4243.489355 4252.649844 4258.099943 
1048576 4385.920241 4382.509738 4377.050325 4365.680739 4351.180047 4338.970408 4327.571020 4313.988611 4305.230454 4291.219637 4274.051636 4263.600335 4256.680608 4240.309820 4228.329286 4234.520718 4238.989204 4222.689196 4213.130102 4198.661074 4186.980426 4199.329764 4210.270941 4226.470366 4244.210199 4258.980975 4268.329591 4280.738533 4293.279722 4299.130291 4306.899384 4311.870784 4313.359037 4309.989512 4304.919392 4301.929846 4291.919991 4282.809794 4270.739853 4261.991009 4244.949669 4249.639809 4266.450182 4282.489419 4298.681393 4314.100370 4328.740761 4345.549271 4349.559546 4335.900769 4326.779395 4310.749471 4299.860448 4286.050797 4275.050014 4293.208942 4304.410890 4319.090396 4336.010665 4351.330921 4356.428981 4371.181130 4378.451034 4384.670407 
1048576 4276.111722 4261.801019 4250.120372 4236.938432 4228.729755 4215.568304 4205.070436 4193.009809 4185.689613 4165.031016 4166.919738 4184.190184 4199.098796 4212.779924 4229.310900 4245.420918 4249.949008 4236.709327 4225.259647 4214.560613 4205.361009 4218.339920 4236.269742 4252.009094 4266.351461 4283.331335 4289.390519 4301.158711 4310.019314 4315.659404 4326.539114 4330.800846 4332.769662 4329.670221 4321.699962 4317.911342 4311.811179 4301.419482 4284.080118 4272.699356 4264.250398 4249.891266 4237.828776 4226.820543 4213.629290 4227.040336 4244.860262 4260.390997 4266.839474 4254.030064 4241.520539 4225.229844 4215.160385 4196.239635 4185.570404 4198.549315 4212.420434 4229.299724 4247.119650 4265.539348 4270.900041 4255.479202 4257.120192 4274.390638 
1048576 4345.070571 4342.401400 4338.569939 4334.440455 4325.259477 4308.020696 4296.969622 4282.830283 4273.690283 4259.359092 4242.900759 4233.568907 4224.378616 4216.600209 4233.049229 4244.951531 4246.469587 4239.348695 4224.849865 4214.309156 4202.790558 4189.390689 4174.910486 4164.749756 4174.869508 4191.650078 4206.821322 4224.101081 4229.249433 4244.009033 4257.099703 4261.219874 4263.358191 4260.111600 4250.550643 4239.659756 4224.359989 4214.460030 4201.939330 4184.219986 4176.119342 4188.450053 4207.501188 4221.420735 4237.011075 4251.450300 4267.800599 4285.100847 4289.280623 4273.969680 4263.039678 4250.589758 4241.790622 4228.221253 4243.019968 4258.710891 4272.580147 4288.569093 4305.548966 4312.118515 4327.191040 4333.369434 4338.229075 4343.399778 
1048576 4306.040704 4301.499575 4299.350083 4282.470793 4271.291196 4254.130647 4242.990166 4230.730236 4219.459370 4208.020866 4207.288846 4185.870290 4172.539338 4159.281030 4142.619669 4135.578871 4135.809839 4117.650911 4107.359797 4126.040265 4141.420126 4152.979702 4161.899909 4175.938666 4190.508276 4202.419892 4220.400006 4231.659696 4235.969856 4243.718460 4255.790263 4260.201007 4262.048751 4258.500412 4250.889644 4240.799695 4241.300747 4234.660417 4218.239337 4206.849262 4197.219387 4186.509177 4174.470901 4181.379452 4199.840128 4217.309877 4235.399887 4254.790023 4258.468747 4243.448377 4229.359329 4212.610424 4201.749340 4186.000675 4194.561392 4213.720560 4229.569808 4247.210920 4261.121154 4269.680008 4274.860024 4292.210564 4298.269749 4303.779453 
1048576 4212.910309 4209.769890 4202.788696 4191.350192 4176.238552 4161.559045 4148.719832 4129.970446 4121.549428 4110.971466 4099.670798 4098.370671 4112.159833 4128.230736 4143.999889 4160.789773 4165.358841 4150.839522 4138.048738 4128.290340 4113.201052 4098.908976 4088.580608 4104.191437 4116.019234 4132.859409 4147.499800 4166.088998 4169.918597 4155.758768 4167.228937 4176.469520 4177.778959 4171.069711 4158.219323 4146.959633 4134.569317 4122.300074 4109.680653 4101.358354 4087.589681 4081.860185 4101.609811 4119.569436 4136.949778 4149.109125 4164.101556 4180.870950 4183.959216 4170.559347 4158.830270 4148.930311 4134.299234 4123.469815 4104.821011 4115.208983 4124.131054 4139.779136 4157.230258 4173.399881 4181.349650 4197.239876 4205.988720 4211.479798 
1048576 4331.190139 4327.628762 4322.579131 4319.058731 4309.510812 4296.470433 4279.298708 4268.949851 4257.498309 4243.480042 4235.049710 4218.598828 4209.078848 4190.139472 4207.348451 4227.349535 4232.339561 4215.870053 4201.620817 4185.890779 4174.638540 4155.639559 4143.768921 4154.549912 4170.779139 4187.580198 4203.481600 4221.340641 4228.640348 4213.539883 4218.149930 4234.809428 4236.839712 4221.439362 4206.810147 4194.589332 4184.529185 4174.489528 4165.170714 4153.689370 4157.381132 4173.869267 4189.061001 4205.379635 4219.949245 4235.170782 4250.980914 4267.999902 4272.760823 4257.250577 4247.330129 4235.811532 4224.149510 4212.660715 4229.949787 4243.150353 4256.719723 4273.220897 4289.191216 4296.669737 4311.420023 4316.680133 4323.011264 4328.919575 
1048576 4202.680662 4196.640104 4183.031619 4168.100655 4159.210250 4147.309810 4151.931033 4167.668521 4179.440439 4195.859656 4212.940112 4228.269681 4243.070260 4258.789122 4274.770617 4291.210324 4294.389859 4281.239584 4265.850410 4256.969318 4245.920107 4231.289029 4214.219749 4223.581403 4237.189889 4252.789542 4267.869517 4284.720868 4290.349782 4276.121035 4292.249680 4301.149398 4302.309826 4295.140505 4282.141104 4271.170124 4255.799577 4244.299605 4231.970757 4219.509661 4208.229482 4192.620516 4181.049764 4171.879962 4157.999530 4158.001393 4174.320027 4189.720377 4193.440080 4180.759192 4168.549553 4155.440256 4143.390805 4130.169749 4113.350064 4122.810438 4136.640579 4151.299596 4167.810082 4182.349890 4188.271239 4176.629707 4192.160442 4201.261327 
1048576 4264.621064 4259.379581 4247.419536 4231.669009 4217.190668 4203.990102 4185.790196 4174.489528 4165.828228 4155.438393 4144.748673 4133.488983 4126.209766 4140.710458 4156.470299 4173.390567 4177.171737 4162.721336 4152.910784 4141.878337 4131.911322 4117.198288 4102.420062 4120.649770 4134.221002 4149.571061 4164.209589 4179.768264 4182.860255 4171.339795 4184.121266 4191.460088 4192.980006 4188.070074 4171.298817 4156.880081 4146.870226 4132.790491 4119.239748 4122.219980 4138.030112 4152.428359 4167.640582 4180.500284 4195.580259 4212.129861 4228.569567 4246.689379 4250.239581 4235.060886 4221.910611 4209.419712 4202.950746 4189.811647 4177.460447 4196.750000 4206.769168 4218.308255 4235.088825 4250.850528 4254.128784 4241.280258 4255.630076 4263.700917 
1048576 4206.450656 4203.319550 4189.869389 4174.038768 4160.659388 4146.479070 4128.839821 4116.529599 4122.398794 4137.629643 4154.279828 4170.030355 4182.320088 4196.619615 4211.910069 4228.500649 4231.790081 4217.930138 4207.018763 4197.400063 4189.260304 4176.180810 4159.219563 4176.380113 4190.789536 4205.930978 4220.491275 4235.060886 4238.629714 4255.589098 4263.360053 4267.109558 4268.679768 4266.038537 4261.899740 4246.689379 4231.419414 4218.170419 4200.261086 4190.128297 4180.770367 4171.609879 4161.320627 4152.320325 4147.609696 4160.551354 4175.819457 4192.721099 4194.010049 4180.209711 4170.170054 4157.770425 4150.999710 4139.078781 4128.349945 4127.150401 4137.190059 4153.259099 4170.648754 4188.040271 4193.419591 4184.130579 4198.430106 4204.720259 
1048576 4258.058965 4255.089909 4239.130765 4222.908989 4214.588553 4201.538861 4189.779982 4178.090021 4174.841568 4160.840064 4141.399637 4132.770002 4147.579893 4163.390025 4179.110751 4196.049646 4200.911149 4185.589030 4174.390808 4158.390686 4153.801128 4167.899489 4184.579477 4201.550037 4215.348512 4231.829196 4239.089787 4259.290174 4263.449460 4266.548902 4280.390218 4285.100847 4286.939278 4284.169525 4272.351041 4268.530756 4266.381264 4257.120192 4238.061607 4230.950028 4215.829074 4204.180092 4195.120186 4178.659990 4173.170775 4190.729931 4209.470004 4229.959100 4233.868793 4217.820242 4203.759134 4188.589752 4177.240655 4161.909223 4145.910963 4155.399278 4171.429202 4187.639803 4205.359146 4223.549739 4231.359810 4233.270884 4251.230508 4256.600514 
1048576 4368.590191 4364.719614 4355.449229 4344.640300 4335.278645 4322.759807 4311.520606 4298.038781 4287.449643 4273.880273 4259.370267 4251.370206 4233.108833 4224.330187 4207.510501 4198.970273 4189.049825 4182.830453 4173.088819 4162.300378 4151.640460 4137.190059 4121.338949 4104.569554 4121.510312 4137.380049 4151.320085 4168.149084 4172.019660 4182.290286 4198.879004 4203.179851 4205.839708 4202.309996 4190.439358 4174.159840 4167.718813 4168.901592 4188.399762 4202.209413 4217.149690 4233.138636 4248.728976 4264.909774 4280.218855 4297.539592 4312.530160 4329.349846 4335.260019 4321.631044 4307.689145 4291.551188 4284.199327 4269.869998 4258.230329 4275.439307 4286.600277 4301.380366 4317.859188 4335.349426 4340.101033 4349.879920 4360.638559 4366.209731 
1048576 4250.509664 4247.320816 4233.879969 4214.640707 4196.140915 4176.139832 4164.818674 4145.538434 4130.350426 4112.720490 4092.589021 4095.429555 4112.219438 4125.051200 4133.999348 4150.180146 4151.150584 4140.499979 4137.910903 4127.759486 4114.618525 4131.460562 4150.850698 4170.559347 4189.539701 4204.250872 4220.129922 4235.420376 4239.048809 4246.519879 4258.699715 4262.831062 4264.369607 4261.288792 4251.789302 4246.110097 4242.518917 4237.329587 4224.790260 4205.819219 4192.121327 4173.569381 4155.630246 4146.661609 4167.059436 4188.118502 4206.990823 4223.169759 4226.559773 4214.150831 4197.340459 4177.579656 4160.229117 4141.040146 4124.529660 4145.540297 4164.269194 4182.230681 4197.470844 4206.309095 4213.370383 4227.189347 4243.299365 4249.269143 
1048576 4333.460703 4330.379888 4324.300215 4321.258515 4311.369732 4299.251363 4291.389138 4291.210324 4270.570353 4256.010056 4236.049950 4217.870533 4207.268357 4193.210974 4179.699346 4185.959697 4190.139472 4175.990820 4160.311073 4151.139408 4142.019898 4159.050062 4174.899310 4190.729931 4206.208512 4221.960902 4228.839651 4247.101024 4251.940176 4255.829379 4269.300029 4272.399470 4274.830222 4271.961749 4261.510447 4257.839173 4253.469408 4244.731739 4232.170060 4214.638844 4205.590114 4192.629829 4185.089841 4194.149747 4207.579419 4221.919924 4237.720743 4258.539528 4263.279960 4248.259589 4234.470427 4217.401147 4220.651463 4209.840670 4236.450419 4251.321778 4268.050194 4283.970222 4293.380305 4300.069064 4313.889891 4319.010302 4325.760528 4331.620410 
1048576 4210.270941 4199.039191 4186.190665 4173.289984 4163.350910 4150.949419 4139.240831 4131.410271 4116.248339 4102.539271 4085.570574 4099.719226 4114.979878 4127.910361 4141.040146 4157.170653 4160.610959 4147.520289 4138.318822 4130.968824 4121.718928 4130.410030 4152.189940 4169.119522 4182.830453 4197.010770 4202.540964 4216.039553 4224.298522 4230.169579 4241.120070 4245.540127 4245.959222 4243.468866 4235.088825 4231.909290 4227.040336 4213.269800 4194.369540 4187.289625 4172.829911 4165.859893 4164.408892 4158.759490 4174.059257 4189.768806 4205.049947 4222.270101 4225.300625 4213.450477 4202.399403 4187.820479 4179.429263 4161.760211 4149.710760 4162.229598 4178.680480 4194.369540 4210.598767 4224.060103 4227.438942 4217.538983 4205.539823 4208.460450 
1048576 4318.309948 4315.089434 4305.001348 4301.071167 4296.848550 4285.149276 4273.768514 4260.381684 4252.200946 4238.009453 4229.810089 4229.361191 4200.909287 4216.751084 4231.959581 4242.520779 4244.768992 4240.158945 4228.390753 4213.191569 4198.959097 4188.559949 4173.589870 4162.380472 4174.029455 4189.740866 4205.139354 4223.290831 4227.099940 4239.229485 4252.649844 4257.079214 4259.079695 4256.019369 4245.350137 4234.319553 4226.079211 4213.480279 4198.089242 4186.540842 4176.149145 4164.880142 4149.891436 4165.299237 4182.908684 4196.889699 4213.429987 4231.059924 4235.230386 4221.100360 4207.009450 4196.731374 4188.790917 4202.980548 4219.830036 4236.230627 4250.729457 4265.040159 4272.960126 4287.870601 4294.710234 4299.599677 4311.120138 4316.989332 
1048576 4184.359685 4176.570103 4164.639860 4149.969667 4135.960713 4125.529900 4113.988951 4103.310406 4094.129428 4076.590762 4090.450704 4108.509049 4124.360159 4139.330238 4151.720554 4167.091101 4171.991721 4159.169272 4153.231159 4139.080644 4127.399996 4137.558863 4157.919437 4177.520052 4193.469882 4207.359627 4213.651642 4222.180694 4231.659696 4240.699112 4249.010235 4253.258929 4254.629835 4252.269864 4245.849326 4240.058362 4235.180095 4217.989743 4199.421033 4187.310115 4177.190363 4165.818915 4154.378548 4147.680476 4131.549969 4139.419645 4155.140370 4171.838984 4175.690934 4162.689671 4152.208567 4136.018455 4126.120359 4113.269970 4095.410928 4104.550928 4117.848352 4132.550210 4149.580374 4165.401682 4171.980545 4158.228636 4172.349349 4183.029756 
1048576 4260.890186 4256.909713 4249.909893 4238.080233 4227.520898 4210.591316 4198.510200 4186.339676 4178.740084 4160.070792 4150.349647 4141.051322 4150.221124 4167.519510 4183.730111 4203.058779 4210.019484 4192.298278 4177.140072 4163.360223 4156.891257 4146.119580 4138.370976 4153.689370 4157.518968 4173.958674 4191.018641 4211.219028 4214.569926 4206.310958 4229.249433 4233.950749 4235.761240 4232.618958 4211.319610 4191.178828 4178.998992 4160.730168 4148.170352 4129.659384 4119.150341 4125.811160 4142.940044 4157.608375 4173.191264 4188.349470 4205.090925 4222.350195 4226.749763 4212.319851 4198.720679 4186.820239 4177.449271 4164.870828 4152.350128 4165.319726 4179.989919 4193.199798 4210.580140 4226.149991 4231.430590 4244.139418 4253.098741 4259.070382 
1048576 4236.839712 4227.340221 4216.449335 4203.690216 4194.360226 4180.608317 4163.710400 4151.850939 4141.539335 4130.519927 4113.180563 4102.490842 4091.428593 4106.780514 4121.450707 4130.190238 4134.761170 4130.000249 4119.319841 4103.301093 4102.250561 4112.940282 4128.780216 4147.909582 4164.241254 4180.230200 4195.010290 4218.799993 4221.420735 4224.710166 4236.930981 4241.088405 4243.530333 4239.618778 4229.210317 4228.910431 4224.440083 4213.290289 4200.771451 4181.100056 4167.309031 4149.390385 4138.698801 4152.229056 4168.650135 4184.778780 4200.899974 4217.479378 4223.300144 4209.071398 4196.099937 4179.390147 4170.339555 4159.029573 4146.808758 4160.700366 4174.429923 4189.880565 4205.780104 4223.199561 4227.468744 4213.590175 4222.840071 4234.340042 
1048576 4245.469347 4241.989926 4234.669730 4223.579541 4212.100059 4198.830575 4182.789475 4170.749336 4166.470841 4151.601344 4134.140909 4123.520106 4125.060514 4139.309749 4154.900089 4170.689732 4174.031317 4160.610959 4148.840904 4135.631025 4126.410931 4112.040624 4096.910357 4101.969302 4116.838798 4132.460803 4147.011787 4164.969549 4169.110209 4156.630486 4174.038768 4181.500524 4183.208570 4178.630188 4162.859172 4147.298634 4138.559103 4124.529660 4106.370732 4097.210243 4094.880074 4109.399393 4125.820473 4142.830148 4158.580676 4174.929112 4189.459607 4205.938429 4209.600389 4197.580740 4185.969010 4169.929773 4160.940647 4146.469757 4134.530202 4151.239991 4162.959754 4179.539159 4196.658731 4212.750122 4216.609523 4228.809848 4237.949848 4243.740812 
1048576 4516.469315 4507.118836 4497.690126 4482.408985 4474.529997 4457.501695 4446.670413 4428.058863 4420.431331 4402.598366 4401.519895 4417.560995 4432.359710 4448.670894 4465.758801 4481.500015 4490.319639 4503.879696 4524.150863 4540.421069 4552.889615 4562.571645 4575.930536 4589.190707 4609.260708 4618.640989 4623.869434 4631.320015 4641.801119 4650.749266 4658.460617 4662.239924 4664.430395 4661.640152 4655.810073 4649.870098 4645.239562 4643.360153 4632.759839 4626.290873 4626.899958 4607.640207 4590.770230 4579.041153 4563.650116 4552.790895 4534.060135 4522.969946 4519.300535 4509.288818 4502.849653 4490.390420 4480.451345 4467.239603 4450.280219 4438.111559 4428.040236 4435.678944 4452.979192 4468.109459 4474.509507 4490.489140 4502.480850 4514.079541 
1048576 4254.899919 4252.338782 4241.550341 4230.109975 4218.459129 4205.910489 4191.778600 4180.360585 4169.899970 4158.768803 4147.661850 4133.200273 4144.970328 4159.329459 4173.990339 4191.821441 4194.259644 4179.639742 4166.088998 4158.960655 4151.239991 4142.589867 4119.470716 4128.400236 4136.260599 4151.869565 4168.260843 4188.550636 4192.510620 4183.709621 4202.749580 4207.350314 4208.950326 4205.930978 4189.029336 4173.640162 4162.069410 4143.310711 4125.570878 4113.940522 4111.599177 4126.079381 4144.640639 4159.269854 4177.080467 4191.910848 4206.499085 4222.860560 4226.719961 4212.589934 4204.599187 4189.129919 4174.789414 4166.539758 4150.189459 4156.081006 4168.210551 4183.409736 4200.460389 4215.860739 4223.510623 4236.789420 4247.108474 4254.059866 
1048576 4356.538877 4352.658987 4348.499700 4339.288920 4330.711439 4317.568615 4309.000447 4289.669916 4282.480106 4270.229489 4255.469888 4246.789962 4235.900939 4214.690998 4203.520715 4205.970094 4211.680964 4193.270579 4181.450233 4167.409614 4156.690091 4145.210609 4162.838683 4176.529124 4191.068932 4209.371284 4228.180274 4240.700975 4256.410524 4268.608987 4274.850711 4279.650748 4280.939698 4276.771098 4274.768755 4265.520722 4250.999540 4232.740030 4215.389490 4204.709083 4190.849140 4196.770489 4215.030000 4230.359569 4245.549440 4260.569811 4278.039560 4295.719787 4301.570356 4286.250100 4272.138700 4260.038957 4248.240963 4237.320274 4253.650084 4268.599674 4282.919690 4298.521206 4316.510633 4323.478788 4331.041127 4341.809079 4348.909482 4354.849458 
1048576 4230.249673 4227.099940 4211.699590 4194.520414 4183.199257 4169.210792 4156.719893 4143.530503 4134.058952 4120.409489 4114.100710 4132.060334 4147.920758 4165.278748 4180.461168 4191.860557 4197.970033 4189.489409 4176.430404 4161.229357 4150.338471 4134.798422 4123.769701 4140.028730 4154.520109 4172.049463 4190.439358 4209.199920 4220.020026 4239.499569 4245.400429 4249.880090 4251.260310 4248.581827 4244.280979 4229.079932 4211.371765 4194.179550 4182.649776 4163.328558 4155.799747 4139.458761 4133.729264 4146.769643 4162.000492 4177.939147 4193.270579 4211.010411 4214.540124 4199.851304 4188.081250 4175.931215 4167.160019 4155.499861 4139.790311 4157.669842 4170.529544 4184.771329 4199.909046 4215.158522 4218.030721 4206.310958 4222.920164 4228.999838 
1048576 4228.280857 4224.859178 4221.290350 4203.751683 4188.381135 4169.588909 4158.310592 4138.991237 4122.629762 4102.949053 4115.669057 4136.689007 4154.279828 4168.808460 4175.879061 4193.030298 4194.850102 4183.430225 4180.001095 4170.080647 4153.039306 4132.838920 4120.890051 4141.928628 4160.150886 4180.001095 4194.920883 4206.160083 4210.300744 4221.269861 4232.028499 4237.020388 4238.689318 4235.530272 4226.820543 4208.900034 4191.420972 4169.808701 4158.629104 4132.119939 4126.099870 4107.018933 4111.919552 4130.570218 4141.300917 4151.970148 4167.171195 4184.069112 4188.710824 4173.649475 4159.798846 4154.989496 4149.520770 4132.449627 4118.509591 4137.838259 4153.830931 4169.439897 4180.431366 4193.119705 4197.239876 4216.160625 4221.240059 4226.788878 
1048576 4254.668951 4250.919446 4237.471148 4220.319912 4210.069776 4191.130400 4180.200398 4161.030054 4153.771326 4153.400660 4171.770066 4189.498723 4203.530028 4219.230264 4234.548658 4248.810932 4253.190011 4239.950329 4228.608683 4214.119166 4207.909107 4189.789295 4178.760573 4182.189703 4196.260124 4211.189225 4226.239398 4242.530093 4246.991128 4234.520718 4253.478721 4260.389134 4262.370989 4257.109016 4240.220413 4225.440323 4213.990644 4200.819880 4187.580198 4176.210612 4167.050123 4154.359922 4154.670984 4169.689491 4184.620455 4201.401025 4217.250273 4236.189649 4240.678623 4223.769531 4213.569686 4196.720198 4191.011190 4177.588969 4166.958854 4185.188562 4191.938788 4206.700251 4224.529490 4240.149632 4242.449999 4230.560735 4246.961325 4252.988845 
1048576 4317.350686 4313.290119 4300.389439 4284.689203 4274.981096 4261.771217 4249.859601 4238.151014 4223.149270 4210.039973 4195.120186 4184.339195 4177.870229 4192.030057 4207.599908 4224.428907 4228.908569 4213.560373 4203.649238 4189.079627 4179.919139 4168.441519 4152.979702 4157.999530 4169.860855 4185.529426 4202.440381 4221.260548 4228.780046 4239.859059 4251.899198 4256.460816 4257.440567 4255.359992 4245.560616 4236.239940 4224.149510 4211.280495 4197.079688 4185.620695 4194.950685 4208.700731 4225.499928 4242.150113 4257.049412 4272.870719 4287.950695 4304.701462 4308.098927 4293.410107 4283.709452 4268.210381 4256.960005 4243.809730 4227.798432 4237.160087 4250.580445 4265.839234 4282.720387 4299.920052 4304.990172 4293.289036 4308.169708 4316.531122 
1048576 4422.260448 4409.080371 4397.960380 4382.790998 4373.310134 4360.729828 4345.128313 4334.019497 4328.979179 4315.970466 4327.781498 4344.118759 4358.639941 4374.351352 4389.099777 4408.290610 4418.689758 4432.579502 4451.300949 4469.620064 4485.441372 4493.178800 4502.890632 4515.290260 4533.968866 4543.039948 4549.250007 4556.490108 4567.138851 4575.081170 4583.170637 4587.760195 4589.989781 4586.299881 4581.799731 4575.058818 4568.560049 4566.740245 4558.090121 4547.730088 4548.098892 4532.489926 4516.869783 4503.929988 4488.229752 4476.930946 4459.360614 4448.700696 4440.179095 4438.299686 4430.960864 4423.430189 4413.429648 4400.759935 4382.859915 4375.429824 4371.240735 4344.450310 4355.659708 4370.309412 4375.379533 4391.901195 4404.820502 4420.340061 
1048576 4288.539290 4285.069183 4274.111241 4264.460877 4255.041480 4242.410883 4231.169820 4211.209714 4204.250872 4189.820960 4176.799208 4166.878760 4157.580435 4171.801731 4186.801612 4202.989861 4206.068814 4192.858934 4182.239994 4166.670144 4157.230258 4143.631086 4164.010286 4177.689552 4192.300141 4207.609221 4223.661497 4232.199863 4243.249074 4250.969738 4258.079454 4262.140021 4263.900220 4261.050373 4257.459193 4252.629355 4244.459793 4231.739789 4212.750122 4202.639684 4192.858934 4178.579897 4171.170294 4186.119884 4201.531410 4218.399525 4235.260189 4252.519459 4258.159548 4244.189709 4228.450358 4212.900996 4203.690216 4191.190004 4178.438336 4193.831235 4207.570106 4222.059622 4239.428788 4256.080836 4261.611030 4269.659519 4281.500354 4288.081080 
1048576 4301.968962 4297.450185 4282.088950 4266.899079 4263.151437 4251.901060 4246.829078 4228.979349 4213.061184 4211.019725 4229.750484 4246.041179 4261.190072 4277.080297 4292.050377 4308.510572 4314.968362 4301.089793 4291.180521 4289.479926 4303.369671 4320.859909 4329.739138 4346.810281 4362.439737 4370.858893 4375.191405 4391.759634 4397.159442 4401.220009 4414.539784 4418.740049 4420.550540 4417.691380 4408.618435 4404.380918 4400.070757 4387.890920 4375.839606 4365.360364 4354.918376 4343.381152 4331.499338 4320.569336 4303.349182 4295.310006 4278.000444 4269.240424 4274.329171 4256.969318 4240.740091 4223.991185 4220.791161 4218.950868 4202.209413 4201.879725 4209.440202 4230.119288 4247.860983 4268.480465 4274.919629 4275.189713 4292.659461 4299.551249 
1048576 4279.140383 4276.279360 4271.710292 4260.320216 4246.639088 4233.980551 4216.989502 4206.130281 4196.930677 4184.709862 4168.938845 4157.889634 4160.190001 4174.619913 4191.549495 4207.840189 4212.409258 4198.018461 4185.888916 4176.249728 4161.870107 4147.760570 4135.631025 4149.749875 4164.649174 4180.690274 4195.971414 4213.709384 4218.811169 4231.249914 4241.241142 4245.659336 4246.918485 4243.999720 4237.700254 4227.859899 4216.209054 4204.660654 4191.949964 4175.439477 4166.200757 4154.529423 4161.098972 4176.450893 4191.769287 4207.430407 4223.339260 4241.690040 4244.660959 4230.480641 4218.580201 4202.831537 4195.088521 4180.639982 4168.719053 4184.581339 4198.130220 4213.318229 4230.020568 4244.718701 4251.129925 4266.599193 4273.230210 4278.270528 
1048576 4272.280261 4269.180819 4252.890125 4234.841093 4220.690578 4203.859717 4187.509418 4175.329581 4164.800048 4152.210429 4139.810801 4129.499197 4124.589264 4128.959030 4144.338891 4162.920639 4166.359082 4149.850458 4139.589146 4128.139466 4118.239507 4105.208442 4088.990390 4104.539752 4119.589925 4133.950919 4149.440676 4167.079926 4170.550033 4156.049341 4171.909764 4178.678617 4180.001095 4175.079986 4162.700847 4147.808999 4136.759788 4122.590646 4110.589623 4131.410271 4141.880199 4159.608856 4178.149626 4193.970934 4207.618535 4221.389070 4237.391055 4256.330431 4257.779568 4242.120311 4232.110456 4222.329706 4213.439301 4199.258983 4183.150828 4188.708961 4198.959097 4212.860018 4230.821505 4250.800237 4255.700856 4246.650264 4264.200106 4270.641133 
1048576 4406.850785 4403.570667 4390.049726 4386.400804 4385.778680 4372.920841 4359.049723 4345.839843 4336.509854 4322.219640 4309.939221 4301.911220 4285.410047 4277.499393 4265.809432 4259.129986 4262.160510 4251.670092 4245.789722 4227.850586 4217.019305 4205.079749 4194.770008 4184.160382 4174.491391 4181.820899 4194.591194 4210.669547 4215.700552 4234.379157 4248.781130 4262.819886 4264.410585 4252.679646 4240.080714 4224.870354 4209.119827 4199.750721 4182.741046 4178.300500 4185.151309 4200.739786 4216.799513 4232.969135 4248.740152 4265.960306 4282.031208 4298.150539 4302.170128 4288.639873 4277.409986 4267.180339 4274.420440 4296.179861 4305.740818 4321.420565 4335.120320 4346.201196 4357.701167 4378.259182 4383.210093 4384.970292 4399.269819 4405.179992 
1048576 4337.299615 4334.891215 4332.568496 4329.139367 4317.080602 4299.618304 4283.210263 4271.309823 4261.199385 4241.859540 4241.079092 4239.499569 4208.739847 4197.100177 4178.550094 4159.720615 4158.230498 4142.649472 4124.959931 4107.460380 4127.740860 4144.649953 4158.480093 4173.301160 4184.070975 4197.899252 4208.959639 4229.141399 4235.871136 4241.740331 4252.839833 4257.770255 4259.278998 4256.699234 4247.020930 4244.100302 4239.000380 4222.759977 4209.889099 4194.179550 4189.919680 4186.801612 4203.479737 4216.600209 4228.658974 4242.539406 4259.029403 4276.899621 4280.649126 4265.369847 4255.319014 4243.591800 4235.919565 4223.600030 4241.060466 4255.989566 4269.570112 4282.809794 4298.429936 4304.949194 4321.821034 4327.660426 4333.229735 4335.859790 
1048576 4366.340116 4352.688789 4334.369674 4324.540496 4310.028628 4292.350262 4274.498671 4287.300631 4301.160574 4318.609834 4336.200655 4352.880642 4366.749898 4380.790517 4399.100319 4416.009411 4423.590377 4438.960925 4455.380142 4474.539310 4480.069503 4501.370713 4510.430619 4522.819072 4542.790353 4553.919658 4558.898509 4567.749798 4576.079547 4585.819319 4594.260827 4599.060863 4600.480199 4597.300664 4591.731355 4583.800212 4576.630890 4574.928433 4564.620554 4559.880123 4556.261003 4535.971209 4523.690790 4511.430860 4497.429356 4483.710974 4465.518519 4454.879090 4449.220374 4431.029782 4420.990124 4417.071119 4408.279434 4398.159683 4390.450194 4377.350211 4378.130659 4369.670525 4361.370578 4350.308329 4344.869405 4340.250045 4348.151386 4364.769906 
1048576 4255.009815 4241.868854 4231.341183 4220.189527 4211.960360 4200.080410 4190.400243 4175.039008 4163.380712 4145.398736 4134.429619 4151.940346 4169.119522 4185.101017 4198.860377 4209.319130 4212.958738 4207.450897 4197.560251 4182.718694 4173.129797 4188.168794 4207.309335 4228.210077 4243.390635 4260.109738 4273.939878 4297.789186 4300.950095 4300.929606 4315.961152 4321.210086 4322.459921 4319.339991 4306.860268 4305.379465 4302.429035 4291.759804 4272.919148 4254.780710 4247.549921 4227.589816 4211.969674 4199.691117 4192.830995 4210.310057 4225.511104 4244.510084 4248.339683 4232.510924 4221.679643 4205.130041 4191.119224 4176.961258 4158.530384 4175.379872 4190.510139 4205.130041 4222.571850 4239.689559 4247.210920 4231.570289 4237.681627 4253.789783 
1048576 4244.340584 4240.298644 4233.969375 4221.990705 4212.630913 4195.440561 4184.428602 4172.779620 4161.989316 4143.860191 4133.500159 4122.670740 4113.210365 4115.490243 4130.110145 4147.019237 4153.151065 4137.089476 4126.360640 4114.538431 4105.180502 4113.059491 4128.120840 4141.140729 4158.049822 4174.610600 4183.590412 4198.309034 4207.659513 4213.219509 4223.290831 4228.040576 4230.709746 4226.841033 4218.870774 4215.739667 4209.078848 4199.730232 4187.289625 4171.820357 4161.020741 4145.409912 4129.320383 4141.470417 4156.390205 4172.099754 4188.269377 4205.528647 4209.950566 4195.628688 4182.290286 4170.250148 4157.839343 4144.500941 4133.280367 4150.409251 4162.089899 4178.030416 4194.241017 4210.449755 4215.460271 4227.969795 4237.281159 4242.189229 
1048576 4212.439060 4209.559411 4199.240357 4190.480337 4181.141034 4162.469879 4145.730287 4133.740440 4126.179963 4114.130512 4108.479246 4099.840298 4103.519022 4119.040444 4132.930189 4143.290222 4147.170112 4142.461345 4131.959751 4133.140668 4143.469036 4166.349769 4176.510498 4195.559770 4209.399223 4224.069417 4243.779927 4255.529493 4260.040820 4265.161231 4278.181121 4283.379763 4284.869879 4281.429574 4270.579666 4260.789603 4260.290414 4257.408902 4253.881052 4233.339801 4218.030721 4198.249429 4178.969190 4162.959754 4149.811342 4146.900028 4162.758589 4178.881645 4184.259102 4169.030115 4156.451672 4147.481173 4139.129072 4125.960171 4106.219858 4115.039483 4125.028849 4139.930010 4158.088937 4176.329821 4184.309393 4194.609821 4206.020385 4211.399704 
1048576 4304.060712 4300.171509 4293.339327 4282.359034 4271.989688 4253.791645 4245.679826 4226.779565 4219.479859 4205.930978 4195.729271 4184.260964 4169.238731 4156.401381 4172.559828 4190.150648 4194.390029 4178.419709 4168.210551 4157.330841 4144.249484 4160.638899 4178.151488 4195.410758 4208.419472 4224.890843 4232.440144 4253.419116 4256.779328 4258.509725 4273.939878 4278.808832 4281.049594 4276.299849 4264.378920 4261.769354 4259.468988 4246.691242 4228.599370 4217.030481 4206.079990 4194.179550 4186.898470 4200.909287 4215.069115 4231.400788 4248.559475 4264.939576 4269.599915 4256.188869 4242.129624 4230.359569 4220.228642 4207.130522 4191.510379 4209.250212 4222.968593 4236.429930 4253.771156 4270.529374 4274.480045 4287.280142 4296.271130 4301.870242 
1048576 4227.820784 4224.209115 4211.559892 4202.870652 4197.848961 4179.770127 4164.110869 4151.329398 4145.110026 4130.510613 4129.450768 4121.910781 4090.851173 4090.899602 4107.069224 4123.819992 4127.180204 4113.009200 4100.671038 4087.589681 4082.780331 4098.599777 4113.761708 4129.171371 4143.029451 4159.169272 4164.719954 4186.101258 4189.899191 4192.968830 4207.281396 4211.440682 4212.969914 4210.330546 4197.979346 4195.081070 4191.769287 4180.869088 4168.430343 4162.710160 4147.449508 4129.258916 4123.799503 4133.500159 4147.520289 4161.620513 4177.270457 4194.950685 4200.730473 4184.480757 4169.479012 4159.118980 4151.329398 4139.689729 4118.919373 4128.679633 4138.531163 4154.710099 4174.560308 4192.769527 4199.950024 4206.061363 4220.010713 4226.369783 
1048576 4421.940073 4412.069917 4397.058859 4381.541163 4367.120564 4353.210330 4337.580875 4326.660186 4333.240911 4350.330681 4365.891218 4381.660372 4396.559671 4412.580281 4428.969696 4446.640611 4456.549883 4472.300410 4486.609250 4503.728822 4515.709355 4530.370235 4541.471601 4553.109407 4574.028775 4583.409056 4590.170458 4598.390311 4606.280476 4615.349695 4625.020549 4629.010335 4630.848765 4627.520218 4621.658474 4614.338279 4607.621580 4605.811089 4595.801234 4590.230063 4584.159702 4573.259503 4550.131038 4543.969408 4529.479891 4517.730325 4503.360018 4484.539852 4478.780553 4461.418837 4460.439086 4452.630877 4451.230168 4442.861304 4426.149651 4415.210336 4408.471286 4391.141236 4380.879924 4379.039630 4385.489970 4389.690235 4407.851025 4420.330748 
1048576 4257.399589 4253.199324 4240.790382 4224.440083 4216.650501 4202.909768 4190.260544 4178.110510 4170.101136 4159.741104 4142.740741 4148.149863 4165.019840 4183.739424 4201.618955 4222.691059 4229.638726 4211.580381 4196.839407 4179.740325 4168.909043 4149.919376 4161.998630 4181.560129 4199.890420 4218.230024 4238.620400 4248.458892 4252.810031 4261.981696 4273.220897 4277.650267 4279.790446 4276.080057 4269.700497 4252.519459 4240.900278 4223.929718 4211.230204 4199.950024 4190.899432 4187.401384 4176.590592 4158.461466 4175.450653 4193.291068 4210.479558 4227.541387 4231.458530 4216.520116 4206.869751 4191.061482 4179.701209 4161.570221 4144.540057 4157.749936 4172.410816 4188.060760 4202.799872 4217.028618 4224.060103 4234.179854 4249.559715 4255.630076 
1048576 4295.699298 4291.931167 4287.049174 4276.830703 4262.121394 4252.050072 4237.819463 4227.060825 4215.599969 4199.530929 4187.928513 4170.021042 4160.249606 4175.659269 4191.920161 4207.551479 4211.289808 4197.450355 4185.250029 4173.578694 4162.929952 4147.149622 4135.740921 4152.849317 4165.381193 4180.509597 4195.969552 4213.100299 4217.728972 4232.579842 4240.829498 4245.750606 4246.810451 4244.219512 4238.599911 4227.310419 4217.470065 4200.238734 4189.198837 4177.128896 4166.580737 4158.720374 4175.020382 4192.471504 4209.630191 4223.700613 4239.890724 4256.989807 4259.821028 4247.110337 4234.101623 4223.000258 4211.161286 4194.250330 4183.679819 4201.820120 4214.549437 4228.919744 4245.739430 4260.510206 4267.040640 4280.969501 4288.179800 4294.030368 
1048576 4233.650863 4229.569808 4220.830277 4211.330786 4196.889699 4184.240475 4165.530205 4154.570401 4145.748913 4133.770242 4125.408828 4121.679813 4138.140008 4152.840003 4167.478532 4184.570163 4188.708961 4174.988717 4163.580015 4148.229957 4138.760269 4129.299894 4145.750776 4158.688709 4173.720255 4190.610722 4204.409197 4211.600870 4226.010293 4233.669490 4239.359871 4243.560135 4245.560616 4242.490977 4239.831120 4235.470667 4220.750183 4210.300744 4198.011011 4189.290106 4175.499082 4160.720855 4145.190120 4139.510915 4155.050963 4168.961197 4183.638841 4200.860858 4205.228761 4191.281274 4179.319367 4169.471562 4154.659808 4145.901650 4126.520827 4135.301337 4144.361243 4160.670564 4176.899791 4193.540663 4202.300683 4214.480519 4225.479439 4231.909290 
1048576 4243.120551 4238.979891 4226.569086 4215.460271 4208.490252 4196.029156 4187.939689 4163.660109 4156.459123 4139.408469 4147.220403 4165.049642 4179.731011 4195.220768 4209.250212 4226.580262 4230.311140 4216.009751 4203.921184 4192.730412 4188.699648 4166.241735 4172.690213 4192.931578 4201.900214 4218.550399 4235.269502 4247.179255 4259.120673 4271.199927 4277.350381 4281.839356 4283.370450 4280.811176 4276.830703 4267.480224 4257.621244 4245.679826 4229.340702 4211.740568 4205.349833 4190.791398 4175.258800 4162.399098 4160.890356 4177.389666 4193.970934 4212.519154 4216.579720 4202.140495 4188.189283 4175.210372 4163.650796 4161.419347 4143.929109 4145.691171 4154.630005 4171.350971 4189.610481 4206.210375 4213.839769 4220.979288 4235.770553 4241.909832 
1048576 4392.489791 4388.719797 4378.229380 4362.409934 4353.258759 4340.840504 4329.500720 4315.920174 4305.640236 4292.421043 4281.029105 4266.710952 4254.911095 4237.869754 4226.710647 4214.929417 4211.870953 4192.329943 4183.869809 4183.750600 4169.078544 4143.878818 4132.460803 4131.810740 4144.079983 4160.910845 4179.129377 4196.800292 4210.419953 4220.429808 4232.211038 4237.540066 4239.041358 4235.358909 4226.751626 4218.921065 4206.599668 4218.449816 4235.660657 4251.420498 4267.180339 4281.638190 4297.761247 4314.020276 4330.221564 4345.180467 4360.901192 4373.220727 4374.230281 4366.241395 4357.660189 4342.230037 4330.810159 4317.319021 4305.189475 4293.149337 4303.591326 4318.591207 4337.510094 4351.450130 4355.710000 4371.598363 4384.689033 4391.130060 
1048576 4314.379767 4309.589043 4293.881357 4278.309643 4271.119833 4254.179075 4244.171083 4232.250154 4217.989743 4206.459969 4188.681021 4179.989919 4175.968468 4163.309932 4161.171615 4177.579656 4181.560129 4168.029875 4155.479372 4140.369594 4131.820053 4116.870463 4105.620086 4121.849313 4134.649411 4151.839763 4167.679697 4183.908924 4188.049585 4200.709984 4211.260006 4215.190187 4216.849804 4214.251414 4207.780585 4193.078727 4184.830934 4173.899069 4155.959934 4169.659689 4184.769467 4199.409857 4216.989502 4232.609645 4248.870537 4264.131188 4279.779270 4296.200350 4299.210384 4286.998883 4275.709391 4260.359332 4252.040759 4237.430170 4226.058722 4238.858819 4253.828898 4269.469529 4286.469892 4300.538450 4306.159914 4293.048754 4304.500297 4312.990233 
1048576 4216.721281 4212.809727 4204.669967 4192.460328 4177.961498 4160.879180 4150.548950 4138.600081 4129.290581 4117.269069 4125.120118 4144.938663 4158.601165 4166.489467 4180.738702 4198.409617 4201.270640 4185.160622 4176.739603 4173.839465 4163.278267 4180.260003 4199.199378 4219.869152 4241.179675 4251.839593 4270.359874 4281.399772 4284.908995 4292.258993 4304.269329 4308.409989 4310.280085 4306.880757 4297.969863 4288.740456 4289.129749 4282.670096 4275.050014 4257.919267 4247.119650 4224.969074 4207.029939 4190.498963 4175.590351 4157.841206 4168.208688 4184.249789 4188.420251 4175.398499 4163.529724 4151.040688 4136.320204 4124.309868 4109.309986 4117.410630 4130.059853 4143.919796 4160.771146 4175.830632 4182.789475 4197.800532 4209.028557 4214.920104 
1048576 4296.749830 4293.160513 4277.400672 4260.038957 4245.759919 4232.689738 4214.199260 4202.390090 4194.390029 4181.431606 4169.769585 4158.269614 4163.879901 4179.928452 4195.790738 4213.120788 4217.309877 4202.680662 4188.399762 4177.309573 4166.418687 4152.970389 4173.750058 4186.270759 4201.309755 4217.250273 4233.101383 4241.449758 4254.400730 4261.730239 4268.109798 4272.840917 4274.660721 4271.488637 4267.020151 4262.998700 4252.890125 4240.609705 4223.531112 4212.379456 4202.540964 4189.779982 4196.429625 4209.320992 4224.659875 4239.739850 4256.110638 4275.981337 4279.660061 4263.730720 4252.340645 4239.659756 4230.359569 4218.939692 4206.800833 4222.970456 4232.419655 4246.639088 4262.728617 4279.699177 4282.070324 4271.099344 4288.738593 4295.211285 
1048576 4276.631400 4274.539649 4270.808771 4266.919568 4258.219153 4243.830219 4229.409620 4211.939871 4209.609702 4191.599786 4174.409434 4165.491089 4151.269794 4134.150222 4133.200273 4149.449989 4154.250026 4140.909761 4125.079140 4112.068564 4102.781415 4090.448841 4106.290638 4122.748971 4136.530682 4152.990878 4168.789834 4176.719114 4186.881706 4196.289927 4203.960299 4207.860678 4209.240898 4206.789657 4202.380776 4195.431247 4185.419530 4173.500463 4161.160439 4148.859531 4139.529541 4125.868902 4137.121141 4152.039066 4168.109968 4182.921723 4198.569804 4217.090085 4220.139235 4205.890000 4193.680361 4181.809723 4172.140732 4157.450050 4174.489528 4190.038890 4203.619435 4219.140857 4237.089306 4243.569449 4259.198904 4265.930504 4272.419959 4274.830222 
1048576 4316.160455 4312.360659 4309.009761 4303.500056 4295.250401 4276.519641 4268.150777 4251.029342 4245.599732 4231.188446 4221.798852 4205.370322 4190.979525 4183.089361 4198.560491 4214.689136 4220.500588 4204.981029 4191.130400 4176.359624 4172.580317 4185.689613 4204.040393 4219.589755 4235.129803 4251.088947 4258.019850 4269.469529 4277.419299 4284.949973 4295.460880 4298.981279 4301.119596 4297.370091 4291.150719 4287.129268 4280.369729 4268.160090 4256.900400 4245.109856 4236.010835 4221.310839 4209.021106 4196.090624 4205.940291 4221.620038 4237.219691 4254.680127 4258.710891 4244.141281 4234.859720 4217.069596 4209.769890 4195.790738 4214.860499 4230.158404 4243.759438 4258.891568 4275.610670 4282.191396 4296.461120 4303.131253 4308.808595 4314.038903 
1048576 4254.439846 4241.360351 4229.670390 4218.349233 4207.190126 4195.859656 4185.209051 4182.858393 4160.290584 4147.600383 4130.819812 4142.081365 4155.948758 4170.641303 4185.060039 4201.909527 4206.100479 4192.220047 4185.181111 4203.399643 4209.149629 4231.059924 4242.789000 4258.861765 4267.210141 4278.080538 4297.960550 4311.351106 4315.398633 4317.520186 4332.179204 4337.130114 4338.610917 4335.999489 4322.789609 4312.669858 4312.749952 4310.160875 4297.720268 4284.290597 4277.499393 4257.380962 4246.179014 4235.889763 4219.679162 4215.069115 4226.330668 4244.770855 4249.488935 4234.639928 4221.729934 4210.710526 4196.450114 4179.170355 4168.659449 4174.949601 4189.340398 4205.118865 4223.098978 4239.650443 4246.808589 4232.119769 4236.619920 4253.519699 
1048576 4359.990358 4356.279969 4352.359101 4337.100312 4322.180524 4308.599979 4297.139123 4285.071045 4273.621365 4260.120913 4249.408841 4246.180877 4223.730415 4217.179492 4215.881228 4231.899977 4234.898835 4219.351336 4206.519574 4195.289686 4188.170657 4175.649956 4165.058956 4165.140912 4176.950082 4193.380475 4209.680483 4228.198901 4231.950268 4222.309217 4237.590358 4244.050011 4245.141521 4241.229966 4229.839891 4214.311019 4205.498844 4191.908985 4187.209532 4201.229662 4212.811589 4224.998876 4242.289811 4259.059206 4272.971302 4287.859425 4302.959889 4319.900647 4324.359819 4309.939221 4300.558940 4288.088530 4278.739914 4265.939817 4253.650084 4265.699536 4280.900583 4294.810817 4309.879616 4325.410351 4329.919815 4345.690832 4352.651536 4358.530045 
1048576 4317.799583 4314.459860 4310.330376 4303.939641 4294.659942 4282.468930 4271.378741 4258.310422 4247.860983 4233.529791 4221.390933 4208.911210 4214.789718 4233.630374 4253.460094 4273.260012 4278.929904 4261.860624 4245.650023 4230.620340 4216.710106 4199.540243 4179.840907 4196.820781 4214.519635 4234.619439 4253.590479 4275.809973 4281.010479 4278.220236 4298.809916 4303.980619 4304.951057 4301.680252 4283.798859 4267.778248 4256.451502 4238.020629 4221.120849 4214.569926 4200.780764 4194.561392 4193.659872 4192.009568 4208.838567 4224.380478 4241.140559 4257.170483 4261.810333 4248.620942 4233.179614 4221.189767 4210.479558 4201.380536 4217.170179 4230.670631 4244.819283 4261.730239 4278.689623 4284.560680 4296.150059 4305.679351 4310.999066 4316.380247 
1048576 4223.890603 4220.848903 4208.341241 4196.859896 4188.889638 4177.710041 4160.989076 4150.530323 4135.750234 4123.680294 4139.991477 4157.720134 4172.278568 4187.818617 4202.799872 4218.960181 4223.629832 4208.911210 4198.700190 4184.830934 4174.089059 4164.379090 4178.311676 4193.799570 4207.989201 4223.929718 4240.140319 4247.870296 4262.391478 4268.990830 4275.400192 4279.728979 4281.509668 4277.599975 4277.380183 4271.291196 4258.710891 4247.210920 4229.219630 4219.969735 4210.149869 4195.708781 4183.489829 4172.978923 4156.468436 4158.159718 4174.210131 4191.940650 4197.120667 4182.260484 4168.128595 4155.520350 4145.499319 4140.190780 4118.379205 4126.850516 4135.200754 4151.500762 4170.550033 4187.561572 4195.149988 4201.021045 4216.630012 4222.430289 
1048576 4255.460575 4252.340645 4248.449579 4237.119108 4229.230806 4219.140857 4207.620397 4195.209593 4188.869148 4167.230800 4154.300317 4137.029871 4127.610475 4118.159413 4119.278863 4135.468975 4140.131176 4126.260057 4114.549607 4102.900624 4089.670256 4077.769816 4063.270986 4082.860425 4092.689604 4109.119996 4125.431180 4140.900448 4145.540297 4131.400958 4145.899788 4152.510315 4154.760391 4149.449989 4136.178643 4123.389721 4110.490903 4107.650369 4091.329873 4085.890949 4094.080999 4109.609872 4124.399275 4138.950258 4153.531045 4169.659689 4185.780883 4202.710465 4207.970574 4192.201421 4181.619734 4164.759070 4156.408831 4144.961014 4149.960354 4165.370017 4179.289564 4195.678979 4213.349894 4221.919924 4230.139777 4243.519157 4248.699173 4253.970459 
1048576 4217.268899 4213.560373 4200.460389 4182.999954 4171.488807 4156.580195 4144.709557 4131.900147 4121.119156 4109.470174 4094.339907 4082.579166 4071.660340 4084.190354 4093.568772 4110.069945 4111.418501 4100.250080 4096.040502 4105.130211 4114.819691 4133.129492 4145.329818 4166.161641 4177.229479 4195.179790 4205.740988 4213.381559 4219.340160 4230.389372 4239.881411 4244.429991 4245.670512 4242.729396 4235.569388 4228.269681 4221.549258 4220.670089 4212.329164 4202.941433 4187.189043 4170.320928 4150.740802 4136.539996 4149.010405 4165.699705 4182.249308 4199.890420 4203.161225 4188.369960 4177.050665 4164.841026 4154.859111 4141.511396 4127.450287 4143.139347 4157.111049 4171.069711 4187.770188 4202.429205 4206.469283 4193.320870 4209.481180 4215.568304 
1048576 4186.650738 4182.429984 4170.300439 4153.719172 4140.360281 4122.110084 4111.699760 4093.969241 4086.159170 4084.810615 4100.069404 4116.998985 4133.241251 4150.880501 4165.949300 4182.700068 4189.340398 4176.020622 4164.800048 4155.719653 4168.899730 4190.439358 4201.691598 4220.530391 4236.100242 4243.420437 4248.438403 4263.961688 4269.449040 4275.560379 4287.030548 4291.549325 4293.419421 4290.729761 4281.040281 4277.948290 4273.111001 4261.270165 4243.079573 4231.460392 4221.709445 4207.229242 4200.110212 4198.510200 4175.219685 4158.729687 4156.110808 4172.120243 4174.590111 4160.359502 4149.680957 4137.430340 4130.190238 4119.578749 4102.600738 4107.590765 4118.040204 4132.218659 4151.349887 4167.430103 4172.490910 4163.449630 4178.348929 4184.579477 
1048576 4238.799214 4235.250875 4222.299904 4212.040454 4203.898832 4191.279411 4179.600626 4169.519991 4155.350849 4140.149802 4124.429077 4113.730043 4098.579288 4099.100828 4116.099328 4133.930430 4137.728363 4122.501239 4107.249901 4097.441211 4088.951275 4104.679450 4121.039063 4137.990996 4152.990878 4169.940948 4176.719114 4201.069474 4204.738885 4204.440862 4220.748320 4224.959761 4226.390272 4223.579541 4210.950807 4208.739847 4208.559170 4194.708541 4177.739844 4167.310894 4155.728966 4142.859951 4131.481051 4143.061116 4159.849137 4175.148904 4191.329703 4208.410159 4212.621599 4197.860137 4185.540602 4172.649235 4161.199555 4147.250205 4136.379808 4139.058292 4152.329639 4167.029634 4185.309634 4201.829433 4209.080711 4217.380658 4230.979830 4237.661138 
1048576 4283.120856 4278.989509 4275.439307 4274.679348 4260.800779 4243.480042 4231.339321 4219.800234 4208.179191 4195.019603 4180.390388 4171.319306 4164.349288 4178.700969 4194.211215 4212.470725 4216.659814 4200.458527 4189.308733 4180.880263 4172.720015 4188.599065 4205.590114 4220.180213 4231.650382 4247.430712 4255.609587 4277.080297 4280.559719 4282.509908 4296.939820 4301.918671 4303.939641 4300.409928 4288.109019 4285.911098 4285.529256 4267.958924 4255.509004 4240.348935 4235.981032 4233.928397 4225.930199 4214.791581 4186.268896 4188.891500 4204.520956 4222.510383 4225.969315 4211.720079 4201.650620 4188.779742 4179.241136 4167.219624 4182.029516 4198.290408 4213.429987 4226.140678 4242.409021 4249.811172 4263.749346 4269.840196 4275.720567 4281.489179 
1048576 4500.919953 4497.621208 4486.558959 4478.350282 4467.040300 4447.881132 4431.139678 4415.970296 4406.709224 4419.529811 4438.200966 4453.739151 4466.960207 4481.220618 4498.908296 4517.540336 4527.740180 4544.788972 4560.720176 4576.839507 4592.739046 4603.529349 4611.609504 4622.109234 4642.238840 4653.381184 4660.930485 4668.189213 4676.640034 4687.150940 4695.439711 4700.010642 4701.139405 4698.319361 4691.869020 4685.688764 4678.150639 4677.399993 4665.710032 4659.390077 4659.390077 4635.810852 4624.310881 4614.979029 4596.389830 4585.091025 4568.548873 4557.739943 4550.760612 4534.469917 4524.450749 4524.221644 4508.759826 4503.170028 4493.650049 4485.409707 4483.880475 4450.520501 4443.218932 4462.039098 4470.499232 4481.470212 4493.638873 4499.198869 
1048576 4374.431446 4365.280271 4343.509674 4327.969626 4323.679954 4316.439852 4337.159917 4345.778376 4359.271377 4378.709942 4393.650219 4410.149530 4427.118227 4441.360012 4457.909614 4475.239664 4480.229691 4496.401176 4518.629983 4535.479471 4544.340074 4558.270797 4571.178928 4584.209993 4602.430388 4612.820223 4618.009552 4626.249894 4635.740072 4643.719643 4652.021453 4656.670615 4658.440128 4654.629156 4650.179297 4644.820467 4638.630897 4637.049511 4626.089707 4620.030522 4620.339721 4603.469744 4583.908245 4574.079067 4558.330402 4545.740783 4527.781159 4510.998726 4507.221282 4493.398592 4493.208602 4491.569474 4491.599277 4478.160292 4468.269646 4449.930042 4442.660138 4428.070039 4419.781268 4413.191229 4417.119548 4405.489191 4394.641146 4378.220066 
1048576 4343.539476 4340.481013 4335.720092 4331.689328 4322.730005 4309.549928 4297.688603 4286.240786 4272.371531 4258.399829 4240.959883 4232.540727 4221.608862 4208.100960 4192.350432 4196.219146 4200.819880 4185.210913 4174.400121 4162.659869 4152.290523 4139.300436 4144.618288 4158.789292 4174.210131 4190.279171 4206.871614 4216.259345 4225.868732 4239.089787 4245.620221 4249.291494 4250.708967 4248.389974 4244.159907 4234.489053 4226.438701 4214.910790 4196.280614 4187.449813 4173.088819 4186.561331 4203.220829 4217.918962 4234.349355 4250.660539 4266.399890 4283.150658 4286.719486 4272.788763 4261.169583 4244.999960 4236.308858 4225.820303 4241.580144 4256.380722 4270.710051 4287.099466 4304.118454 4309.730604 4323.918372 4330.951720 4337.068647 4342.010245 
1048576 4221.688956 4218.339920 4200.849682 4182.530567 4171.181470 4153.519869 4137.549549 4124.930128 4115.520045 4103.999585 4122.490063 4139.240831 4153.510556 4165.299237 4181.670025 4198.180512 4202.648997 4187.408835 4175.370559 4166.489467 4155.829549 4146.279767 4123.829305 4133.859649 4142.759368 4159.500822 4175.828770 4193.510860 4198.340699 4186.820239 4201.570526 4209.749401 4211.250693 4205.329344 4192.959517 4178.630188 4163.250327 4149.790853 4132.300615 4123.410210 4114.760086 4109.479487 4129.869863 4144.370556 4159.908742 4171.790555 4187.028855 4205.528647 4206.409678 4192.389548 4185.270518 4173.260182 4164.369777 4150.891677 4132.790491 4138.659686 4147.311673 4162.730649 4180.870950 4199.439660 4204.420373 4195.149988 4214.229062 4219.800234 
1048576 4301.369190 4287.971184 4276.100546 4260.059446 4245.931283 4234.829918 4224.330187 4216.229543 4200.238734 4186.570644 4170.978442 4163.730890 4153.748974 4143.940285 4158.990458 4176.419228 4181.260243 4165.140912 4155.280069 4147.749394 4139.740020 4153.300077 4172.459245 4188.269377 4202.160984 4214.990884 4220.180213 4240.378737 4245.890304 4250.839353 4263.600335 4268.079996 4270.069301 4266.660661 4255.540669 4255.490378 4250.539467 4233.179614 4216.428846 4199.219868 4205.578938 4219.809547 4238.389432 4253.359511 4268.040881 4283.700138 4299.771041 4314.560443 4316.501319 4306.349903 4296.340048 4281.509668 4272.770137 4255.538806 4244.329408 4247.030243 4262.380302 4277.789965 4293.739796 4308.970645 4314.029589 4301.270470 4290.370271 4298.999906 
1048576 4320.489243 4316.320643 4309.820011 4299.521446 4291.029647 4276.979715 4259.750247 4247.739911 4237.789661 4225.300625 4212.969914 4230.430350 4244.500771 4259.429872 4275.830463 4292.059690 4295.991734 4281.930625 4269.080237 4259.169102 4249.818623 4263.889045 4280.989990 4298.159853 4312.509671 4327.559844 4335.230216 4356.559366 4359.919578 4362.270236 4376.349971 4381.449893 4383.070394 4379.529506 4367.979243 4365.719855 4363.059998 4352.759570 4334.291443 4322.500899 4312.388599 4299.700260 4288.710654 4275.860265 4267.169163 4248.820245 4263.618961 4280.518740 4283.821210 4270.840436 4255.600274 4244.890064 4237.279296 4219.001159 4208.019003 4224.069417 4238.009453 4253.640771 4270.261154 4285.680130 4292.160273 4305.090755 4313.619807 4318.829626 
1048576 4290.331155 4287.241027 4283.679649 4266.729578 4257.740453 4244.269803 4232.849926 4217.769951 4209.028557 4194.559529 4178.380594 4169.000313 4161.341116 4143.530503 4151.379690 4166.940227 4172.651097 4156.740382 4141.800106 4133.090377 4123.991355 4117.779434 4101.799801 4105.210304 4113.059491 4130.480811 4146.980122 4164.529964 4169.888794 4158.280790 4173.068330 4180.230200 4182.379693 4175.860435 4164.239392 4153.231159 4137.629643 4124.179482 4112.189636 4125.101492 4139.900208 4155.339673 4172.189161 4188.099876 4202.781245 4218.759015 4234.740511 4251.660779 4255.250096 4240.861163 4229.839891 4216.158763 4205.640405 4191.130400 4179.099575 4195.978865 4210.030660 4224.790260 4240.930080 4255.929962 4260.059446 4276.810214 4282.999784 4288.379103 
1048576 4258.459434 4255.179316 4250.029102 4234.509543 4226.250574 4212.541506 4197.679460 4185.918719 4175.730050 4188.491032 4203.351215 4220.249131 4234.749824 4248.559475 4265.980795 4282.388836 4286.710173 4272.360355 4259.688780 4248.710349 4239.579663 4226.500168 4241.839051 4258.109257 4273.150116 4287.190735 4301.980138 4310.429096 4324.018955 4331.190139 4337.400198 4342.138767 4343.530163 4340.481013 4335.891455 4333.110526 4324.130714 4306.480289 4289.001226 4278.410226 4270.469770 4255.199805 4243.129864 4231.639206 4223.560914 4208.810627 4202.550277 4218.339920 4222.469404 4208.121449 4197.420552 4186.710343 4172.690213 4159.960896 4145.659506 4165.209830 4177.229479 4192.329943 4208.249971 4223.469645 4227.790982 4243.109375 4251.210019 4257.170483 
1048576 4197.420552 4182.770848 4171.211272 4159.290344 4149.030894 4136.528820 4125.740379 4113.489762 4107.998684 4092.119634 4107.089713 4122.881219 4138.389602 4152.800888 4169.570282 4186.399281 4191.309214 4176.339135 4164.209589 4153.190181 4142.530262 4129.020497 4113.489762 4130.210727 4143.510014 4159.269854 4174.569622 4191.039130 4194.259644 4180.939868 4197.020084 4203.630611 4205.178469 4201.170057 4188.381135 4173.040390 4160.879180 4148.939624 4130.719230 4120.890051 4112.409428 4103.139043 4103.060812 4120.890051 4137.231037 4153.490067 4167.659208 4188.470542 4192.000255 4175.819457 4166.100174 4151.130095 4139.138386 4125.481471 4107.259214 4118.330777 4131.561145 4147.190601 4164.699465 4180.150107 4187.028855 4173.820838 4178.971052 4195.760936 
1048576 4282.571375 4278.659821 4274.399951 4270.160571 4262.309521 4248.909652 4236.388952 4223.419353 4212.059081 4198.290408 4188.310355 4168.830812 4177.220166 4186.959937 4202.319309 4219.060764 4223.790020 4206.649959 4197.990522 4192.430526 4185.261205 4165.669903 4154.590890 4171.939567 4189.450294 4207.288846 4217.520356 4230.080172 4232.728854 4250.921309 4258.090630 4261.961207 4263.669252 4261.478782 4256.399348 4239.371046 4223.620519 4203.591496 4191.119224 4170.438275 4156.781361 4137.080163 4141.600803 4156.440496 4174.001515 4188.770428 4204.859957 4221.970215 4226.500168 4211.639985 4200.100899 4183.189943 4174.718633 4162.421450 4179.939628 4194.799811 4209.730774 4225.639626 4242.489114 4248.479381 4263.680428 4269.720986 4275.841638 4280.619323 
1048576 4401.540384 4398.049787 4386.669025 4382.720217 4380.598664 4369.469360 4357.390106 4338.620231 4330.299795 4316.318780 4304.090515 4293.369129 4282.809794 4268.970340 4252.240062 4243.180156 4247.361794 4231.490195 4220.118746 4206.079990 4195.330665 4181.720316 4170.211032 4172.980785 4187.980667 4204.429686 4220.180213 4238.000140 4244.489595 4249.690101 4266.830161 4272.241145 4273.731261 4270.819947 4255.970940 4243.819043 4234.550521 4223.700613 4210.598767 4199.929535 4199.169576 4213.709384 4233.170301 4247.330129 4262.279719 4276.840016 4293.480888 4310.820252 4314.610735 4300.940782 4287.458956 4276.009277 4268.350080 4283.679649 4298.750311 4316.089675 4330.040887 4345.860332 4353.569821 4375.228658 4379.360005 4382.509738 4393.270239 4399.841651 
1048576 4297.681153 4293.831065 4288.759083 4280.619323 4271.529615 4262.270406 4245.150834 4234.910011 4223.721102 4210.671410 4198.560491 4193.790257 4205.461591 4218.570888 4234.170541 4249.380901 4255.240783 4239.359871 4229.279235 4222.359508 4220.509902 4215.810448 4233.211279 4242.919385 4259.061068 4276.230931 4286.609590 4299.491644 4310.291260 4315.039143 4324.980080 4330.150783 4331.290722 4327.869043 4322.029650 4318.268970 4312.770441 4301.140085 4291.869700 4273.690283 4262.709990 4243.759438 4232.129082 4219.660535 4203.410819 4203.520715 4218.729213 4235.599190 4240.989685 4226.209596 4212.658852 4200.849682 4191.569984 4176.769406 4192.959517 4209.261388 4223.629832 4239.598289 4257.339984 4263.211042 4274.470732 4283.450544 4290.360957 4295.440391 
1048576 4246.339202 4242.969677 4226.461053 4210.378975 4198.769107 4180.990160 4164.800048 4154.769704 4139.740020 4137.460142 4133.930430 4124.589264 4115.039483 4130.970687 4145.709798 4160.519689 4164.289683 4152.260721 4143.230617 4129.528999 4118.578508 4123.490304 4141.470417 4153.890535 4167.350009 4183.711484 4194.838926 4209.300503 4223.378375 4229.869694 4235.770553 4240.259528 4241.751507 4238.659516 4235.070199 4232.641309 4223.670810 4206.571728 4189.131781 4178.320989 4164.060578 4155.529663 4140.138626 4141.669720 4160.620272 4178.911448 4197.170958 4218.719900 4221.411422 4204.699770 4190.370440 4175.748676 4161.629826 4143.709317 4125.749692 4141.820595 4158.549011 4176.229239 4193.900153 4210.909829 4218.291491 4221.288487 4239.140078 4245.100543 
1048576 4456.909373 4451.069981 4442.609847 4430.050030 4418.009892 4405.271262 4395.740107 4379.371181 4368.519410 4384.640604 4398.750141 4415.020347 4430.849105 4445.061088 4461.850971 4477.428272 4488.101229 4502.909258 4519.119859 4535.499960 4544.511437 4569.970071 4578.130320 4587.510601 4605.928436 4615.738988 4621.431231 4629.639909 4639.029503 4647.970200 4656.380042 4660.779610 4662.418738 4659.069702 4654.329270 4647.200927 4639.510065 4638.198763 4629.131407 4623.848945 4623.198882 4602.741450 4587.071016 4577.029496 4563.499242 4552.468657 4534.719512 4524.610937 4517.890513 4499.129951 4483.910277 4479.980096 4470.590502 4457.529634 4445.079714 4426.809028 4419.870675 4410.460591 4394.769669 4411.689937 4419.500008 4436.830059 4446.890205 4455.439746 
1048576 4315.910861 4312.919453 4307.430238 4296.289757 4290.008917 4280.230030 4263.730720 4252.508283 4238.128662 4224.549979 4208.810627 4197.919741 4188.381135 4174.109548 4183.499143 4199.350253 4203.559831 4189.571366 4175.180569 4165.129736 4153.469577 4140.309989 4125.829786 4146.361724 4156.999290 4173.509777 4187.658429 4205.249250 4209.930077 4223.300144 4232.749343 4236.919805 4238.180816 4235.200584 4228.679463 4218.149930 4205.370322 4196.869209 4179.500043 4168.031737 4158.180207 4167.959094 4184.270278 4200.220108 4215.290770 4228.550941 4245.350137 4262.140021 4266.681150 4251.768813 4239.559174 4228.129983 4220.759496 4207.530990 4210.999236 4227.509722 4238.650203 4255.520180 4274.871200 4283.130169 4289.260134 4302.470013 4309.160635 4314.869642 
1048576 4457.989708 4453.809932 4449.239001 4438.018426 4422.461614 4410.549998 4398.809746 4386.110231 4376.631230 4364.488646 4345.480353 4336.079583 4327.269271 4308.229312 4298.409447 4289.379343 4289.640114 4271.300510 4260.798916 4242.038354 4238.968715 4224.371165 4210.410640 4232.740030 4241.080955 4259.631038 4273.569211 4293.078557 4296.049476 4297.520965 4314.729944 4319.680855 4321.429878 4317.969084 4303.898662 4293.108359 4279.989749 4269.480705 4276.949912 4291.839898 4307.171330 4323.840141 4338.311031 4355.629906 4370.490089 4385.180771 4401.460290 4417.888820 4421.748221 4408.219829 4398.809746 4386.801273 4371.769726 4358.829930 4347.778857 4360.791296 4377.231002 4391.711205 4407.459870 4422.159865 4427.690059 4444.090649 4450.248554 4455.760121 
1048576 4272.660241 4269.421101 4265.200347 4253.769293 4243.429750 4226.138815 4216.620699 4196.550697 4188.869148 4179.259762 4161.041230 4151.148722 4155.671224 4166.889936 4182.910547 4197.949544 4203.880206 4187.760875 4175.590351 4170.449451 4155.840725 4142.468795 4126.729444 4132.648930 4143.111408 4159.240052 4175.819457 4197.720438 4205.169156 4215.460271 4226.820543 4231.899977 4232.918844 4230.439663 4220.189527 4213.379696 4200.879484 4184.080288 4165.239632 4155.540839 4145.599902 4137.650132 4153.210670 4170.760512 4185.980186 4201.009870 4215.730354 4232.339561 4236.150533 4223.290831 4211.859778 4199.979827 4188.170657 4174.970090 4162.479192 4179.468378 4191.450775 4205.869511 4222.599790 4237.759858 4244.439304 4258.720204 4265.690222 4270.909354 
1048576 4244.308919 4240.479320 4232.401028 4217.950627 4209.119827 4196.958616 4185.510799 4173.189402 4164.021462 4154.630005 4171.080887 4187.950864 4202.399403 4216.380417 4232.920706 4250.219092 4254.650325 4238.959402 4227.491096 4216.570407 4207.098857 4223.270342 4239.801317 4255.309701 4270.428792 4286.330193 4292.920232 4315.139726 4319.539294 4320.859909 4336.209968 4341.291264 4342.729226 4339.171574 4327.490926 4325.158894 4322.730005 4310.160875 4291.649908 4280.710593 4268.739372 4254.579544 4244.660959 4236.150533 4217.708483 4205.700010 4193.158820 4204.180092 4210.060462 4196.090624 4186.490551 4170.069471 4159.320146 4144.338891 4131.799564 4149.990156 4162.950441 4178.490490 4195.500165 4211.779684 4216.609523 4225.051031 4236.008972 4242.738709 
1048576 4272.740334 4269.540310 4265.669733 4253.748804 4248.190671 4235.928878 4234.859720 4204.388708 4199.689254 4181.399941 4162.691534 4154.680297 4145.549610 4135.370255 4150.049761 4167.690873 4172.619432 4157.019779 4145.169631 4134.168848 4125.751555 4111.770540 4095.688462 4111.560062 4125.939682 4142.601043 4156.161100 4172.749817 4173.949361 4163.419828 4179.660231 4185.169935 4187.060520 4183.810204 4168.670624 4153.240472 4140.639678 4128.890112 4116.559401 4104.251042 4107.730463 4125.788808 4143.999889 4156.850278 4171.820357 4186.289385 4201.950505 4218.960181 4224.319011 4209.121689 4198.430106 4181.949422 4183.311015 4163.270816 4166.608676 4185.881466 4195.220768 4211.939871 4231.860861 4238.659516 4247.279838 4260.798916 4266.079515 4271.060228 
1048576 4349.930212 4346.290603 4343.669862 4331.350327 4320.489243 4308.938980 4296.509549 4284.719005 4273.869097 4260.210320 4253.860563 4237.981513 4223.490134 4212.979227 4209.179431 4223.950207 4227.580503 4215.979949 4205.159843 4191.469401 4185.669124 4187.900573 4207.009450 4217.470065 4231.959581 4247.969016 4259.299487 4275.869578 4287.689924 4293.639213 4301.929846 4306.429997 4307.210445 4305.249080 4298.679531 4296.090454 4288.770258 4272.220656 4254.439846 4243.329167 4229.540005 4217.751324 4216.009751 4232.559353 4247.609526 4263.550043 4279.408604 4298.331216 4302.360117 4287.041724 4276.251420 4260.199144 4252.120852 4233.920947 4241.609946 4260.299727 4274.860024 4290.331155 4305.930808 4313.860089 4321.239889 4337.150604 4343.070090 4348.279908 
1048576 4226.880148 4223.309457 4212.049767 4199.391231 4189.439118 4172.170535 4161.130637 4149.548709 4137.909040 4126.280546 4125.259817 4107.650369 4115.710035 4133.149981 4149.191082 4165.230319 4169.560969 4154.650494 4142.649472 4126.859829 4119.951278 4106.299952 4090.670496 4108.130932 4122.439772 4137.398675 4152.679816 4169.808701 4174.228758 4160.011187 4174.130037 4181.308672 4183.640704 4178.069532 4165.729508 4153.219983 4142.319784 4127.450287 4109.650850 4099.071026 4089.649767 4096.711054 4115.140066 4131.680354 4147.889093 4163.131118 4179.149866 4196.198657 4200.380296 4185.801372 4174.869508 4161.281511 4151.901230 4138.199612 4119.949415 4129.281268 4140.850157 4155.529663 4171.440378 4187.310115 4194.959998 4205.849022 4219.040275 4224.859178 
1048576 4208.119586 4192.829132 4177.458584 4165.649414 4156.490788 4168.929532 4183.840007 4197.929054 4212.109372 4225.790501 4243.059084 4261.320457 4279.341549 4294.000566 4308.300093 4325.089976 4328.520969 4314.929247 4303.919151 4293.061793 4283.148795 4264.630377 4247.270525 4258.390516 4272.079095 4285.529256 4301.099107 4317.769781 4323.629662 4338.890314 4350.539297 4355.641082 4356.779158 4354.089499 4344.670102 4331.201315 4318.850115 4303.991795 4292.121157 4279.779270 4270.140082 4257.939756 4248.159006 4235.791042 4219.789058 4201.410338 4183.780402 4199.638963 4203.189164 4186.971113 4175.821319 4160.808399 4146.419466 4133.129492 4111.370072 4126.239568 4142.530262 4159.010947 4176.510498 4192.290828 4199.080169 4185.169935 4188.761115 4206.968471 
1048576 4243.750125 4239.721224 4229.411483 4218.388349 4210.298881 4197.498783 4185.510799 4166.319966 4161.600024 4144.009203 4131.589085 4118.859768 4106.719047 4095.461220 4106.769338 4129.080102 4135.940224 4116.840661 4109.051079 4128.240049 4136.631265 4157.859832 4171.499982 4192.849621 4199.149087 4205.200821 4217.030481 4226.770252 4232.499748 4242.690280 4253.409803 4257.719964 4259.798676 4256.039858 4248.861223 4240.481183 4237.348214 4232.339561 4211.921245 4202.809185 4187.850282 4177.620634 4165.239632 4162.829369 4162.959754 4177.579656 4194.119945 4211.090505 4215.730354 4201.518372 4190.569744 4177.359864 4162.669182 4153.421149 4135.198891 4143.761471 4156.509414 4171.680659 4188.880324 4206.219688 4213.299602 4223.048687 4236.139357 4242.220894 
1048576 4342.529923 4338.480532 4328.459501 4317.170009 4309.389740 4297.910258 4282.049835 4269.029945 4258.699715 4246.110097 4228.601232 4221.050069 4209.859297 4212.241620 4229.590297 4247.099161 4251.429811 4236.070439 4221.409559 4210.190848 4201.389849 4191.080108 4211.179912 4221.359268 4235.548899 4250.340164 4266.230389 4275.429994 4286.708310 4294.000566 4301.849753 4305.750132 4307.528958 4305.379465 4299.009219 4294.611514 4286.048934 4273.999482 4257.310182 4245.501012 4230.620340 4219.148308 4225.270823 4238.819703 4255.671054 4272.339866 4288.449883 4304.859787 4310.879856 4296.420142 4280.628636 4268.828779 4257.829860 4244.258627 4232.369363 4250.960425 4260.318354 4275.260493 4292.400554 4310.470074 4314.919934 4322.759807 4334.960133 4340.941086 
1048576 4231.801257 4224.181175 4211.490974 4199.450836 4187.850282 4174.379632 4162.769765 4151.199013 4140.811041 4127.338529 4117.399454 4134.418443 4149.060696 4165.690392 4183.661193 4204.601049 4208.698869 4191.689193 4179.360345 4164.250568 4153.270274 4137.620330 4117.941484 4130.359739 4146.071151 4164.468497 4181.589931 4198.499024 4204.999655 4190.448672 4194.049165 4211.740568 4213.249311 4197.500646 4182.649776 4171.911627 4160.679877 4150.930792 4139.889032 4128.471017 4122.279584 4116.980359 4133.900627 4149.099812 4164.909944 4180.351272 4195.990041 4213.299602 4217.559472 4203.449935 4192.540422 4179.328680 4165.090621 4152.130336 4140.229896 4156.429321 4170.140252 4184.400663 4203.289747 4218.250513 4223.018885 4209.149629 4219.999537 4230.041057 
1048576 4279.350862 4276.419058 4272.110760 4266.111180 4257.680848 4246.320575 4235.001281 4223.931581 4215.270281 4209.369421 4202.861339 4196.779802 4186.090082 4191.920161 4207.910970 4224.499688 4228.340462 4214.098677 4202.360287 4187.619314 4179.170355 4165.749997 4157.070071 4167.070612 4181.580618 4198.150709 4212.560132 4229.119048 4235.150293 4249.131307 4257.420078 4261.789843 4263.030365 4260.439426 4255.348817 4243.990406 4232.449457 4219.960421 4202.051088 4191.670567 4188.170657 4168.691114 4152.780399 4155.369475 4171.010107 4186.421633 4202.419892 4219.280556 4223.968834 4210.138693 4195.820540 4183.689132 4173.940048 4163.339734 4177.350551 4192.780703 4206.931219 4223.439842 4239.590839 4245.860502 4259.359092 4267.510027 4272.470251 4278.199747 
1048576 4351.170734 4348.060116 4344.480112 4338.990897 4329.890013 4315.709695 4297.679290 4287.300631 4278.220236 4266.601056 4251.180217 4245.709628 4230.629653 4216.909409 4198.471084 4209.751263 4213.549197 4199.050367 4186.879843 4177.650437 4168.890417 4161.909223 4135.860130 4147.781059 4154.209048 4170.939326 4187.351093 4205.210134 4208.829254 4198.579118 4214.590415 4221.150652 4222.670570 4217.060283 4205.368459 4191.370681 4176.910967 4162.210971 4149.328917 4162.261263 4178.959876 4194.289446 4211.379215 4226.339981 4242.300987 4258.319736 4273.518920 4290.459678 4294.209182 4279.989749 4271.309823 4254.590720 4245.070741 4232.710227 4247.460514 4264.781252 4279.389977 4294.479266 4311.259836 4317.618906 4330.050200 4338.730127 4344.729707 4350.230098 
1048576 4237.079993 4220.770672 4205.789417 4193.630069 4186.321050 4174.688831 4163.870588 4152.890295 4143.141210 4124.959931 4131.419584 4144.800827 4160.180688 4174.640402 4191.130400 4209.680483 4214.329645 4197.780043 4185.350612 4175.478593 4165.729508 4153.110087 4141.381010 4157.040268 4169.119522 4181.759432 4197.111353 4214.489833 4216.559231 4205.279052 4222.480580 4227.159545 4229.128361 4226.339981 4210.960120 4194.589332 4180.019721 4167.579114 4150.500521 4138.329998 4131.589085 4123.469815 4140.060395 4156.559706 4173.090681 4188.470542 4206.791520 4227.120429 4232.030362 4215.098917 4204.228520 4187.010229 4173.019901 4161.950201 4146.229476 4154.860973 4170.831293 4186.240956 4205.130041 4222.759977 4229.750484 4213.849083 4216.378555 4235.718399 
1048576 4303.060472 4292.730242 4280.999303 4269.799218 4259.280860 4245.789722 4234.470427 4222.709686 4212.800413 4195.200279 4182.690755 4172.110930 4155.790433 4157.120362 4171.950743 4186.110571 4189.880565 4177.730531 4165.159538 4155.259579 4148.349166 4130.329937 4136.551172 4153.730348 4163.809121 4179.351032 4194.669425 4207.370803 4222.130403 4234.539345 4239.900038 4244.890064 4245.970398 4243.118688 4238.810390 4230.950028 4218.569025 4200.669006 4188.390449 4168.750718 4177.639261 4193.950444 4211.198539 4226.310179 4242.680967 4258.729517 4273.789003 4292.160273 4296.250641 4280.779511 4270.989448 4255.250096 4247.721285 4229.938611 4217.669368 4222.679883 4237.780347 4254.199564 4270.380363 4286.630079 4293.220118 4278.359935 4288.811237 4301.570356 
1048576 4340.909421 4337.560385 4327.259958 4316.039383 4316.650331 4308.959469 4299.148917 4280.319437 4273.578525 4258.409142 4246.789962 4238.499328 4223.709926 4210.229963 4193.428904 4209.510982 4213.340580 4197.958857 4188.420251 4176.208749 4161.639139 4152.070731 4133.990034 4142.729566 4153.309390 4169.961438 4185.039550 4202.628508 4209.669307 4223.190248 4234.500229 4239.039496 4240.959883 4237.879068 4230.089486 4219.109192 4204.159603 4191.229120 4173.129797 4162.630066 4153.950140 4141.051322 4141.459242 4157.179967 4173.329100 4188.740626 4204.269499 4221.750423 4226.198420 4211.099818 4200.330004 4205.549136 4216.140136 4233.149812 4241.568968 4257.379100 4271.050915 4279.110581 4301.110283 4311.369732 4316.559061 4320.940003 4333.641380 4339.290783 
1048576 4401.531070 4395.989701 4385.409877 4373.680800 4363.870248 4349.840805 4339.590669 4320.088774 4329.860210 4345.711321 4356.989637 4371.941090 4386.300221 4403.399304 4422.271624 4440.279678 4452.049732 4470.840096 4484.420642 4500.880837 4511.579871 4517.300054 4532.549530 4544.829950 4561.269656 4570.910707 4576.461390 4588.281736 4595.758393 4603.259265 4613.740370 4619.508982 4620.529711 4617.230967 4607.969895 4603.549838 4597.570747 4592.569545 4585.148767 4585.210234 4568.239674 4554.580897 4543.200135 4530.500621 4524.590448 4516.020417 4494.480789 4477.469251 4462.208599 4445.949569 4428.360611 4428.729415 4413.949326 4402.570426 4386.771470 4374.640062 4365.390167 4353.439435 4344.539717 4358.289763 4366.800189 4378.920421 4391.141236 4400.080070 
1048576 4351.099953 4345.729947 4336.150363 4323.638976 4313.839599 4302.840680 4286.020994 4274.640232 4286.939278 4301.961511 4320.899025 4336.319864 4349.831492 4364.209250 4381.610081 4400.661215 4409.808666 4425.669089 4444.129765 4459.191114 4474.839196 4491.498694 4497.839138 4507.331178 4526.240751 4535.879940 4543.250427 4551.509395 4559.559748 4568.750039 4577.720538 4582.900554 4584.141076 4580.860958 4574.880004 4567.319527 4560.939968 4559.671506 4551.690072 4549.950361 4538.260400 4520.319402 4509.659484 4499.940202 4481.079057 4469.521344 4452.088848 4441.739991 4432.529211 4420.010373 4404.470325 4397.010431 4397.619516 4384.599626 4366.528243 4356.291145 4345.729947 4334.710538 4324.050620 4312.589765 4318.598658 4329.010844 4341.689870 4349.069670 
1048576 4364.568740 4361.750558 4357.710481 4346.109927 4338.189960 4330.120981 4318.689927 4300.439730 4289.319739 4272.010177 4256.758839 4245.141521 4243.139178 4258.219153 4274.550825 4291.631281 4296.090454 4280.980676 4269.849509 4255.458713 4250.029102 4264.559597 4280.729219 4296.990111 4312.690347 4328.470677 4334.520549 4355.199635 4359.269515 4361.769184 4375.809804 4380.298778 4382.120445 4379.289225 4366.800189 4364.678636 4365.030676 4351.850599 4338.929430 4321.239889 4313.509911 4297.910258 4285.510629 4274.720326 4261.869937 4276.821390 4292.950034 4310.870543 4316.499457 4300.510511 4285.160452 4273.610190 4273.070022 4256.589338 4258.830100 4276.739433 4286.510870 4304.969683 4323.840141 4332.300276 4337.770864 4351.871088 4358.949140 4363.659769 
1048576 4306.301475 4302.840680 4296.081141 4284.661263 4275.741056 4262.341186 4245.579243 4236.400127 4225.539044 4210.110754 4205.530509 4188.930616 4175.070673 4161.270335 4177.339375 4194.740206 4199.059680 4183.940589 4169.160500 4158.349708 4153.881222 4172.308370 4186.199978 4201.309755 4213.988781 4230.270162 4237.851128 4259.020090 4263.170063 4265.010357 4279.699177 4284.799099 4286.099225 4283.109680 4270.590842 4268.899560 4268.249497 4254.139960 4238.110036 4221.059382 4210.419953 4194.959998 4186.490551 4202.129319 4217.758775 4233.330488 4249.779508 4267.150536 4270.719364 4257.280380 4246.119410 4228.990525 4220.349714 4207.460210 4194.628447 4209.959880 4223.819822 4239.590839 4256.650805 4272.198305 4277.480766 4290.329292 4299.210384 4304.841161 
1048576 4275.361076 4271.320999 4267.530516 4256.429151 4242.179915 4232.639447 4215.639085 4198.970273 4188.150167 4171.010107 4155.110568 4144.739360 4127.921537 4142.319784 4158.290103 4175.741225 4180.740565 4164.230078 4152.899608 4139.930010 4131.870344 4149.060696 4164.099693 4180.610180 4195.101559 4211.369902 4218.950868 4239.030182 4243.360832 4246.130586 4260.510206 4265.408963 4267.469049 4263.540730 4251.960665 4249.930382 4247.600213 4233.680665 4222.560674 4205.910489 4198.038951 4183.350131 4171.660170 4170.119762 4185.510799 4200.918600 4217.080772 4234.680906 4238.849506 4223.780707 4214.869812 4198.839888 4188.859835 4176.439717 4166.239873 4182.180390 4191.929474 4207.119346 4224.458709 4239.490256 4246.409982 4261.409864 4267.709330 4273.040220 
1048576 4265.651107 4262.799397 4253.920168 4244.739190 4233.909771 4215.599969 4198.899493 4186.730832 4178.989679 4164.628685 4155.030474 4154.428840 4129.759967 4115.849733 4126.509652 4141.699523 4145.799205 4133.200273 4120.910540 4110.949114 4097.959027 4104.750231 4120.629281 4135.930911 4150.310531 4166.759551 4176.730290 4192.888737 4204.429686 4209.030420 4218.541086 4222.529009 4224.169999 4221.411422 4213.890061 4212.189466 4204.779863 4192.281514 4176.449031 4160.339013 4149.569198 4136.340693 4156.330600 4172.960296 4186.999053 4199.860618 4216.199741 4232.520238 4237.599671 4221.748561 4210.460931 4201.740026 4192.680120 4178.939387 4161.680117 4167.029634 4176.251590 4191.849381 4211.969674 4228.349775 4238.419235 4248.579964 4258.649424 4264.559597 
1048576 4268.899560 4265.459254 4250.729457 4233.159125 4218.848422 4205.720499 4190.919921 4174.949601 4163.939506 4147.309810 4130.870104 4115.620628 4104.631022 4104.470834 4118.608311 4133.749753 4138.160497 4125.859588 4111.640155 4100.689664 4086.600617 4069.520161 4081.429914 4097.700119 4109.749570 4123.801365 4137.830809 4152.258858 4163.859412 4179.568961 4187.058657 4188.520834 4190.530628 4188.830033 4187.239334 4174.388945 4158.610478 4141.690210 4124.369472 4113.400355 4121.800885 4139.039665 4157.811403 4176.879302 4194.669425 4213.530570 4232.298583 4251.299426 4254.860803 4238.549620 4222.869873 4205.860198 4190.661013 4176.940769 4158.370197 4175.450653 4192.689434 4210.500047 4231.618717 4250.330850 4255.250096 4244.590178 4260.979593 4266.880453 
1048576 4297.770560 4287.419841 4275.191575 4259.409383 4251.450300 4234.300926 4215.581343 4203.779623 4194.088280 4181.889817 4169.618711 4159.510136 4150.170833 4149.880260 4165.269434 4181.450233 4184.870049 4171.870649 4160.478711 4145.879298 4136.409611 4124.740139 4109.369591 4124.511033 4139.190540 4156.939685 4171.149805 4187.488928 4191.290587 4178.879783 4191.469401 4199.540243 4201.039672 4194.978625 4181.409255 4169.050604 4162.291065 4154.670984 4172.129557 4181.949422 4195.820540 4208.678380 4225.319251 4241.300747 4257.768393 4273.790866 4290.500656 4301.019013 4301.920533 4297.658801 4283.230752 4270.769656 4259.780049 4247.380421 4236.780107 4224.348813 4233.749583 4248.220474 4263.980314 4279.540852 4284.510389 4270.831123 4282.590002 4296.390340 
1048576 4227.889702 4223.348573 4208.760336 4192.709923 4178.700969 4165.429622 4153.460264 4141.489044 4134.910181 4151.860252 4167.539999 4187.189043 4201.021045 4216.820002 4232.449457 4249.269143 4254.020751 4238.501191 4228.850827 4212.390631 4202.438518 4193.348810 4206.558689 4223.220050 4237.139598 4252.949730 4269.350320 4278.350621 4287.838936 4296.481609 4304.889590 4309.169948 4310.779274 4307.210445 4303.138703 4297.539592 4287.719727 4275.500774 4258.640110 4248.611629 4239.009693 4224.250093 4212.759435 4201.030359 4186.490551 4183.759913 4198.450595 4215.151072 4217.639565 4204.899073 4194.838926 4182.809964 4172.028974 4160.979763 4140.360281 4151.189700 4160.339013 4175.910726 4192.899913 4208.749160 4213.739187 4201.421514 4218.541086 4226.919264 
1048576 4238.680005 4233.600572 4220.679402 4210.179672 4202.440381 4190.940410 4179.369658 4163.708538 4148.900509 4137.780517 4148.770124 4165.980965 4180.850461 4194.859415 4209.320992 4226.859659 4230.920225 4215.998575 4211.829975 4228.200763 4235.981032 4256.399348 4266.960546 4282.860085 4293.540493 4306.068644 4320.440814 4330.649972 4334.799945 4344.299436 4355.540499 4359.539598 4361.679778 4358.539358 4349.209368 4340.291023 4336.901009 4335.949197 4324.480891 4315.240309 4302.041605 4287.660122 4275.210202 4258.010536 4245.579243 4233.200103 4221.688956 4227.140918 4229.070619 4226.820543 4214.400426 4198.009148 4189.109430 4174.700007 4163.440317 4150.189459 4148.408771 4163.628444 4182.510078 4200.579599 4208.220169 4214.599729 4229.230806 4237.409681 
1048576 4297.500476 4294.740036 4285.050556 4277.329892 4266.630858 4250.310361 4230.750725 4218.488932 4211.459309 4199.260846 4192.190245 4187.610000 4161.199555 4148.241132 4161.050543 4177.588969 4181.049764 4167.119041 4156.999290 4146.710038 4137.620330 4124.769941 4103.699699 4114.350304 4124.440253 4139.421508 4155.199975 4173.129797 4177.529365 4166.679457 4183.279350 4189.731553 4191.529006 4187.520593 4174.070433 4156.729206 4151.260480 4135.468975 4132.879898 4150.571302 4153.538495 4170.730710 4189.720377 4205.530509 4219.040275 4232.639447 4247.268662 4264.829680 4269.860685 4254.620522 4243.651405 4232.279956 4224.279895 4210.408777 4190.679640 4199.599847 4209.259525 4225.358367 4243.429750 4261.979833 4270.350561 4278.179258 4291.439429 4296.230152 
1048576 4251.619801 4242.818803 4227.060825 4210.319370 4198.700190 4187.459126 4172.530025 4163.440317 4175.759852 4191.270098 4207.439721 4222.169518 4236.208275 4249.181598 4267.118871 4286.881536 4293.430597 4276.208580 4261.219874 4250.409082 4260.931164 4285.840318 4298.070446 4314.498976 4331.339151 4340.538755 4346.249625 4365.218803 4369.189963 4373.379052 4386.531189 4391.020164 4392.340779 4389.248788 4378.780723 4375.029355 4372.751340 4358.761013 4348.568618 4336.820915 4333.749413 4322.929308 4302.211106 4287.101328 4271.479324 4259.660840 4241.868854 4240.071401 4244.329408 4239.169881 4224.169999 4209.069535 4194.039851 4183.620214 4167.899489 4160.789773 4162.149504 4174.770787 4193.888977 4213.759676 4220.459610 4220.681265 4238.910973 4249.269143 
1048576 4228.901118 4224.520177 4216.371104 4204.459488 4194.600508 4180.859774 4169.749096 4154.149443 4145.631567 4133.850336 4116.199911 4104.550928 4096.280783 4085.190594 4097.150639 4112.990573 4118.740559 4106.318578 4098.689184 4085.060209 4100.801423 4119.619727 4138.309509 4155.168310 4168.709740 4174.938425 4181.269556 4198.851064 4202.509299 4206.931219 4220.709205 4224.920645 4226.429388 4223.469645 4212.420434 4208.710045 4204.690456 4196.319729 4177.490249 4171.831533 4157.399759 4150.729626 4144.091159 4129.229113 4143.521190 4157.669842 4173.921421 4190.180451 4196.880385 4181.969911 4170.790315 4158.850759 4147.849977 4127.569497 4117.438570 4131.998867 4146.419466 4162.628204 4179.401323 4196.081311 4200.810567 4208.860919 4220.839590 4227.189347 
1048576 4309.890792 4306.240007 4303.341731 4291.521385 4282.239825 4270.371050 4253.590479 4235.880449 4228.740931 4215.829074 4204.370081 4203.360528 4186.600447 4173.200577 4164.021462 4184.490070 4191.290587 4179.939628 4196.910188 4214.489833 4231.510684 4251.610488 4263.108596 4273.079336 4278.540611 4286.210984 4299.459979 4309.320822 4313.990474 4324.041307 4334.699363 4339.501262 4341.440275 4337.519407 4330.100492 4320.699722 4318.429157 4312.539473 4304.431379 4286.110401 4279.339686 4263.279960 4244.109616 4234.449938 4225.840792 4220.990464 4235.489294 4253.000021 4256.900400 4243.230447 4231.570289 4221.240059 4209.648818 4193.089902 4199.478775 4216.140136 4228.500649 4243.209958 4261.439666 4271.540791 4284.610972 4297.029227 4302.119836 4307.469353 
1048576 4288.759083 4285.158589 4279.948771 4273.649305 4265.610129 4253.190011 4241.390154 4221.769050 4214.379936 4202.200100 4195.719957 4178.000614 4179.880023 4194.650799 4209.941253 4227.731377 4233.129323 4217.870533 4202.179611 4194.999114 4185.510799 4176.059738 4153.629765 4162.879661 4171.110690 4188.809544 4206.160083 4226.299003 4233.429208 4241.209477 4254.458472 4259.750247 4260.919988 4257.770255 4246.909171 4239.520058 4230.540246 4213.910550 4195.060581 4183.080047 4172.040150 4158.331081 4147.879779 4162.359983 4177.920520 4192.881286 4210.319370 4226.649180 4230.489954 4217.369482 4202.751443 4191.149026 4182.120785 4171.540961 4188.619554 4202.060401 4214.629531 4230.510443 4248.879850 4255.078733 4265.800118 4274.750128 4281.919450 4287.330434 
1048576 4222.510383 4205.919802 4190.318286 4173.940048 4159.810022 4145.860672 4126.990214 4115.140066 4103.140905 4089.780152 4091.259092 4106.739536 4120.929167 4134.589806 4150.070250 4167.689011 4171.891138 4155.620933 4145.819694 4132.311791 4124.758765 4111.649469 4095.539451 4100.831226 4111.580551 4127.660766 4144.830629 4162.589088 4166.709259 4154.240713 4170.041531 4178.930074 4179.971293 4173.319787 4161.451012 4146.231338 4134.470597 4120.020196 4100.820050 4090.700299 4081.681371 4098.590463 4120.500758 4139.540717 4157.591611 4176.048562 4195.719957 4215.149209 4218.721762 4202.360287 4190.780222 4172.690213 4157.749936 4140.259698 4120.681435 4137.899727 4155.980423 4173.221067 4190.299660 4205.770791 4212.740809 4198.569804 4202.019423 4221.009091 
1048576 4602.480680 4599.250853 4588.648677 4578.569904 4579.178989 4575.630650 4561.150447 4550.090060 4549.469799 4529.679194 4517.151043 4501.720890 4492.210224 4470.350221 4459.699616 4447.899759 4438.750446 4426.039755 4414.459690 4402.128980 4397.500306 4383.929074 4369.400442 4357.989877 4348.989576 4330.700263 4319.259897 4308.300093 4317.460582 4331.659526 4344.640300 4352.470860 4354.249686 4347.089678 4337.249324 4326.460883 4324.838519 4322.549328 4337.420687 4346.979782 4358.021542 4375.429824 4392.061383 4406.100139 4421.059042 4434.488714 4451.090470 4469.079897 4473.760724 4458.399490 4453.239962 4466.509447 4482.129589 4501.309246 4510.240629 4529.880360 4536.230117 4542.320967 4561.789334 4572.380334 4577.720538 4583.390430 4595.259205 4600.679502 
1048576 4251.711071 4247.520119 4241.820425 4230.409861 4218.900576 4211.060703 4209.160805 4192.128778 4174.210131 4172.040150 4187.429324 4202.960059 4216.549918 4230.279475 4246.089607 4265.489057 4271.719605 4255.000502 4238.449037 4228.420556 4221.050069 4207.840189 4196.818918 4197.690636 4209.728912 4226.950929 4246.190190 4267.940298 4273.228347 4275.258631 4292.668775 4297.770560 4298.839718 4296.900705 4281.811416 4271.959886 4266.090691 4254.449159 4233.459011 4224.101081 4209.300503 4195.360467 4183.880985 4170.829430 4162.449390 4159.510136 4174.979404 4193.458706 4199.881107 4183.858633 4172.110930 4157.280549 4160.610959 4146.799445 4136.800766 4162.240773 4172.919318 4192.098975 4208.920524 4216.888919 4222.039133 4235.640168 4243.250936 4249.740392 
1048576 4253.460094 4246.359691 4235.390574 4219.770432 4211.669788 4197.590053 4190.290347 4171.939567 4161.011428 4144.199193 4128.700122 4118.869081 4113.150761 4112.459719 4132.350907 4153.320566 4158.370197 4140.408710 4124.458879 4109.950736 4094.569013 4106.819630 4124.691710 4144.070670 4161.020741 4180.790856 4188.528284 4194.319248 4206.540063 4215.398803 4221.281037 4225.458950 4227.539524 4224.680364 4221.089184 4214.931279 4202.870652 4185.060039 4177.920520 4162.630066 4158.239812 4154.900089 4160.439596 4176.469520 4192.030057 4207.819700 4223.629832 4240.069538 4244.498909 4230.139777 4218.351096 4204.148427 4193.970934 4176.240414 4164.719954 4171.479493 4185.790196 4201.620817 4219.770432 4235.580564 4241.969436 4228.251055 4241.989926 4252.010956 
1048576 4272.680730 4267.109558 4252.210259 4240.078852 4229.720682 4216.959700 4205.388948 4195.619375 4186.049104 4166.189581 4150.070250 4138.549790 4119.580612 4130.359739 4147.211090 4164.408892 4168.229178 4153.709859 4142.498598 4125.658423 4118.120298 4100.169986 4088.200629 4093.920812 4108.689725 4124.881700 4140.209407 4157.569259 4163.110629 4149.200395 4161.499441 4173.370078 4174.670205 4164.751619 4153.249785 4138.071090 4137.599841 4127.029330 4121.830687 4138.398916 4140.689969 4156.090319 4174.800590 4190.800712 4206.620157 4222.698510 4237.489775 4253.918305 4257.790744 4246.288911 4235.049710 4218.610004 4208.680242 4194.639623 4179.891199 4196.939990 4211.740568 4228.049889 4244.888201 4259.379581 4264.039919 4251.860082 4262.659699 4271.749407 
1048576 4355.831072 4352.279007 4340.680316 4337.521270 4335.479811 4323.769361 4309.458658 4293.249920 4285.139963 4272.149876 4261.029884 4251.809791 4259.750247 4274.819046 4291.359335 4308.899865 4313.290119 4297.908396 4282.290116 4273.580387 4265.420139 4251.230508 4266.699776 4284.169525 4297.940060 4312.369972 4327.939823 4336.249083 4347.840324 4355.970770 4363.341257 4367.539659 4370.080307 4365.870729 4362.160340 4356.371239 4346.689209 4333.851859 4315.419123 4305.860028 4295.840859 4281.330854 4270.600155 4260.379821 4245.290533 4236.331210 4248.350859 4264.799878 4269.279540 4255.298525 4243.969917 4232.639447 4222.501069 4239.261150 4255.078733 4271.470010 4285.288975 4300.700501 4308.309406 4328.278825 4333.009943 4336.049780 4347.838461 4354.121163 
1048576 4224.199802 4206.780344 4190.839827 4174.379632 4165.729508 4155.220464 4144.089296 4134.310409 4128.379747 4127.359018 4146.439955 4161.769524 4172.349349 4184.009507 4200.790077 4216.380417 4222.068936 4206.221551 4189.990461 4185.531288 4183.290526 4203.960299 4223.048687 4244.528711 4263.758659 4272.058606 4279.930145 4297.360778 4301.739857 4306.860268 4319.310188 4323.720932 4325.209185 4322.631285 4311.410710 4306.999967 4306.489602 4294.760525 4287.669435 4284.689203 4262.570292 4249.829799 4231.369123 4210.770130 4196.850583 4184.760153 4193.408415 4214.450717 4220.610484 4202.390090 4186.959937 4171.859473 4157.440737 4144.759849 4130.421206 4138.831049 4155.199975 4173.168913 4194.200039 4213.629290 4221.079871 4203.509539 4202.811047 4223.899916 
1048576 4268.581048 4264.490679 4257.760942 4248.110577 4233.701155 4215.549678 4199.830815 4181.738943 4160.070792 4147.101194 4125.779495 4112.899303 4128.249362 4143.230617 4160.750657 4178.548232 4185.378551 4169.870168 4157.168791 4142.230377 4128.329456 4113.780335 4100.671038 4116.469994 4130.369052 4146.369174 4163.058475 4183.059558 4187.749699 4171.689972 4176.400602 4191.970453 4194.259644 4180.029035 4170.000553 4158.461466 4149.351269 4137.828946 4127.081484 4110.218957 4117.829725 4137.679935 4160.569981 4177.950323 4194.239154 4203.399643 4217.568785 4233.770072 4238.400608 4223.300144 4215.611145 4210.159183 4198.059440 4175.901413 4156.159237 4167.430103 4175.560549 4190.489650 4211.289808 4228.658974 4239.430651 4251.439124 4260.350019 4266.560078 
1048576 4289.729521 4286.581650 4279.481247 4268.800840 4257.978871 4248.449579 4244.469106 4228.388891 4212.839529 4193.980247 4177.639261 4162.751138 4147.419706 4142.589867 4152.290523 4168.000072 4169.270396 4159.089178 4154.279828 4143.578932 4126.299173 4108.641297 4092.130810 4103.370011 4113.130271 4125.328735 4140.481353 4161.309451 4170.060158 4189.029336 4196.090624 4200.410098 4201.250151 4199.469462 4195.811227 4179.449752 4163.360223 4144.119099 4123.741761 4111.949354 4123.900086 4142.358899 4160.949960 4168.970510 4181.679338 4196.880385 4213.491455 4232.319072 4237.979650 4221.759737 4210.431129 4191.180691 4188.779742 4184.080288 4172.408953 4195.339978 4211.170599 4230.659455 4248.751327 4256.600514 4261.650145 4274.308681 4282.988608 4288.900644 
1048576 4235.049710 4218.889400 4207.380116 4195.351154 4186.490551 4174.349830 4162.939265 4149.530083 4140.021279 4127.599299 4117.039964 4131.600261 4146.430641 4161.629826 4179.328680 4197.429866 4200.829193 4185.819998 4170.678556 4159.189761 4153.558984 4138.119519 4128.100350 4147.460684 4154.920578 4168.480635 4183.949903 4201.309755 4204.370081 4191.141576 4206.808284 4213.370383 4214.789718 4210.419953 4197.979346 4183.119163 4170.959815 4154.270515 4136.960953 4125.440493 4117.250443 4122.089595 4140.190780 4154.730588 4171.101376 4186.110571 4203.328863 4224.559292 4229.389131 4211.248830 4200.769588 4185.330123 4174.619913 4163.660109 4146.559164 4154.369235 4167.169333 4182.929173 4202.490672 4221.640527 4228.759557 4211.571068 4215.419292 4233.419895 
1048576 4327.630624 4319.109023 4306.338727 4293.570295 4287.200049 4273.450002 4269.368947 4285.851493 4289.571196 4305.059090 4321.819171 4337.649792 4352.880642 4368.830472 4384.839907 4402.119666 4406.150430 4412.850365 4428.859800 4446.009174 4456.460476 4469.418898 4484.649748 4493.590444 4511.550069 4524.638876 4533.309489 4539.869726 4545.930773 4557.199776 4567.449912 4570.949823 4572.881386 4570.098594 4562.821239 4554.828629 4546.700045 4546.029493 4535.080865 4531.171173 4529.580474 4509.799182 4488.870502 4477.471113 4469.139501 4448.330030 4436.280578 4418.401048 4410.989583 4399.539903 4387.218505 4385.950044 4386.801273 4372.930154 4353.860393 4340.888932 4331.810400 4321.059212 4310.790449 4307.579249 4310.941324 4299.288616 4314.329475 4326.310009 
1048576 4202.179611 4198.690876 4185.780883 4168.299958 4157.070071 4138.689488 4126.571119 4115.341231 4105.169326 4097.430035 4113.379866 4131.060094 4144.940525 4160.670564 4177.169874 4194.390029 4198.119044 4183.558747 4171.131179 4159.880802 4153.911024 4168.489948 4183.739424 4198.960960 4213.759676 4231.000319 4237.700254 4259.759560 4264.088348 4264.310002 4279.660061 4284.329712 4286.339507 4282.470793 4269.691184 4268.009216 4267.720506 4253.920168 4241.790622 4221.649840 4214.398563 4203.479737 4185.879603 4175.638780 4159.539938 4158.368334 4173.340276 4189.940169 4191.249609 4177.309573 4167.560488 4160.130396 4146.380350 4134.990275 4115.380347 4124.611616 4133.669659 4149.628803 4167.100415 4183.709621 4188.880324 4179.159179 4195.040092 4201.179370 
1048576 4351.479933 4347.279668 4329.228774 4311.949015 4297.900945 4284.359515 4266.889766 4256.550223 4241.731018 4228.269681 4212.891683 4201.279953 4185.080528 4167.910665 4147.021100 4146.751016 4154.210910 4139.160737 4128.038883 4111.509770 4133.271053 4150.630906 4165.871069 4184.359685 4198.689014 4205.489531 4211.058840 4228.521138 4233.120009 4237.629473 4251.480103 4255.501553 4258.070141 4253.879189 4244.308919 4241.079092 4238.119349 4226.269200 4214.338958 4202.380776 4210.509360 4224.069417 4241.149873 4256.080836 4271.790385 4288.619384 4308.080301 4327.939823 4332.579672 4314.929247 4300.789908 4284.499213 4274.100065 4263.121635 4253.068939 4267.120734 4278.419539 4293.659702 4313.260317 4330.890253 4334.108904 4323.270172 4343.699664 4349.719733 
1048576 4278.779030 4275.411367 4269.039258 4256.999120 4245.709628 4227.399826 4215.229303 4199.480638 4192.061722 4185.808823 4167.050123 4165.580496 4175.879061 4190.720618 4209.071398 4226.529971 4232.240841 4215.870053 4198.890179 4190.919921 4195.058718 4220.400006 4235.520959 4254.829139 4270.549864 4279.719666 4286.689684 4303.140566 4308.201373 4314.240068 4326.609895 4331.778735 4333.009943 4329.571500 4318.989813 4315.420985 4311.980680 4301.890731 4286.870360 4277.801141 4277.560860 4261.279479 4241.310060 4222.849384 4205.839708 4214.448854 4228.200763 4244.899377 4248.909652 4233.699292 4225.838929 4211.591557 4202.101380 4188.140854 4171.641544 4177.290946 4191.258922 4205.411300 4222.480580 4239.641130 4249.040037 4262.909293 4271.458834 4277.320579 
1048576 4370.110109 4366.399720 4362.059757 4358.809441 4348.699003 4336.699843 4318.390042 4306.489602 4296.919331 4284.610972 4273.969680 4268.968478 4251.290113 4237.318411 4217.419773 4207.389429 4211.559892 4200.670868 4190.281034 4196.409136 4203.490913 4228.619859 4237.059504 4253.679886 4265.781492 4272.960126 4278.430715 4294.659942 4300.110042 4305.191338 4318.229854 4321.949556 4324.439913 4321.189597 4310.589284 4307.739437 4303.319380 4295.378923 4278.259352 4266.779870 4252.331331 4239.879549 4223.369062 4228.340462 4245.139658 4259.759560 4275.010899 4291.821271 4295.529798 4280.740395 4271.930084 4259.610549 4246.478900 4255.210981 4269.219935 4285.940900 4298.020154 4313.839599 4326.120019 4336.010665 4351.269454 4355.879501 4362.031817 4368.219525 
1048576 4272.019491 4267.958924 4261.329770 4249.749705 4235.981032 4233.920947 4214.551300 4215.870053 4216.449335 4183.690995 4168.160260 4152.970389 4167.210311 4182.860255 4197.809845 4212.480038 4216.110334 4203.179851 4192.410037 4184.860736 4195.420071 4206.469283 4219.559953 4236.789420 4250.939935 4263.270646 4276.569933 4297.630861 4301.199690 4303.220659 4318.770021 4322.459921 4323.789850 4321.159795 4307.398573 4306.279123 4306.439310 4291.519523 4280.019552 4263.309762 4252.770916 4236.668348 4221.929237 4205.839708 4192.629829 4178.130999 4194.390029 4209.149629 4214.400426 4203.019664 4193.220288 4178.451374 4163.159057 4155.671224 4158.990458 4179.058596 4196.019843 4215.151072 4232.000560 4238.650203 4243.699834 4255.119711 4265.079275 4270.929843 
1048576 4346.340895 4342.731088 4341.170192 4324.659705 4310.650751 4293.520004 4281.390458 4270.238802 4258.640110 4246.089607 4234.299064 4224.410281 4214.249551 4202.960059 4191.299900 4196.969792 4201.250151 4186.999053 4175.839946 4165.709019 4150.599241 4138.389602 4121.590406 4130.749032 4141.699523 4157.360643 4173.170775 4190.480337 4194.879904 4182.171077 4198.038951 4207.601771 4209.728912 4201.490432 4189.280793 4177.449271 4160.821438 4148.488864 4165.049642 4181.491211 4196.548834 4213.780165 4229.750484 4244.528711 4259.269685 4273.509607 4288.190976 4305.949435 4309.790209 4295.589402 4286.309704 4274.981096 4263.760522 4253.739491 4236.031324 4254.369065 4268.141463 4281.779751 4296.779633 4311.259836 4316.458479 4333.699122 4339.490086 4344.549030 
1048576 4338.510334 4330.210388 4317.410290 4301.501438 4292.421043 4279.488698 4268.050194 4255.810753 4246.760160 4235.409200 4224.048927 4205.198959 4194.220528 4179.220647 4191.739485 4202.779382 4204.090685 4197.780043 4185.449332 4170.309752 4161.110148 4150.370136 4135.189578 4124.339670 4133.729264 4150.040448 4165.060818 4181.729630 4186.030477 4203.159362 4215.680063 4220.210016 4221.530631 4219.088703 4209.499806 4195.250571 4183.510318 4175.020382 4178.611562 4194.291309 4209.358245 4225.479439 4242.070019 4257.859662 4273.461178 4288.479686 4304.599017 4321.390763 4326.939583 4313.020036 4301.030189 4290.180281 4280.809313 4262.899980 4246.659577 4262.881353 4278.268665 4294.279963 4310.389981 4326.049238 4331.240430 4317.298532 4325.179383 4337.349907 
1048576 4344.509915 4340.609536 4331.320524 4323.441535 4322.150722 4312.820733 4301.870242 4294.849932 4282.889888 4264.229909 4248.538986 4234.209657 4225.131124 4212.679341 4197.498783 4202.021286 4203.660414 4200.780764 4188.539460 4177.629948 4163.129255 4151.588306 4134.360701 4123.149440 4125.200212 4141.030833 4156.440496 4175.281152 4181.120545 4192.858934 4205.729812 4211.600870 4213.340580 4209.050909 4199.760035 4188.789055 4175.379872 4163.000733 4150.990397 4139.190540 4130.801186 4142.189398 4157.459363 4172.030836 4187.339917 4202.149808 4216.860980 4233.820364 4238.300025 4224.130884 4214.581102 4204.289988 4214.059561 4233.179614 4243.159667 4260.700196 4275.070503 4285.410047 4299.819469 4312.381148 4317.620769 4325.330257 4336.480051 4342.610016 
1048576 4355.078563 4350.999370 4347.419366 4341.328517 4332.039505 4319.431260 4303.090274 4290.750250 4280.069843 4267.880693 4255.779088 4245.840013 4231.370986 4215.050489 4209.199920 4192.989320 4196.109250 4180.319607 4161.689430 4155.110568 4156.669602 4141.408950 4134.370014 4153.840244 4165.120423 4180.410877 4197.340459 4208.590835 4215.929657 4232.630134 4239.698872 4244.290292 4245.908931 4242.889583 4240.039736 4223.689437 4216.859117 4208.179191 4191.379994 4178.978503 4181.040451 4198.769107 4214.989021 4230.059683 4244.850948 4259.569570 4275.579005 4292.691126 4296.559840 4283.739254 4269.590601 4256.719723 4248.470068 4237.238318 4254.400730 4268.448800 4282.010719 4297.161475 4314.448684 4321.040586 4333.680496 4341.021180 4347.261041 4353.249446 
1048576 4243.161529 4240.438342 4235.310480 4228.219390 4220.418632 4207.519814 4192.989320 4178.309813 4168.519750 4156.891257 4146.309569 4135.940224 4120.679572 4112.200812 4128.100350 4144.029692 4147.671163 4133.841023 4122.599959 4127.800465 4134.699702 4156.071693 4164.660349 4181.120545 4195.651039 4201.959819 4220.180213 4231.549799 4235.491157 4243.370146 4255.129024 4259.370267 4260.910675 4258.420318 4248.939455 4240.419716 4240.730777 4234.461114 4221.299663 4208.561033 4199.940711 4184.929654 4173.450172 4154.119641 4140.360281 4148.399457 4165.399820 4181.580618 4185.480997 4172.800109 4157.688469 4146.501422 4138.609394 4125.310108 4139.838740 4156.609997 4170.749336 4185.730591 4203.720018 4209.270701 4220.051691 4228.958860 4236.159846 4241.520539 
1048576 4326.779395 4315.650091 4303.280264 4287.211224 4278.570414 4264.321178 4253.020510 4242.209718 4233.740270 4216.000438 4204.019904 4193.080589 4188.539460 4174.949601 4172.708839 4188.939929 4193.549976 4177.751020 4165.649414 4151.050001 4142.679274 4129.391164 4145.400599 4162.210971 4176.480696 4193.510860 4209.470004 4217.240959 4232.859239 4239.311442 4245.061427 4249.278456 4251.319915 4247.820005 4244.560376 4241.751507 4232.291132 4217.969254 4205.610603 4189.601168 4201.350734 4216.499627 4233.969375 4250.789061 4268.020391 4282.629117 4298.260435 4315.190017 4319.138825 4304.179922 4295.159131 4278.458655 4269.421101 4255.348817 4237.150773 4246.160388 4259.841517 4275.768995 4291.461781 4307.119176 4314.459860 4299.789667 4312.228411 4324.639216 
1048576 4298.981279 4296.518862 4291.709512 4276.070744 4261.350259 4247.220233 4234.351218 4221.439362 4211.559892 4203.159362 4197.049886 4174.180329 4164.408892 4181.150347 4198.718816 4217.939451 4222.849384 4206.070676 4193.469882 4179.799929 4166.329280 4151.890054 4132.231697 4145.851359 4162.549973 4178.870469 4195.649177 4214.439541 4221.208394 4204.709083 4209.559411 4226.669669 4228.010774 4212.869331 4198.851064 4186.889157 4176.350310 4168.000072 4159.599543 4144.409671 4153.169692 4168.769345 4188.239574 4206.400365 4222.718999 4236.409441 4249.678925 4265.090451 4267.878830 4256.229848 4248.159006 4236.640409 4221.338779 4210.229963 4191.150889 4201.460630 4211.600870 4225.960001 4242.630675 4259.530455 4268.821329 4285.620525 4292.419180 4297.880456 
1048576 4287.170246 4283.100367 4273.060709 4261.169583 4246.860743 4232.859239 4215.501249 4205.349833 4195.289686 4208.508879 4227.718338 4244.169220 4258.349538 4269.389436 4283.448681 4300.119355 4305.159673 4290.139303 4281.239584 4273.010418 4264.419898 4277.409986 4296.431318 4313.429818 4326.989874 4338.718951 4345.159978 4363.890737 4367.839545 4372.101277 4385.890439 4390.569404 4392.080009 4388.229921 4378.320649 4375.850782 4372.600466 4355.819896 4336.930811 4325.600341 4314.530641 4300.029948 4289.619625 4288.449883 4277.471453 4253.849387 4256.939515 4268.471152 4269.739613 4264.248535 4250.150174 4238.659516 4228.658974 4217.240959 4205.420613 4188.248888 4201.790318 4215.320572 4230.650142 4246.471450 4251.539707 4265.859723 4278.959706 4285.549745 
1048576 4296.520725 4291.329533 4277.281463 4258.099943 4249.680787 4236.789420 4222.270101 4210.179672 4200.790077 4190.899432 4172.660410 4162.659869 4159.199074 4146.719351 4163.710400 4184.020683 4188.280553 4171.870649 4159.500822 4144.018516 4130.199552 4139.950499 4159.059376 4176.409915 4193.710163 4209.740087 4216.909409 4224.229604 4238.940775 4243.869334 4250.939935 4254.760221 4256.200045 4253.728315 4249.241203 4246.361554 4234.779626 4220.459610 4210.390151 4198.070616 4193.060100 4189.731553 4199.748859 4215.069115 4230.119288 4245.849326 4262.080416 4277.689382 4281.509668 4268.039018 4256.730899 4244.890064 4236.031324 4221.890122 4207.020625 4222.650081 4237.620160 4253.439605 4268.281162 4282.459617 4287.261516 4274.681211 4286.900163 4294.691607 
1048576 4270.520061 4266.809672 4258.271307 4246.851429 4231.479019 4219.839349 4208.778962 4200.119525 4184.450954 4172.420129 4157.440737 4139.820114 4131.680354 4116.959870 4125.410691 4145.989195 4153.039306 4174.780101 4194.431007 4212.670028 4228.839651 4248.199984 4253.270105 4259.079695 4266.491160 4273.720086 4280.829802 4293.620586 4300.050437 4307.519644 4318.380728 4322.730005 4324.259236 4321.569577 4313.819110 4311.420023 4311.850294 4310.220480 4301.648587 4292.750731 4291.269928 4281.209782 4271.751270 4261.989146 4232.618958 4214.430228 4222.178832 4238.869995 4242.660478 4229.499027 4218.099639 4204.330966 4194.010049 4175.448790 4164.429381 4169.750959 4183.990881 4198.288545 4214.840010 4230.789840 4237.389192 4251.580685 4263.579845 4268.771037 
1048576 4299.849272 4296.539351 4290.480167 4274.269566 4259.329289 4247.108474 4232.849926 4221.890122 4211.390391 4198.489711 4215.899855 4235.330969 4251.468927 4266.379401 4281.219095 4296.489060 4301.231354 4287.589341 4282.949492 4298.800603 4307.080060 4318.840802 4335.271195 4351.709038 4362.719133 4374.280572 4396.680743 4408.229142 4412.380978 4416.350275 4429.958761 4434.170201 4436.999559 4432.709888 4422.189668 4410.609603 4409.829155 4407.929257 4395.740107 4379.959777 4369.238392 4354.299977 4338.199273 4324.680194 4308.000207 4293.490201 4274.660721 4266.090691 4270.499572 4257.760942 4251.219332 4232.550040 4224.190488 4210.868850 4193.238914 4201.749340 4213.219509 4225.920886 4243.299365 4259.260371 4266.628996 4284.361377 4291.949794 4297.630861 
1048576 4357.120022 4353.160039 4348.520190 4339.858890 4332.641140 4321.280867 4304.939881 4293.201491 4282.901064 4269.830883 4260.849208 4249.129444 4230.929539 4221.100360 4203.950986 4202.481359 4205.601290 4192.288965 4181.949422 4166.180268 4158.470780 4140.719771 4123.460501 4133.008420 4149.528220 4164.230078 4179.270938 4195.060581 4200.799391 4212.681204 4226.811230 4232.089967 4233.550280 4230.668768 4220.169038 4208.808765 4195.069894 4186.140373 4180.610180 4173.720255 4184.359685 4198.649898 4214.888439 4231.929779 4247.820005 4263.900220 4279.728979 4297.209904 4302.199930 4287.898540 4272.731021 4262.579605 4248.719662 4238.368943 4254.480824 4269.368947 4283.029586 4298.910499 4315.720871 4322.709516 4333.209246 4342.660308 4349.499941 4354.920238 
1048576 4193.300381 4183.830693 4171.621054 4155.591130 4145.979881 4132.799804 4121.130332 4109.090194 4100.181162 4087.489098 4076.760262 4074.059427 4082.700238 4099.719226 4114.160314 4129.281268 4134.589806 4122.080281 4115.570337 4130.698740 4141.328856 4152.799025 4165.809602 4181.999713 4193.020985 4204.940051 4226.909950 4237.079993 4241.161048 4247.359931 4260.189831 4265.459254 4267.198965 4263.559356 4254.041240 4243.139178 4243.200645 4241.140559 4227.731377 4206.849262 4199.139774 4183.240235 4165.340215 4154.480994 4139.319062 4148.459062 4163.499922 4180.859774 4185.050726 4170.941189 4160.879180 4144.059494 4134.250805 4122.599959 4107.410088 4112.370312 4124.920815 4140.969366 4157.809541 4172.921181 4178.950563 4165.951163 4179.518670 4190.679640 
1048576 4312.859848 4309.469834 4301.099107 4283.400252 4272.239283 4253.709689 4236.590117 4225.270823 4217.870533 4204.150289 4203.010350 4191.970453 4195.790738 4211.230204 4228.468984 4244.061187 4248.540848 4234.420136 4221.130162 4210.280254 4201.890901 4182.070494 4170.829430 4187.438637 4201.721400 4217.481241 4233.239219 4249.569029 4253.139719 4239.749163 4255.309701 4261.728376 4263.060167 4258.930683 4245.720804 4231.749102 4222.111776 4209.838808 4197.459668 4184.300080 4181.548953 4154.440016 4159.661010 4177.859053 4198.038951 4214.679822 4234.079272 4256.270826 4261.640832 4243.411124 4228.258505 4213.029519 4198.350012 4179.980606 4194.539040 4214.279354 4232.380539 4250.200465 4270.680249 4280.120134 4284.340888 4296.209663 4306.079820 4311.408848 
1048576 4278.710112 4275.470972 4269.519821 4257.259890 4246.629775 4233.120009 4216.879606 4204.800352 4198.219627 4180.449992 4175.689071 4158.090800 4147.460684 4159.389064 4174.988717 4192.329943 4196.738824 4180.921242 4168.979824 4157.250747 4145.519808 4125.829786 4115.579650 4124.719650 4139.320925 4153.819755 4168.929532 4186.609760 4190.919921 4178.740084 4193.728790 4203.399643 4204.679281 4197.631031 4185.220227 4170.659930 4161.089659 4147.799686 4135.748371 4124.620929 4128.050059 4143.260419 4159.770906 4176.300019 4191.739485 4207.801074 4222.530872 4239.659756 4243.450239 4230.199382 4219.649360 4203.369841 4195.149988 4180.340096 4167.340696 4182.739183 4197.681323 4211.841151 4228.848964 4245.160148 4249.639809 4261.959344 4271.781072 4276.679829 
1048576 4246.490076 4237.150773 4225.440323 4213.629290 4202.919081 4189.459607 4178.140312 4165.880382 4159.539938 4140.419886 4128.210247 4133.420065 4149.628803 4164.880142 4179.799929 4196.390510 4201.009870 4185.538739 4174.251109 4160.109907 4151.679575 4140.939564 4155.410454 4171.710461 4185.659811 4200.968891 4216.799513 4223.970696 4239.410162 4245.528951 4250.869155 4255.929962 4257.390276 4254.139960 4250.369966 4247.799516 4235.981032 4223.318771 4211.479798 4196.370021 4187.351093 4172.950983 4166.120663 4164.470360 4180.340096 4196.079448 4212.630913 4228.850827 4235.388711 4220.990464 4205.361009 4195.330665 4184.158519 4171.948880 4153.728485 4170.609638 4185.808823 4201.250151 4217.049107 4233.499989 4239.220172 4223.959520 4232.550040 4244.951531 
1048576 4240.430892 4236.791283 4231.641069 4221.709445 4207.950085 4193.799570 4183.240235 4169.389606 4160.219803 4145.579413 4133.358598 4123.099148 4133.688286 4149.639979 4167.120904 4186.021164 4190.230742 4174.340516 4163.200036 4148.509353 4139.449447 4121.879116 4105.309024 4114.830866 4130.471498 4146.778956 4161.909223 4178.000614 4184.169695 4172.489047 4178.009927 4193.190485 4195.209593 4181.679338 4168.620333 4156.699404 4147.240892 4136.439413 4124.579951 4112.290218 4104.549065 4105.111584 4121.430218 4138.149321 4153.059795 4168.119282 4184.160382 4201.030359 4204.560071 4190.878943 4179.921001 4168.339074 4154.600203 4140.900448 4131.520167 4146.270454 4158.679396 4173.360765 4189.990461 4205.269739 4212.349653 4225.660115 4233.499989 4238.210618 
1048576 4278.721288 4275.150597 4271.591082 4259.420559 4250.209779 4231.769592 4214.480519 4205.210134 4202.410579 4184.259102 4167.759791 4157.749936 4142.720252 4147.930071 4165.079445 4181.489348 4185.810685 4170.311615 4158.860072 4147.101194 4136.949778 4152.540118 4168.801010 4186.559469 4200.600088 4217.028618 4224.378616 4242.010415 4246.421158 4249.960184 4263.879731 4268.350080 4270.669073 4266.459495 4256.511107 4252.819344 4250.191152 4237.649962 4225.650802 4216.820002 4202.149808 4187.870771 4173.249006 4176.368937 4191.290587 4205.890000 4221.970215 4238.890484 4242.790863 4227.900878 4218.550399 4205.970094 4196.519032 4179.170355 4167.519510 4183.990881 4198.610783 4212.308675 4229.350016 4243.440926 4250.770435 4264.898598 4270.920530 4275.949672 
1048576 4286.320880 4282.759503 4279.410467 4267.349839 4251.450300 4240.859300 4229.729995 4215.799272 4205.761477 4193.380475 4181.981087 4163.179547 4154.410213 4136.361182 4129.009321 4144.581035 4150.670022 4135.200754 4122.540355 4107.680172 4098.530859 4084.391519 4073.541611 4085.971043 4100.000486 4115.810618 4130.879417 4149.299115 4153.940827 4139.410332 4149.770364 4160.569981 4161.739722 4153.130576 4141.511396 4130.840302 4126.150161 4117.650911 4113.610834 4128.960893 4135.031253 4150.290042 4167.769104 4182.789475 4199.348390 4213.949665 4230.899736 4247.089848 4250.640050 4237.189889 4226.339981 4210.509360 4200.169817 4188.701510 4173.310474 4191.698506 4205.109552 4221.031442 4236.469045 4251.299426 4257.649183 4272.809252 4278.941080 4284.759983 
1048576 4220.420495 4215.009511 4207.110032 4196.038470 4185.650498 4167.709500 4151.260480 4167.579114 4182.670265 4201.149568 4216.000438 4227.170721 4241.399467 4255.831242 4273.289815 4292.469472 4298.759624 4282.210022 4267.839715 4249.479622 4246.179014 4246.950150 4268.119112 4285.458475 4304.450005 4321.610555 4329.569638 4335.980862 4348.199815 4355.790094 4362.700507 4367.200658 4368.908703 4365.649074 4361.629486 4358.390346 4345.739260 4332.490265 4323.739558 4322.919995 4305.049777 4291.160032 4274.051636 4254.739732 4237.990826 4224.421456 4206.491634 4207.590595 4209.440202 4207.991064 4193.959758 4181.109369 4174.020141 4160.290584 4145.219922 4128.031433 4129.670560 4144.730046 4162.499681 4179.079086 4187.539220 4200.899974 4210.660234 4217.999056 
1048576 4209.389910 4200.989380 4188.450053 4172.369838 4163.289443 4151.629284 4140.030593 4127.399996 4119.731486 4101.799801 4089.718685 4076.899961 4088.640213 4099.499434 4113.890231 4131.549969 4134.889692 4120.090976 4111.049697 4119.940102 4131.739959 4151.880741 4159.178585 4173.800349 4185.969010 4192.998633 4205.400124 4215.409979 4220.580682 4230.240360 4240.728915 4244.409502 4245.949909 4243.670031 4236.189649 4229.560494 4228.740931 4220.088944 4207.609221 4190.361127 4179.468378 4162.389785 4149.818793 4131.909460 4149.228334 4165.720195 4181.319848 4197.809845 4201.630130 4187.628627 4176.629707 4159.839824 4151.219502 4133.131355 4121.379927 4130.009562 4143.498838 4158.768803 4174.910486 4190.670326 4197.910428 4182.890058 4196.060821 4207.989201 
1048576 4238.458350 4234.191030 4223.110154 4210.809246 4199.018702 4186.781123 4174.940288 4163.431004 4152.368754 4137.249663 4125.369713 4112.288356 4110.880196 4128.389060 4146.240652 4162.991419 4166.960716 4152.031615 4136.959091 4126.241431 4115.419462 4101.689905 4088.429734 4102.729261 4116.730765 4133.399576 4151.260480 4168.430343 4174.109548 4187.930375 4196.228459 4200.799391 4202.440381 4199.041054 4194.801673 4185.110331 4172.470421 4157.990217 4138.968885 4128.279164 4118.649289 4129.471257 4146.540537 4162.209108 4177.900031 4193.089902 4209.760576 4220.889881 4221.620038 4216.520116 4203.250632 4192.020744 4177.579656 4165.900871 4153.659567 4140.459001 4151.560366 4167.608917 4183.819517 4199.679941 4203.939810 4216.838628 4230.378196 4236.688837 
1048576 4548.830912 4546.009004 4538.580775 4529.390484 4525.329918 4523.809999 4515.390843 4503.630102 4497.660324 4477.361217 4466.559738 4466.369748 4440.279678 4434.790462 4418.080673 4398.589954 4392.350093 4381.328821 4379.959777 4363.460466 4350.379109 4338.869825 4323.970526 4316.771403 4317.400977 4296.910018 4315.501079 4331.210628 4337.498918 4345.551133 4362.689331 4369.769245 4371.499643 4365.980625 4352.949560 4338.519648 4333.170131 4324.231297 4305.250943 4286.700860 4299.109802 4312.869161 4332.229495 4346.210510 4362.169653 4378.238693 4393.018782 4409.240559 4413.161427 4399.919882 4406.439140 4425.209016 4438.800737 4453.379661 4462.661222 4477.849230 4483.459517 4498.619586 4508.530721 4515.130073 4523.118958 4533.089697 4541.760311 4547.348246 
1048576 4244.940355 4234.090447 4223.030061 4210.809246 4199.789837 4188.610241 4174.649715 4162.589088 4156.859592 4138.009623 4122.899845 4127.049819 4141.649231 4158.029333 4172.740504 4189.610481 4194.108769 4179.939628 4167.480394 4151.949659 4144.720733 4131.160676 4121.510312 4135.889933 4147.419706 4163.328558 4178.360105 4196.129739 4200.229421 4212.990403 4222.620279 4227.619618 4228.649661 4225.548357 4219.729453 4208.790138 4197.429866 4184.599966 4172.619432 4157.509655 4147.998989 4135.999829 4151.560366 4168.499261 4182.908684 4199.350253 4215.920344 4234.289750 4237.631336 4223.300144 4212.150350 4198.729992 4186.930135 4169.220105 4157.420248 4164.468497 4178.250208 4193.549976 4210.680723 4227.399826 4234.129563 4219.330847 4230.050370 4243.070260 
1048576 4428.919405 4425.719380 4415.160045 4404.470325 4405.571148 4399.569705 4389.639944 4370.858893 4363.669083 4349.090159 4336.521029 4331.620410 4309.948534 4303.589463 4287.529737 4274.949431 4267.320037 4265.019670 4252.400249 4237.448797 4229.959100 4217.490554 4205.418751 4190.269858 4186.669365 4204.999655 4222.180694 4241.980612 4247.710109 4257.461056 4270.590842 4275.809973 4277.400672 4273.900762 4262.398928 4253.599793 4245.599732 4229.219630 4211.369902 4199.640825 4199.020565 4214.730114 4232.829437 4248.319194 4264.809191 4279.060289 4294.849932 4311.630502 4315.329716 4301.840439 4291.350022 4296.699539 4311.630502 4321.889952 4331.970587 4347.890615 4361.860454 4369.251430 4389.690235 4398.809746 4403.689876 4410.719499 4421.429709 4427.058622 
1048576 4243.951291 4241.170362 4237.009212 4224.268720 4214.061424 4200.950265 4182.629287 4170.969129 4160.549492 4162.799567 4177.751020 4195.749760 4210.300744 4224.538803 4239.000380 4254.989326 4261.979833 4246.789962 4236.498848 4226.358607 4215.920344 4226.751626 4246.929660 4262.899980 4277.160391 4292.720929 4298.219457 4306.249321 4317.671061 4326.149821 4333.229735 4337.251186 4338.448867 4336.159676 4331.789911 4326.680675 4318.669438 4307.258874 4288.610071 4278.531298 4273.939878 4262.551665 4253.720865 4248.199984 4220.880568 4203.250632 4188.649356 4204.601049 4208.279774 4194.799811 4183.730111 4169.728607 4160.230979 4145.950079 4135.280848 4152.178764 4164.010286 4177.570343 4195.099697 4209.119827 4214.990884 4229.171202 4236.640409 4242.720082 
1048576 4212.740809 4197.789356 4189.658910 4176.879302 4168.178886 4156.919196 4144.750535 4131.739959 4116.060212 4100.330174 4082.798958 4074.679688 4089.638591 4104.200751 4121.160135 4140.369594 4144.759849 4129.210487 4117.570817 4103.250802 4094.669595 4075.000063 4083.469510 4102.891311 4117.401317 4132.831469 4145.309329 4157.150164 4163.421690 4180.889577 4187.040031 4191.370681 4192.929715 4189.589992 4187.230021 4172.369838 4162.849858 4151.439294 4139.371216 4126.401618 4114.979878 4105.450585 4119.548947 4134.928808 4150.869325 4165.289924 4180.768505 4199.920222 4205.530509 4189.090803 4178.291187 4161.201417 4147.469997 4137.141630 4127.779976 4130.519927 4146.760330 4162.020981 4179.539159 4197.599366 4204.791039 4188.681021 4193.479195 4210.431129 
1048576 4294.980317 4292.139784 4287.259653 4281.429574 4275.269806 4257.800058 4240.889102 4232.689738 4217.991605 4206.668586 4194.730893 4191.840068 4203.408957 4219.058901 4233.349115 4252.029583 4255.250096 4240.199924 4228.839651 4218.140617 4204.990342 4193.790257 4211.159423 4225.300625 4239.561036 4255.650565 4271.440208 4279.730842 4294.129089 4300.348461 4306.299612 4310.669377 4312.040284 4309.758544 4305.539653 4302.781075 4294.240847 4276.700318 4267.409444 4251.070321 4240.410402 4227.619618 4211.410880 4200.359806 4192.581400 4201.570526 4217.039794 4234.200343 4237.800837 4223.920405 4212.869331 4200.920463 4191.780463 4178.358242 4192.220047 4209.129140 4223.598167 4237.819463 4254.568368 4261.590540 4274.420440 4281.848669 4287.820309 4293.359816 
1048576 4370.881245 4361.590371 4350.639880 4331.480712 4317.630082 4299.780354 4288.678989 4269.279540 4274.640232 4290.780053 4306.619987 4322.340712 4336.759448 4351.940006 4370.059818 4387.469962 4397.749901 4411.410540 4428.490996 4445.079714 4457.389936 4466.699436 4481.600598 4494.190216 4512.799904 4522.249103 4529.789090 4536.980763 4546.320066 4555.599764 4564.639181 4568.720236 4570.869729 4567.028955 4561.448470 4553.420469 4547.240213 4545.779899 4534.540698 4532.279447 4526.179284 4509.799182 4493.540153 4481.879994 4466.909915 4455.270246 4437.670112 4429.040477 4415.109754 4403.881729 4400.350153 4393.789917 4389.740527 4372.630268 4356.078804 4344.789311 4334.179685 4323.938861 4323.679954 4316.449165 4323.139787 4344.740883 4357.229918 4369.061440 
1048576 4407.199100 4404.131323 4394.179210 4378.471524 4364.660010 4362.631589 4342.788830 4340.671003 4341.490567 4308.689386 4297.731444 4283.159971 4269.070923 4252.128303 4244.579002 4233.241081 4232.611507 4230.430350 4218.390211 4204.640165 4193.330184 4182.200879 4166.848958 4150.731489 4154.181108 4170.229658 4185.330123 4205.210134 4211.699590 4219.159484 4235.049710 4240.930080 4242.589697 4237.869754 4224.980250 4215.348512 4205.979407 4216.810688 4235.830158 4251.150414 4263.920709 4277.529195 4293.719307 4310.319200 4327.150062 4345.640540 4361.771047 4377.638921 4380.898550 4369.659349 4355.369136 4343.779758 4329.320043 4315.860569 4296.761006 4307.739437 4323.730245 4338.398576 4351.850599 4365.740344 4371.140152 4387.479275 4399.910569 4405.910149 
1048576 4219.541326 4205.198959 4195.198417 4185.019061 4174.631089 4162.691534 4153.870046 4137.979820 4126.569256 4109.390080 4093.619063 4084.000364 4098.478705 4114.201292 4129.121080 4146.810621 4151.029512 4136.189818 4124.199972 4110.608250 4100.790247 4089.331254 4104.880616 4120.729864 4135.200754 4151.390865 4166.400060 4174.711183 4188.941792 4194.919020 4201.019183 4206.160083 4207.760096 4203.919321 4200.929776 4197.629169 4189.979285 4172.420129 4161.870107 4143.761471 4136.350006 4122.499377 4121.830687 4140.738398 4155.309871 4170.889035 4188.379273 4207.370803 4212.750122 4195.621237 4185.490310 4169.868305 4154.659808 4141.559824 4123.570397 4138.279706 4154.009745 4168.629646 4186.080769 4204.450175 4211.461172 4195.461050 4200.760275 4217.240959 
1048576 4301.281646 4298.560321 4293.298349 4287.740216 4278.989509 4265.340045 4245.070741 4234.889522 4227.729514 4229.379818 4247.380421 4263.568670 4280.289635 4293.559119 4307.439551 4323.190078 4326.589406 4313.958809 4304.310307 4289.839417 4280.939698 4271.978512 4250.800237 4259.819165 4269.789904 4285.618663 4300.920293 4317.980260 4322.659224 4310.341552 4328.731447 4335.040227 4336.589947 4332.398996 4316.080362 4300.080240 4290.359095 4273.189232 4261.160269 4249.040037 4240.199924 4231.430590 4214.249551 4207.959399 4194.490612 4206.210375 4223.240539 4238.700494 4243.129864 4231.190309 4216.080531 4205.778241 4196.349531 4185.050726 4200.071096 4216.279835 4229.851067 4244.498909 4260.530695 4266.848788 4280.891269 4288.159311 4293.499514 4299.139604 
1048576 4223.750904 4216.799513 4204.550758 4192.071036 4177.259281 4168.840125 4157.360643 4146.508873 4155.829549 4172.271118 4189.681262 4205.200821 4222.169518 4237.769172 4253.121093 4270.890728 4275.200889 4260.949790 4246.540368 4236.040637 4225.188866 4209.680483 4192.119464 4201.790318 4215.959460 4230.650142 4245.769233 4262.700677 4269.259050 4280.980676 4294.211045 4298.930988 4300.229251 4297.660664 4286.620766 4272.978753 4263.291135 4250.539467 4232.620820 4222.540185 4213.860258 4200.890660 4188.979045 4179.639742 4164.168611 4178.410396 4193.460569 4210.099578 4213.768989 4200.249910 4189.560190 4175.899550 4165.049642 4150.209948 4133.811221 4142.740741 4156.481475 4171.339795 4188.811406 4204.539582 4210.190848 4198.029637 4213.130102 4221.869633 
1048576 4216.630012 4209.710285 4197.990522 4180.079326 4169.611260 4156.051204 4145.059735 4135.431722 4126.189277 4136.089236 4152.989015 4170.510918 4185.311496 4202.758893 4219.079390 4236.219451 4242.990166 4227.239639 4215.341061 4201.579839 4189.990461 4170.808941 4158.429801 4174.139351 4188.390449 4204.608500 4222.219810 4241.310060 4246.499389 4229.910672 4233.850166 4249.690101 4251.820967 4237.631336 4225.788638 4214.679822 4204.761237 4193.000495 4180.539399 4170.749336 4159.439355 4145.639017 4128.780216 4140.779376 4157.369956 4171.960056 4186.790437 4204.099998 4207.029939 4193.909466 4182.400182 4169.719294 4158.589989 4141.729325 4125.500098 4135.621712 4149.770364 4164.541140 4180.399701 4196.438938 4201.648757 4189.889878 4205.299541 4214.700311 
1048576 4284.089431 4280.919209 4272.850230 4262.099043 4254.730418 4237.629473 4227.511585 4220.031202 4204.260185 4190.159962 4170.000553 4158.610478 4162.769765 4178.419709 4192.849621 4210.639745 4214.489833 4200.508818 4207.910970 4225.270823 4239.870235 4249.090329 4262.790084 4278.849810 4286.119714 4302.650690 4312.351346 4319.561645 4325.440153 4336.280748 4345.878959 4350.630566 4351.820797 4349.200055 4341.930151 4333.799705 4326.950759 4326.049238 4316.929728 4305.869341 4301.071167 4280.181602 4268.690944 4260.011017 4246.929660 4232.959822 4229.540005 4245.530814 4250.450060 4236.720502 4222.471267 4212.170839 4197.910428 4185.030237 4175.228998 4189.470783 4202.989861 4217.850044 4234.790802 4251.029342 4256.339744 4267.539829 4277.050495 4282.679409 
1048576 4479.391500 4475.239664 4472.009838 4465.980455 4455.581307 4442.200065 4425.689578 4414.780065 4405.289888 4393.801093 4383.370280 4371.739924 4355.710000 4337.610677 4320.461303 4323.000088 4324.309528 4315.679893 4312.159494 4296.850413 4286.080599 4272.248596 4254.709929 4245.311022 4233.911633 4245.039076 4259.448498 4276.040941 4280.621186 4293.689504 4308.680072 4319.470376 4322.228953 4311.399534 4300.668836 4288.459197 4276.288673 4268.260673 4273.289815 4287.119955 4303.770140 4321.470857 4339.100793 4354.670644 4369.540140 4385.398701 4402.069375 4419.360310 4422.569647 4408.050328 4397.230223 4383.649677 4372.188821 4360.198975 4375.860095 4392.439499 4406.061023 4421.150312 4438.780248 4445.729777 4457.408562 4465.730861 4471.400753 4477.219656 
1048576 4205.331206 4200.100899 4183.519632 4168.370739 4159.150645 4145.149142 4133.669659 4122.709855 4115.970805 4103.198647 4105.759785 4121.229053 4136.618227 4151.318222 4166.780040 4182.798788 4186.801612 4171.529785 4161.400720 4147.591069 4139.060155 4125.051200 4114.391282 4115.371034 4129.121080 4146.039486 4161.398858 4179.300740 4184.151068 4173.310474 4187.619314 4195.129499 4196.649417 4191.750661 4179.690033 4163.390025 4154.169932 4141.200334 4121.780396 4111.278802 4101.920873 4096.910357 4113.350064 4130.778834 4148.358479 4163.028672 4177.760333 4192.490131 4195.731133 4184.680060 4172.479734 4161.300138 4150.198773 4131.719470 4119.129851 4125.569016 4140.101373 4153.661430 4170.179367 4185.220227 4190.599546 4178.360105 4196.420312 4204.809666 
1048576 4392.649978 4384.959117 4372.259602 4356.380552 4345.379770 4333.060235 4321.610555 4312.779754 4303.701222 4315.851256 4331.409931 4349.030554 4363.520071 4382.679239 4396.239296 4412.079230 4420.589656 4437.100142 4453.910515 4472.790286 4479.000345 4503.211007 4510.860890 4523.800686 4540.059716 4550.259560 4557.849839 4566.540942 4574.740306 4583.749920 4593.109712 4597.511142 4598.779604 4595.059901 4589.669406 4581.989720 4578.800872 4577.388987 4567.999393 4559.069872 4559.980705 4547.839984 4519.481212 4508.890212 4495.019093 4484.299570 4466.731101 4456.480965 4447.229207 4442.319274 4442.660138 4441.840574 4439.098760 4426.050931 4407.390952 4391.230643 4383.830354 4371.190444 4354.549572 4347.240552 4354.240373 4365.470260 4381.040111 4391.670227 
1048576 4246.169701 4233.250394 4217.291251 4200.750962 4187.321290 4174.230620 4162.730649 4151.459783 4156.989977 4172.179848 4187.541083 4201.039672 4216.190428 4232.099280 4248.309880 4264.781252 4269.680008 4253.959283 4238.760099 4227.649420 4218.149930 4215.938970 4196.280614 4200.929776 4209.510982 4227.889702 4243.660718 4261.061549 4266.889766 4255.380481 4268.700257 4276.979715 4278.728738 4271.829501 4261.439666 4250.450060 4237.588495 4223.128781 4208.220169 4190.418869 4180.319607 4163.069651 4151.729867 4163.499922 4182.869568 4199.830815 4215.801135 4227.358848 4233.090207 4223.689437 4214.050248 4197.640345 4186.540842 4167.219624 4149.889573 4165.649414 4183.679819 4204.479977 4222.379997 4238.110036 4243.550822 4228.441045 4228.960723 4244.929180 
1048576 4266.010597 4262.650385 4258.869216 4246.769473 4231.208935 4218.701273 4200.600088 4189.969972 4179.870710 4165.779799 4154.819995 4146.099091 4134.820774 4127.170891 4142.040387 4158.660769 4163.760692 4149.470478 4137.059674 4122.441635 4113.608971 4099.739715 4085.229710 4101.119936 4114.339128 4131.089896 4147.119820 4164.509475 4168.480635 4154.250026 4166.940227 4175.169393 4177.300259 4170.820117 4157.278687 4145.089537 4134.610295 4126.869142 4115.398973 4109.419882 4116.049036 4130.819812 4148.490727 4162.961617 4178.769886 4193.499684 4209.259525 4226.719961 4230.201244 4215.881228 4205.590114 4193.708301 4183.549434 4171.079025 4153.899848 4173.031077 4185.739905 4199.970514 4216.389731 4231.309518 4236.180335 4252.851009 4258.129746 4264.609888 
1048576 4383.521155 4379.481077 4366.919398 4364.149645 4362.080246 4348.011687 4329.420626 4312.019795 4307.609051 4289.869219 4284.730181 4284.178838 4259.791225 4255.669191 4271.009937 4287.660122 4291.830584 4277.700558 4266.390577 4255.350679 4242.140800 4229.219630 4218.449816 4234.800115 4245.940596 4260.240123 4276.340827 4292.950034 4298.159853 4312.548786 4321.269691 4325.749353 4327.630624 4324.570298 4319.770262 4308.179021 4295.168445 4282.480106 4270.410165 4257.930443 4245.730117 4233.479500 4222.668707 4229.251295 4242.159426 4256.539047 4271.591082 4289.049655 4293.410107 4278.749228 4269.251600 4256.930202 4248.790443 4268.148914 4283.089191 4298.789427 4310.591146 4325.618967 4333.911464 4355.311394 4359.999672 4360.839725 4374.949262 4381.490871 
1048576 4238.950089 4232.918844 4221.620038 4207.551479 4193.559289 4180.058837 4162.639380 4145.300016 4137.780517 4130.858928 4140.080884 4153.639078 4168.741405 4183.489829 4199.469462 4217.790440 4224.240780 4208.769649 4196.530208 4189.141095 4202.939570 4221.890122 4233.159125 4250.768572 4268.398508 4276.240245 4282.619804 4294.000566 4301.540554 4309.080541 4319.230095 4324.231297 4325.490445 4322.120920 4314.720631 4309.888929 4306.199029 4293.439910 4281.310365 4268.409684 4259.599373 4251.619801 4241.269082 4222.609103 4206.560552 4192.750901 4208.959639 4226.470366 4229.791462 4214.778543 4203.179851 4190.498963 4182.929173 4175.839946 4160.370678 4162.898287 4170.639440 4185.730591 4204.740748 4221.720621 4226.829857 4215.858877 4229.148850 4237.990826 
1048576 4229.249433 4225.660115 4217.850044 4206.079990 4197.299480 4183.530807 4172.120243 4153.279588 4145.769402 4131.449386 4119.930789 4115.259275 4129.599780 4143.510014 4159.919918 4177.520052 4181.819037 4166.549072 4151.890054 4141.779616 4136.661068 4123.080522 4125.460982 4142.429680 4152.560607 4169.629887 4186.350852 4197.040573 4207.450897 4218.921065 4225.010052 4229.819402 4232.199863 4228.519276 4227.921367 4215.480760 4208.700731 4196.349531 4178.259522 4166.940227 4155.799747 4141.550511 4126.340151 4126.099870 4142.381251 4157.360643 4174.178466 4191.018641 4196.839407 4181.630909 4168.368876 4154.680297 4144.160077 4130.208865 4117.820412 4134.809598 4146.819934 4161.691293 4179.190844 4195.811227 4200.881347 4211.699590 4221.880808 4227.200523 
1048576 4411.660135 4403.518513 4393.979907 4378.650337 4364.758730 4354.968667 4339.329898 4340.939224 4347.849637 4364.389926 4379.861057 4397.209734 4413.180053 4428.058863 4444.258288 4459.630698 4464.151338 4449.939355 4457.369447 4476.400092 4486.149177 4501.609132 4513.179883 4528.459162 4535.799846 4551.069811 4558.010027 4566.920921 4574.410617 4584.079608 4592.850804 4597.680643 4598.880187 4596.060142 4589.479417 4582.559690 4574.399441 4573.080689 4565.598443 4555.288702 4541.279748 4529.600963 4518.989474 4508.588463 4491.450265 4480.678588 4461.970180 4453.619942 4443.170503 4441.991448 4442.229867 4434.900358 4424.830899 4413.019866 4395.529628 4378.169775 4374.299198 4353.459924 4351.628944 4365.129396 4371.849820 4387.579858 4399.510100 4410.048947 
1048576 4259.230569 4255.659878 4252.150655 4245.130345 4236.510023 4222.469404 4211.619496 4194.069654 4186.149687 4173.839465 4161.819816 4149.610177 4138.851538 4141.049460 4156.539217 4174.329340 4178.261384 4163.259640 4152.288660 4141.639918 4131.110385 4117.438570 4104.210064 4107.350484 4119.871184 4135.699943 4151.739180 4169.600084 4173.601046 4161.130637 4176.938906 4185.220227 4187.269136 4180.479795 4168.650135 4154.641181 4139.639437 4125.999287 4109.140486 4098.551348 4088.619724 4102.090374 4117.999226 4134.321585 4149.300978 4166.560248 4181.910306 4199.380055 4203.449935 4189.761356 4177.680239 4161.609337 4151.519388 4140.850157 4154.691473 4171.539098 4186.529666 4202.669486 4219.220951 4225.330427 4237.920046 4246.240482 4252.890125 4257.140681 
1048576 4474.090412 4470.050335 4459.919408 4456.240684 4454.309121 4440.469667 4427.980632 4415.620118 4405.070096 4391.741008 4377.070814 4365.289584 4358.859733 4341.980442 4325.140268 4306.798801 4305.148497 4303.500056 4291.070625 4277.139902 4269.549623 4258.379340 4242.520779 4227.308556 4227.120429 4243.560135 4260.599613 4280.129448 4286.419600 4296.168685 4308.659583 4314.189777 4315.519705 4312.301055 4302.490503 4293.320701 4283.949733 4265.859723 4248.529673 4258.329049 4274.049774 4288.820550 4305.530339 4321.308807 4337.670282 4352.400079 4367.940128 4384.489730 4388.220608 4374.939948 4364.669323 4349.220544 4342.690110 4358.639941 4373.800009 4390.679300 4405.561835 4420.580342 4428.969696 4444.388673 4450.041801 4454.849288 4466.298968 4472.849891 
1048576 4259.029403 4247.130826 4231.899977 4213.750362 4202.859476 4183.510318 4172.578454 4160.771146 4150.399938 4138.579592 4128.331318 4118.449986 4112.400115 4127.750173 4142.399877 4157.138988 4163.660109 4150.711000 4140.120000 4130.400717 4115.600139 4101.971164 4083.059728 4099.819809 4115.240648 4131.469876 4148.330539 4167.299718 4170.659930 4155.360162 4158.580676 4173.990339 4175.120965 4162.359983 4150.001332 4137.590528 4125.010222 4113.430157 4121.139646 4137.631506 4151.979461 4167.340696 4181.399941 4196.410999 4211.680964 4226.930439 4244.510084 4257.811233 4259.910434 4251.550883 4239.670932 4223.559052 4213.729873 4206.500947 4190.601408 4184.139892 4190.839827 4204.239696 4219.241440 4234.548658 4236.850888 4226.360470 4243.880510 4256.969318 
1048576 4325.348884 4323.549569 4318.699241 4310.078919 4302.738234 4289.139062 4272.369668 4255.151376 4247.011617 4234.159365 4222.370684 4219.569266 4200.890660 4187.690094 4172.408953 4168.469459 4175.551236 4158.800468 4145.991057 4136.230797 4152.089357 4171.999171 4183.780402 4201.000556 4218.129441 4225.790501 4232.089967 4244.308919 4250.759259 4258.999601 4269.478843 4273.559898 4275.370389 4272.470251 4264.220595 4259.491339 4255.808890 4242.761061 4233.919084 4224.028438 4217.419773 4213.580862 4205.379635 4210.919142 4226.339981 4238.490015 4253.741354 4269.810393 4274.869338 4259.848967 4248.799756 4239.849746 4236.279055 4216.870293 4219.740629 4238.691181 4246.970639 4262.300208 4282.388836 4291.750491 4303.118214 4313.629121 4318.738356 4324.700683 
1048576 4255.540669 4250.111058 4237.569869 4220.500588 4210.028797 4192.519933 4176.389426 4165.900871 4156.759009 4143.370315 4131.181166 4120.450467 4121.650010 4136.338830 4150.470719 4168.130457 4172.710702 4157.049581 4151.910543 4169.110209 4175.959155 4197.340459 4207.160324 4223.700613 4233.708605 4245.379940 4262.339324 4272.550344 4276.480526 4284.370691 4297.079518 4300.700501 4302.371293 4298.519343 4289.770499 4280.598834 4277.929664 4276.109859 4263.591021 4263.181239 4240.160808 4228.429869 4211.099818 4201.048985 4197.098315 4210.889339 4225.520417 4242.189229 4244.910553 4230.489954 4220.239818 4210.669547 4199.810326 4191.620275 4169.488326 4178.941250 4186.740145 4202.349111 4218.909889 4236.709327 4242.040217 4231.330007 4246.370867 4254.139960 
1048576 4227.479920 4223.570228 4219.470546 4207.151011 4197.539762 4190.539941 4190.370440 4167.489707 4152.730107 4131.570458 4112.798721 4126.789048 4143.130034 4158.809781 4172.211513 4189.711064 4193.808883 4179.600626 4170.410335 4156.529903 4141.829908 4152.420908 4168.000072 4182.079807 4197.759554 4212.470725 4223.579541 4237.869754 4250.770435 4255.831242 4264.838994 4269.270226 4270.980135 4266.729578 4262.180999 4259.351641 4250.908270 4237.299785 4224.829376 4213.441163 4206.448793 4203.980789 4195.349291 4163.809121 4149.679095 4138.719290 4155.419767 4173.809662 4179.069772 4163.151607 4147.909582 4137.370735 4140.129313 4123.039544 4109.259695 4139.300436 4148.850217 4166.450351 4185.199738 4193.710163 4198.249429 4213.178530 4219.589755 4225.630313 
1048576 4194.648936 4190.189764 4176.730290 4162.030295 4148.209468 4136.571661 4125.561565 4123.238847 4134.271294 4151.750356 4171.010107 4182.089120 4193.918779 4209.229723 4221.789539 4240.399227 4247.300327 4232.240841 4215.698689 4206.558689 4210.021347 4194.160923 4223.730415 4237.169400 4257.271066 4274.560139 4280.779511 4288.880154 4300.070927 4308.030009 4315.171391 4319.870844 4321.308807 4318.710417 4313.381389 4309.069365 4299.281165 4289.399832 4281.319678 4276.569933 4257.928580 4242.660478 4222.990945 4204.090685 4189.129919 4170.700908 4165.370017 4181.470722 4184.560850 4169.940948 4159.489647 4151.098430 4137.279466 4128.810018 4111.791030 4117.248580 4127.150401 4142.399877 4159.729928 4176.540300 4181.491211 4170.769826 4186.030477 4193.520173 
1048576 4228.370264 4221.670330 4206.739366 4189.930856 4182.100296 4168.240353 4157.340154 4151.489586 4135.858268 4122.670740 4107.419401 4089.429975 4094.149917 4109.770060 4125.310108 4143.379629 4147.799686 4132.289439 4121.180624 4105.620086 4097.810015 4083.199427 4069.861025 4089.029506 4099.799320 4116.760567 4131.939262 4148.099571 4150.159657 4137.009382 4154.270515 4159.640521 4161.950201 4158.120602 4143.619910 4127.999768 4118.498415 4111.429676 4099.149257 4095.749930 4102.110863 4116.419703 4134.450108 4152.370617 4169.249907 4185.400903 4199.730232 4215.359688 4219.209775 4206.588492 4195.680842 4182.560369 4169.091582 4154.670984 4136.120901 4148.229957 4162.710160 4176.599905 4193.149507 4208.169878 4213.290289 4201.089963 4217.101261 4227.120429 
1048576 4298.239946 4295.289516 4285.160452 4281.710833 4279.119894 4268.670455 4252.320156 4243.589938 4228.491336 4218.639806 4201.339558 4193.129018 4183.128476 4194.738343 4205.890000 4222.290590 4223.370925 4210.250452 4206.260666 4198.750481 4184.909165 4171.740264 4189.280793 4207.510501 4225.840792 4247.659817 4258.280620 4278.670996 4283.299670 4287.309945 4300.350323 4304.960370 4306.251183 4303.729162 4291.750491 4290.139303 4289.409146 4277.540371 4261.650145 4243.830219 4229.540005 4210.049286 4193.840548 4178.410396 4165.058956 4176.931456 4193.710163 4210.950807 4214.109853 4200.059921 4188.740626 4176.950082 4166.429862 4182.880744 4200.039431 4216.240719 4230.000079 4245.199263 4253.879189 4268.418998 4274.878651 4279.991612 4291.571677 4297.060892 
1048576 4225.920886 4223.080352 4208.728671 4196.710885 4188.051447 4179.999232 4172.259942 4151.590168 4144.798964 4159.299657 4177.710041 4193.449393 4208.859056 4225.298762 4241.351038 4257.360473 4262.430593 4247.749224 4235.791042 4221.471027 4214.499146 4229.791462 4245.460033 4262.069240 4276.920110 4293.588921 4299.320281 4315.730184 4321.509972 4326.829687 4339.169711 4344.020039 4345.370457 4341.900349 4331.870005 4329.629242 4323.530942 4312.681034 4300.659522 4288.369790 4278.808832 4265.679047 4253.970459 4240.510985 4232.220352 4214.668646 4197.269678 4191.139713 4196.919501 4182.519391 4172.509536 4152.920097 4148.630425 4146.968946 4130.860791 4121.569917 4137.050360 4157.051444 4177.419469 4195.630550 4201.238975 4201.781005 4219.839349 4225.010052 
1048576 4368.931055 4363.808781 4355.840385 4339.389503 4328.800365 4311.051220 4299.169406 4287.740216 4277.909175 4266.789183 4265.900701 4280.678928 4294.659942 4309.630021 4326.628521 4345.240071 4353.189841 4371.158779 4384.968430 4405.310377 4421.349615 4433.259368 4439.709708 4450.010136 4468.139261 4477.510229 4483.170807 4492.809996 4500.869662 4509.368911 4518.790171 4522.960633 4525.030032 4521.640018 4514.949396 4509.020597 4504.019395 4503.129050 4492.409527 4488.600418 4486.098886 4467.669874 4451.889545 4442.039877 4423.890263 4413.390532 4395.291209 4385.299981 4377.739504 4377.668723 4377.258942 4365.630448 4356.781021 4338.489845 4326.369613 4306.081682 4298.958927 4294.540733 4309.929907 4325.980321 4333.160818 4350.569099 4360.569641 4366.720095 
1048576 4252.560437 4245.279357 4234.209657 4217.611626 4206.608981 4187.859595 4176.530987 4158.550873 4151.029512 4140.369594 4128.100350 4118.699580 4133.058712 4150.290042 4166.509956 4184.009507 4188.491032 4173.919559 4162.169993 4148.108885 4137.421027 4121.890292 4104.200751 4115.151241 4130.730405 4145.890474 4160.689190 4175.879061 4182.079807 4169.449210 4176.750779 4191.691056 4193.540663 4179.470241 4167.679697 4155.090079 4143.970087 4142.111167 4128.949717 4123.149440 4127.860069 4143.910483 4164.289683 4180.230200 4193.698987 4207.590595 4222.350195 4239.419475 4243.019968 4229.269922 4218.760878 4206.970334 4198.249429 4184.590653 4168.078303 4173.140973 4183.920100 4199.679941 4217.758775 4233.459011 4238.929600 4227.500409 4241.529852 4250.939935 
1048576 4346.230999 4343.539476 4334.438592 4333.449528 4328.498617 4310.499877 4296.278581 4277.618602 4267.539829 4249.580204 4234.040156 4216.641188 4202.619195 4188.779742 4198.370501 4214.659333 4218.989983 4204.669967 4193.369299 4178.049043 4166.970029 4152.670503 4158.491269 4177.771509 4192.529246 4206.189886 4220.560193 4231.471568 4239.238799 4254.801199 4261.489958 4266.029224 4267.539829 4264.218733 4261.830822 4249.790683 4238.529131 4225.209355 4210.021347 4199.901596 4191.270098 4179.410636 4187.669605 4207.398742 4224.060103 4237.130284 4245.879129 4260.748625 4262.760282 4253.169522 4250.280559 4238.689318 4224.369302 4210.690036 4228.351638 4248.199984 4265.248775 4283.981398 4297.880456 4315.989092 4323.819652 4329.439253 4339.490086 4344.770685 
1048576 4275.519401 4272.190854 4268.050194 4257.220775 4250.079393 4237.398505 4227.379337 4207.748920 4201.240838 4186.131060 4169.080406 4162.179306 4145.091400 4139.918834 4131.739959 4151.731730 4155.430943 4138.380289 4126.720130 4112.990573 4106.989130 4094.781354 4080.250859 4100.060090 4108.170047 4123.380408 4137.961194 4156.168550 4158.100113 4146.739841 4166.699946 4170.460626 4172.369838 4169.249907 4151.649773 4135.020077 4122.979939 4111.750051 4090.970382 4096.269608 4102.829844 4117.639735 4134.550691 4149.841145 4165.630788 4181.290045 4197.860137 4214.618355 4219.230264 4206.901416 4192.430526 4179.939628 4170.559347 4157.349467 4171.360284 4187.790677 4202.259704 4218.498245 4236.560315 4242.120311 4250.770435 4262.179136 4268.759862 4274.388775 
1048576 4253.290594 4249.591380 4240.520298 4230.638966 4219.720140 4201.488569 4184.940830 4177.710041 4162.911326 4154.240713 4164.978862 4181.560129 4198.750481 4216.948524 4234.379157 4254.741594 4259.901121 4243.118688 4228.129983 4212.750122 4199.640825 4210.200161 4228.740931 4248.300567 4264.879972 4280.541092 4289.140925 4297.010601 4309.549928 4316.270351 4324.140027 4328.260198 4330.489784 4326.529801 4321.970046 4318.099469 4309.870303 4292.720929 4274.580628 4266.988486 4255.980253 4248.600453 4241.410643 4220.299423 4205.409437 4189.159721 4201.689735 4218.678921 4223.329946 4208.829254 4197.420552 4186.710343 4177.011549 4163.311794 4147.009924 4152.609035 4163.900390 4179.080948 4197.200760 4214.510322 4223.261029 4234.248772 4245.540127 4250.328988 
1048576 4332.959652 4331.000149 4325.488582 4320.420325 4311.259836 4299.340770 4282.638431 4271.520302 4259.908572 4249.500111 4232.039675 4221.009091 4214.309156 4201.529548 4191.860557 4207.918420 4209.199920 4198.469222 4194.870591 4184.760153 4178.000614 4158.578813 4160.029814 4174.720496 4178.941250 4196.679220 4216.659814 4229.320213 4245.528951 4254.490137 4260.919988 4264.870659 4266.399890 4264.160991 4259.478301 4253.908992 4241.859540 4222.379997 4202.650860 4185.650498 4178.160802 4177.460447 4194.758832 4209.069535 4225.019366 4240.129143 4256.010056 4272.699356 4276.229069 4263.868555 4249.559715 4237.970337 4228.709266 4216.318950 4231.071100 4247.909412 4261.769354 4276.620224 4294.190556 4300.169647 4313.010722 4321.239889 4326.948896 4332.549870 
1048576 4270.751029 4266.979173 4258.930683 4247.199744 4235.880449 4221.040756 4208.501428 4198.210314 4187.788814 4185.030237 4180.189222 4145.119339 4139.591008 4157.358781 4173.899069 4184.769467 4191.620275 4182.200879 4169.840366 4153.029993 4142.079502 4128.139466 4115.378484 4132.770002 4144.800827 4164.298996 4183.080047 4199.679941 4203.859717 4199.979827 4219.921306 4223.389551 4225.429147 4221.661016 4206.219688 4186.680540 4167.430103 4154.829308 4135.999829 4124.019295 4124.490544 4141.218960 4159.899428 4177.030176 4191.588610 4204.651341 4219.120368 4236.869514 4240.730777 4225.140437 4215.190187 4206.780344 4191.899672 4184.789956 4164.040089 4173.640162 4181.019962 4195.420071 4212.969914 4231.350496 4238.760099 4252.629355 4263.389856 4269.169644 
1048576 4209.060222 4202.259704 4188.381135 4172.630608 4162.309691 4150.871187 4136.828706 4124.369472 4116.430879 4107.119516 4124.989733 4143.930972 4158.210009 4172.708839 4188.669845 4205.171019 4210.431129 4197.049886 4181.521013 4170.989618 4158.008844 4146.350548 4131.440073 4149.649292 4161.579534 4179.049283 4194.930196 4211.479798 4215.741530 4201.920703 4212.899134 4221.979529 4223.680124 4216.430709 4203.330725 4190.800712 4181.399941 4169.359803 4160.590470 4145.361483 4134.461284 4117.470235 4117.360339 4134.200513 4150.550812 4164.870828 4181.230441 4197.141156 4200.739786 4187.360406 4176.858813 4161.810502 4152.430221 4135.059193 4123.650491 4127.619788 4142.319784 4157.830030 4174.230620 4189.480096 4195.360467 4182.379693 4197.709262 4207.409918 
1048576 4341.170192 4339.210689 4333.170131 4326.431081 4319.038242 4305.351526 4287.330434 4275.871441 4266.001284 4253.279418 4245.420918 4235.940054 4218.980670 4201.959819 4183.810204 4177.959636 4182.979465 4167.869687 4156.960174 4142.679274 4133.999348 4130.879417 4130.650312 4143.560305 4162.600264 4179.669544 4194.870591 4203.660414 4208.041355 4220.848903 4230.650142 4235.019907 4236.809909 4233.760759 4227.330908 4216.499627 4206.301644 4194.868729 4185.430706 4185.110331 4167.260602 4184.689373 4200.318828 4216.318950 4231.721163 4246.558994 4263.728857 4280.440509 4283.880815 4271.641374 4257.090390 4244.990647 4234.818742 4221.709445 4240.689799 4255.101085 4269.428551 4283.649847 4301.639274 4307.840019 4318.930209 4327.690229 4334.460944 4340.140149 
1048576 4216.270521 4210.419953 4198.430106 4183.050245 4168.748856 4155.870527 4145.551473 4132.799804 4125.360399 4116.209224 4133.351147 4149.040207 4165.209830 4180.639982 4195.841029 4212.869331 4217.589274 4203.269258 4188.910127 4177.398980 4163.499922 4152.080044 4135.020077 4145.169631 4159.100354 4175.128415 4190.130159 4207.190126 4211.489111 4199.100658 4215.819761 4224.151373 4225.760698 4219.179973 4205.819219 4193.678498 4178.879783 4169.669002 4153.948277 4143.400118 4133.399576 4120.839760 4125.079140 4140.889272 4156.088457 4170.419648 4185.831174 4202.079028 4207.029939 4191.920161 4184.329882 4167.400301 4158.629104 4147.130996 4127.690569 4137.258977 4148.779437 4163.440317 4181.310534 4197.329283 4203.218967 4192.629829 4206.318408 4214.331508 
1048576 4311.179742 4308.691248 4300.110042 4288.520664 4277.970642 4266.768694 4251.910374 4239.849746 4231.810570 4217.769951 4202.490672 4207.700491 4222.920164 4239.099100 4254.309461 4271.289334 4274.690524 4261.070862 4250.479862 4236.539826 4228.429869 4208.128899 4217.149690 4235.958681 4247.140139 4262.780771 4276.569933 4288.770258 4297.250882 4313.359037 4319.841042 4324.620590 4326.060414 4323.601723 4319.550470 4308.089614 4292.700440 4282.839596 4265.459254 4255.259410 4245.750606 4233.939573 4223.110154 4214.009270 4224.618897 4241.479561 4256.488755 4273.109138 4278.181121 4264.131188 4251.899198 4236.059263 4227.168858 4214.128479 4201.319069 4217.568785 4230.679944 4245.620221 4262.840375 4278.309643 4284.059629 4293.918610 4304.898903 4310.479388 
1048576 4285.151139 4281.189293 4277.279601 4271.000624 4262.089729 4249.030724 4237.039015 4216.449335 4210.649058 4197.588190 4187.539220 4171.039909 4162.849858 4144.370556 4133.520648 4146.650434 4153.789952 4139.279947 4129.029810 4120.999947 4136.400297 4155.779257 4166.530445 4184.929654 4199.178889 4207.219929 4212.658852 4225.621000 4233.060405 4239.588976 4251.210019 4254.620522 4256.989807 4253.620282 4245.148972 4241.980612 4236.280918 4225.570709 4207.650200 4200.719297 4186.678678 4178.000614 4177.130759 4159.791395 4174.800590 4190.118983 4207.009450 4224.129021 4227.750003 4213.539883 4202.809185 4186.000675 4177.210853 4167.340696 4182.178527 4197.619855 4211.310297 4226.790741 4243.940115 4251.150414 4263.410345 4271.320999 4277.519882 4282.850772 
1048576 4217.430949 4211.619496 4198.180512 4184.799269 4171.220586 4158.109426 4139.730707 4127.850756 4119.040444 4106.260836 4103.040323 4118.468612 4135.219380 4153.180867 4170.870408 4189.189523 4194.660112 4179.960117 4175.441340 4195.369780 4205.750301 4222.540185 4235.610366 4255.129024 4261.340946 4266.969860 4280.289635 4289.811477 4294.600338 4304.939881 4315.230995 4320.260137 4321.560264 4318.511114 4310.598597 4302.810878 4302.520305 4294.870421 4278.259352 4267.169163 4252.899438 4241.770133 4224.151373 4223.369062 4216.469824 4197.111353 4187.529907 4204.008728 4207.910970 4193.870351 4181.159660 4172.431305 4161.259159 4151.098430 4135.601223 4139.719531 4149.319604 4164.928570 4182.780161 4198.851064 4204.221070 4193.060100 4207.588732 4216.220230 
1048576 4270.069301 4267.230630 4266.550764 4258.640110 4244.718701 4226.800054 4210.550338 4201.140255 4189.189523 4186.879843 4182.130098 4171.580076 4141.340032 4121.391103 4127.940163 4142.969847 4145.350307 4134.640098 4134.548828 4119.431600 4105.810076 4091.409966 4110.570997 4129.219800 4146.600142 4165.399820 4181.379452 4198.430106 4208.790138 4214.139655 4225.129262 4229.620099 4231.439903 4228.059202 4221.359268 4217.300564 4211.990163 4195.230082 4179.649055 4157.759249 4149.829969 4129.609093 4130.758345 4145.540297 4155.239090 4169.389606 4185.670987 4204.679281 4208.229482 4193.410277 4182.510078 4169.169813 4162.929952 4152.020440 4167.398438 4183.579236 4197.809845 4209.211096 4226.209596 4233.820364 4251.029342 4259.750247 4266.289994 4268.679768 
1048576 4245.089367 4241.738468 4228.629172 4212.860018 4199.359566 4186.758772 4176.050425 4163.220525 4151.429981 4137.368873 4141.680896 4157.099873 4172.928631 4189.718515 4205.411300 4221.420735 4225.770012 4211.470485 4198.798910 4186.529666 4173.010588 4161.790013 4167.789593 4181.979224 4197.811708 4213.489592 4229.439422 4240.779206 4252.159968 4265.040159 4271.499813 4275.750369 4276.979715 4273.738712 4270.449281 4260.629416 4248.289391 4236.219451 4223.808646 4212.560132 4204.111174 4185.739905 4173.658788 4163.209349 4177.941009 4192.760214 4208.540544 4226.740450 4230.950028 4215.490073 4203.738645 4191.780463 4181.219265 4166.830331 4152.020440 4168.208688 4182.709381 4197.910428 4215.130582 4230.279475 4233.550280 4221.869633 4237.901419 4243.470728 
1048576 4275.459796 4271.641374 4263.119772 4252.439365 4240.838811 4222.540185 4211.390391 4199.299961 4193.199798 4178.760573 4162.911326 4151.619971 4134.530202 4127.381369 4132.419825 4150.001332 4154.849797 4138.451070 4127.480090 4113.400355 4103.660583 4099.220037 4110.900685 4123.579711 4137.918353 4154.639319 4170.609638 4179.079086 4194.378853 4199.840128 4206.439480 4210.870713 4212.580621 4209.360108 4206.119105 4203.069955 4194.550216 4193.751141 4163.600504 4157.651216 4142.209888 4147.779197 4164.339975 4181.530327 4197.239876 4212.299362 4227.139056 4243.589938 4247.430712 4233.419895 4223.810509 4210.729152 4199.011251 4184.611142 4168.679938 4174.720496 4188.809544 4203.040153 4221.100360 4236.890003 4243.489355 4257.349297 4268.679768 4273.608327 
1048576 4301.771522 4297.330976 4293.899983 4281.878471 4266.040400 4254.288971 4242.399707 4229.899496 4219.140857 4209.499806 4193.151370 4182.530567 4165.720195 4148.509353 4142.399877 4158.789292 4163.619131 4148.209468 4136.908799 4126.070067 4118.191078 4134.841263 4152.560607 4168.201238 4180.289805 4196.278751 4202.319309 4224.849865 4229.258746 4230.139777 4245.150834 4249.678925 4251.530394 4247.801378 4236.239940 4233.300686 4233.229905 4217.879847 4198.750481 4188.930616 4178.069532 4173.899069 4180.951044 4198.148847 4213.541746 4228.349775 4244.429991 4261.050373 4265.379161 4250.690341 4240.728915 4224.779084 4215.130582 4203.060642 4188.969731 4206.420854 4220.180213 4235.029221 4250.921309 4265.630618 4272.369668 4287.719727 4293.130711 4298.970103 
1048576 4232.760519 4225.188866 4212.200642 4196.399823 4185.970873 4172.969609 4161.400720 4148.360342 4140.539095 4121.551290 4120.869562 4133.880138 4148.500040 4164.980724 4180.468619 4198.148847 4203.159362 4187.960178 4175.528884 4161.870107 4148.000851 4144.819453 4123.639315 4132.529721 4144.530743 4161.350429 4176.909104 4195.280373 4201.849923 4186.850041 4193.959758 4208.900034 4210.390151 4198.219627 4187.030718 4175.629467 4165.960476 4155.129194 4136.908799 4119.960591 4115.670919 4123.400897 4141.269252 4157.559946 4173.260182 4187.909886 4204.029217 4220.560193 4223.549739 4212.349653 4197.409377 4186.101258 4171.779379 4160.601646 4148.090258 4152.709618 4166.560248 4181.629047 4197.740927 4213.999957 4218.500108 4206.068814 4220.999777 4231.419414 
1048576 4422.761500 4416.741431 4403.941333 4387.099296 4376.359284 4357.630387 4346.400499 4334.790632 4324.991256 4312.038422 4299.979657 4287.790507 4281.179979 4264.799878 4258.750007 4269.119352 4274.958745 4257.839173 4245.530814 4239.771515 4235.271364 4219.550639 4242.090508 4258.850589 4279.479384 4299.281165 4306.500778 4315.091297 4327.578470 4333.708435 4341.598600 4346.000031 4348.201677 4344.739020 4339.380190 4336.081445 4327.310249 4320.530221 4309.900105 4289.729521 4297.619686 4313.100129 4332.339391 4349.289462 4364.389926 4377.391189 4391.688854 4408.828914 4412.399605 4398.109391 4387.469962 4378.279671 4367.189482 4349.371418 4339.460284 4340.780899 4355.078563 4370.460287 4386.749119 4402.849823 4407.679662 4396.429285 4411.920905 4420.749843 
1048576 4376.709461 4373.580217 4370.350391 4351.681098 4336.569458 4318.399355 4304.530099 4287.511110 4276.219755 4255.790263 4232.881591 4217.131063 4201.849923 4217.829555 4234.328866 4251.070321 4254.369065 4239.119589 4226.058722 4210.859537 4202.179611 4193.549976 4181.900993 4182.660952 4194.490612 4212.509841 4229.679704 4249.369726 4252.739251 4241.770133 4257.980734 4264.209419 4265.390337 4261.419177 4248.570651 4237.109795 4221.558571 4208.400846 4193.369299 4198.500887 4214.718938 4229.020327 4239.760339 4253.970459 4271.881655 4289.310426 4305.079579 4320.099950 4326.179624 4315.430298 4300.668836 4281.990230 4274.019971 4267.310724 4265.211523 4278.870299 4281.248897 4295.600578 4314.759746 4332.689568 4344.221205 4363.330081 4369.178787 4375.569522 
1048576 4417.398944 4413.651302 4408.620298 4403.170198 4394.549876 4381.248727 4370.098934 4352.029413 4343.379289 4330.620170 4320.699722 4310.108721 4295.440391 4279.140383 4266.848788 4253.840074 4258.878529 4239.929840 4224.330187 4214.718938 4208.728671 4212.850705 4228.999838 4244.200885 4256.770015 4271.060228 4284.000024 4294.769838 4310.511053 4317.490384 4324.078560 4328.731447 4330.350086 4326.300696 4323.668778 4319.529980 4307.439551 4296.651110 4289.809614 4271.620885 4261.050373 4257.690161 4275.370389 4291.391000 4306.711257 4321.690649 4339.409992 4356.920719 4360.660911 4346.830770 4334.909841 4318.090156 4311.028868 4298.210144 4313.658923 4330.670461 4344.388843 4358.671606 4376.230761 4383.249208 4395.449534 4403.380677 4409.270361 4415.830597 
1048576 4220.390692 4208.669066 4196.871072 4184.940830 4175.880924 4161.639139 4152.439535 4139.199853 4132.770002 4131.169990 4149.289802 4166.919738 4180.449992 4191.320390 4204.519093 4219.330847 4222.389311 4208.359867 4200.980067 4196.079448 4186.149687 4171.779379 4192.229360 4208.320752 4227.129743 4246.940836 4256.350920 4275.279120 4280.710593 4285.920411 4298.439249 4302.369431 4304.260015 4301.318899 4290.839657 4288.770258 4284.460098 4273.358732 4264.529794 4237.320274 4230.700433 4209.879786 4198.448732 4181.729630 4167.879000 4175.109789 4191.471264 4209.440202 4214.350134 4199.950024 4187.889397 4172.541201 4162.710160 4145.119339 4134.230316 4140.699282 4155.199975 4171.120003 4189.139232 4205.320030 4212.420434 4197.789356 4203.720018 4218.980670 
1048576 4273.530096 4271.449521 4267.590120 4253.130406 4238.849506 4225.660115 4208.279774 4198.500887 4187.090322 4174.940288 4162.250087 4149.369895 4143.301398 4127.379507 4141.630605 4156.768322 4160.359502 4147.799686 4135.301337 4124.440253 4121.860489 4121.519625 4139.559343 4149.319604 4163.989797 4180.489108 4191.149026 4205.020145 4219.770432 4225.360230 4232.671112 4236.370325 4238.259047 4235.219210 4231.709987 4228.301346 4218.939692 4202.051088 4189.560190 4171.259701 4163.719714 4152.590409 4153.110087 4166.210070 4181.331024 4197.098315 4213.349894 4232.060164 4235.511646 4220.800474 4209.218547 4194.099456 4184.169695 4172.848538 4159.318283 4174.619913 4188.340157 4202.669486 4220.468923 4237.009212 4243.910313 4261.219874 4266.399890 4272.071645 
1048576 4350.818694 4347.490147 4342.751577 4331.208766 4316.641018 4306.400195 4288.818687 4279.190674 4269.460216 4255.138338 4247.849807 4237.700254 4220.141098 4203.040153 4185.460508 4172.978923 4176.950082 4161.249846 4150.999710 4140.509292 4130.359739 4116.449505 4131.600261 4149.049520 4161.469638 4176.370800 4191.938788 4200.240597 4214.528948 4219.939932 4227.910191 4231.220111 4233.090207 4229.970276 4226.889461 4222.540185 4212.910309 4198.979586 4178.790376 4187.170416 4202.039912 4215.229303 4231.549799 4247.669131 4264.999181 4279.470071 4295.300692 4312.520847 4316.410050 4302.019253 4292.581230 4275.619984 4265.159369 4252.729937 4240.801558 4258.479923 4268.959165 4284.990951 4300.940782 4316.309467 4322.001711 4335.841164 4344.411194 4348.929971 
1048576 4262.719303 4259.411246 4254.430532 4248.570651 4239.948466 4228.670150 4214.281216 4204.010591 4189.070314 4177.071154 4166.429862 4148.600623 4139.769822 4132.600501 4148.790613 4167.420790 4173.560068 4157.699645 4144.649953 4130.840302 4115.648568 4113.730043 4115.890712 4132.298753 4150.699824 4167.418927 4185.318947 4193.920642 4198.201001 4209.199920 4219.811410 4224.339500 4225.829616 4222.789779 4215.279594 4204.159603 4193.320870 4181.079566 4169.510677 4169.169813 4155.239090 4134.749994 4121.670499 4136.780277 4153.458402 4167.919978 4184.689373 4201.149568 4204.779863 4191.119224 4179.378971 4164.328799 4156.069830 4145.938903 4160.730168 4175.739363 4190.789536 4205.670208 4222.638905 4229.530692 4241.511226 4249.509424 4255.771637 4261.450842 
1048576 4223.829135 4219.420254 4206.718877 4189.269617 4175.610840 4164.529964 4153.350368 4140.179604 4133.550450 4114.950076 4102.539271 4091.359675 4100.559279 4116.119817 4131.648690 4150.448367 4154.991359 4138.661548 4126.640037 4112.370312 4103.770480 4096.629098 4113.079980 4123.970866 4137.581214 4154.369235 4170.700908 4178.721458 4192.980006 4199.650139 4206.059501 4209.849983 4211.731255 4208.149388 4204.878584 4201.760516 4192.801192 4178.669304 4159.599543 4149.109125 4139.309749 4120.489582 4125.699401 4140.730947 4155.870527 4171.039909 4186.909646 4204.949364 4209.060222 4193.169996 4183.590412 4171.630368 4159.860313 4145.100713 4132.321104 4147.810861 4163.678735 4179.021344 4193.520173 4209.408537 4212.070256 4199.769348 4214.968532 4221.890122 
1048576 4346.020520 4343.589768 4335.289821 4324.991256 4311.259836 4297.299311 4279.609770 4268.668592 4259.258509 4247.078672 4235.990345 4225.669429 4211.498424 4230.840132 4249.010235 4260.020331 4264.080897 4256.911576 4242.038354 4225.939512 4211.260006 4192.410037 4174.301401 4159.908742 4174.729809 4194.410518 4211.720079 4232.341424 4238.020629 4238.849506 4258.170724 4268.219694 4269.631580 4261.160269 4244.901240 4228.999838 4213.429987 4199.231043 4178.600386 4188.610241 4200.428724 4217.879847 4236.610606 4252.549261 4268.920049 4281.520844 4296.140745 4313.420504 4317.170009 4302.300513 4290.929064 4284.361377 4270.099103 4257.850349 4239.030182 4247.460514 4256.909713 4272.740334 4290.619865 4307.920113 4316.490144 4329.739138 4339.050502 4344.388843 
1048576 4272.900522 4270.020872 4266.880453 4262.430593 4253.428429 4239.499569 4221.249372 4210.559651 4201.369360 4187.069833 4169.838503 4162.291065 4152.880982 4135.798663 4124.550149 4136.109725 4141.120240 4126.450047 4111.889750 4097.569734 4091.480747 4106.618464 4123.140126 4140.859470 4154.730588 4169.838503 4176.659510 4198.359326 4201.840609 4206.608981 4218.960181 4224.181175 4225.838929 4221.750423 4210.891202 4210.529849 4203.548655 4192.451015 4175.579175 4165.370017 4155.561328 4142.310470 4132.360220 4148.248583 4162.529483 4178.300500 4194.010049 4212.690517 4216.071218 4200.009629 4191.799089 4176.240414 4168.771207 4154.419526 4170.000553 4186.600447 4200.490192 4215.680063 4232.838750 4239.439964 4254.899919 4260.310903 4265.788943 4271.369427 
1048576 4274.649546 4272.010177 4268.418998 4265.720025 4252.379760 4239.598289 4225.509241 4210.539162 4201.510921 4187.490791 4179.861397 4195.440561 4211.600870 4227.600992 4244.949669 4264.140502 4269.881174 4253.670573 4238.659516 4228.411242 4214.160144 4195.328802 4183.350131 4194.298759 4208.780825 4225.948825 4243.031144 4262.018949 4269.059747 4253.039137 4256.818444 4273.401573 4275.368527 4260.230809 4247.859120 4237.329587 4228.169098 4216.130823 4205.290228 4196.850583 4182.249308 4167.610779 4155.358300 4149.278626 4164.639860 4178.339615 4194.188863 4212.969914 4216.950387 4201.360047 4189.109430 4179.188982 4165.910184 4156.110808 4171.209410 4186.511040 4200.929776 4216.199741 4234.159365 4240.769893 4257.811233 4263.920709 4270.540550 4272.829741 
1048576 4389.040172 4381.129518 4369.990900 4350.541160 4335.628822 4317.950457 4299.299791 4288.000986 4298.370332 4312.839359 4330.389202 4346.119240 4361.189902 4375.690594 4393.080249 4411.678761 4423.210397 4437.640309 4451.500252 4469.381645 4485.130310 4492.448643 4504.879937 4516.819492 4535.330459 4544.429481 4548.760131 4558.039829 4569.109529 4576.209933 4584.480077 4589.129239 4590.930417 4587.220028 4581.889138 4576.049745 4571.029916 4569.558427 4558.259621 4555.018619 4552.410915 4534.499720 4519.259557 4502.730444 4494.149238 4482.630640 4470.190033 4450.660199 4441.939294 4430.100322 4418.451339 4412.628710 4409.531131 4392.148927 4374.189302 4365.900531 4352.239892 4350.099713 4346.100613 4336.068407 4343.209788 4365.110770 4377.039149 4387.740046 
1048576 4221.141338 4218.110815 4205.860198 4195.459187 4189.830273 4172.200337 4155.600443 4143.908620 4135.299474 4116.320983 4104.141146 4117.600620 4132.671282 4149.230197 4164.710641 4181.139171 4185.959697 4171.241075 4157.019779 4146.050662 4133.250564 4119.951278 4100.859165 4111.688584 4125.481471 4142.839462 4157.209769 4174.530506 4180.209711 4166.159779 4179.900512 4190.789536 4193.149507 4184.348509 4171.499982 4159.929231 4144.920036 4134.660587 4121.618345 4111.928865 4102.850333 4096.440971 4112.258554 4127.079621 4140.339792 4154.460505 4170.970991 4187.991843 4194.119945 4177.670926 4163.268954 4151.141271 4145.650193 4134.848714 4118.489102 4122.350365 4132.140428 4148.721695 4167.919978 4185.089841 4192.629829 4199.551418 4213.679582 4219.541326 
1048576 4320.960492 4317.589104 4312.219098 4300.819710 4291.189834 4274.310544 4263.039678 4244.849086 4232.559353 4217.769951 4199.638963 4204.310477 4214.890301 4228.100181 4245.070741 4262.460396 4265.870899 4251.549020 4238.560796 4229.949787 4223.009571 4212.370142 4225.829616 4241.481423 4255.641252 4268.940538 4283.530638 4290.729761 4306.720570 4315.240309 4320.869222 4324.829206 4326.069728 4323.769361 4319.949076 4316.510633 4300.089553 4287.390038 4268.730059 4252.310842 4245.260730 4232.911393 4223.460332 4218.289629 4228.951409 4246.760160 4265.001044 4281.410947 4285.529256 4271.730781 4256.831482 4239.970818 4227.800295 4209.920764 4197.349772 4214.460030 4232.989624 4251.459613 4270.520061 4286.671057 4293.520004 4306.850955 4313.770682 4319.049418 
1048576 4208.529368 4200.950265 4188.191146 4177.030176 4163.540900 4152.249545 4140.509292 4128.349945 4119.269550 4100.909457 4118.949175 4135.699943 4151.249304 4167.579114 4182.368517 4197.340459 4202.270880 4189.249128 4177.939147 4166.970029 4152.558744 4140.030593 4121.819511 4131.549969 4145.970568 4158.740863 4173.640162 4190.389067 4196.180031 4182.210192 4196.250811 4207.611084 4209.719598 4200.460389 4185.600206 4170.538858 4158.420488 4145.799205 4133.861512 4124.049097 4115.069285 4104.768857 4115.309566 4132.159054 4147.591069 4161.790013 4178.188741 4194.710404 4198.839888 4184.890538 4171.689972 4159.018397 4149.299115 4136.580974 4118.930548 4127.770662 4140.539095 4156.388342 4173.759371 4189.169034 4195.110872 4182.199016 4196.349531 4206.439480 
1048576 4215.909168 4211.720079 4198.720679 4183.039069 4171.650857 4153.089598 4136.839882 4125.790671 4118.090495 4107.551649 4119.940102 4137.260839 4151.681438 4167.459905 4184.100777 4199.739546 4203.939810 4190.608859 4175.148904 4165.349528 4159.590229 4173.729569 4188.390449 4205.761477 4220.578820 4236.020148 4241.749644 4261.719063 4265.500233 4269.989207 4283.629358 4288.360476 4289.910197 4286.870360 4274.699837 4272.380844 4269.050434 4258.239642 4246.190190 4228.658974 4221.448675 4207.290709 4196.628928 4183.700308 4168.130457 4170.699045 4186.859354 4202.570766 4205.459729 4191.720858 4180.159420 4170.300439 4162.169993 4148.930311 4132.378846 4137.730226 4148.250446 4163.321108 4180.639982 4198.711365 4203.310236 4192.471504 4207.720980 4214.819521 
1048576 4385.460168 4380.809143 4367.809743 4350.889474 4339.838400 4321.409389 4305.090755 4293.920472 4284.160212 4270.790145 4259.509966 4250.131547 4245.759919 4227.260128 4242.910072 4261.929542 4268.720746 4251.610488 4236.599430 4222.670570 4211.749882 4196.720198 4187.049344 4199.791700 4216.549918 4232.039675 4250.269383 4271.838814 4278.300330 4300.739616 4306.910560 4311.438650 4313.221201 4310.080782 4307.039082 4288.129508 4270.188510 4260.281101 4249.271005 4247.559234 4259.979352 4277.430475 4296.569154 4312.200472 4326.889291 4338.679835 4354.489967 4371.348768 4374.790937 4359.010607 4348.719493 4341.199994 4332.110286 4320.079461 4298.700020 4307.929426 4316.089675 4330.430180 4350.308329 4367.079586 4371.900111 4362.219945 4376.301542 4383.860156 
1048576 4399.439320 4396.500066 4385.000095 4375.880584 4377.419129 4368.759692 4368.159920 4345.810041 4330.929369 4311.630502 4292.570055 4276.029766 4262.018949 4244.050011 4226.719961 4213.308915 4227.820784 4244.700074 4258.031026 4275.171086 4284.348339 4292.378202 4308.070987 4320.029169 4339.559004 4347.650334 4353.201017 4365.259781 4373.529926 4380.580038 4390.479997 4395.131022 4396.900535 4393.558949 4385.679960 4382.070154 4376.439378 4374.580458 4363.659769 4359.539598 4354.801029 4331.540316 4317.140207 4305.489361 4297.170788 4283.929244 4271.261394 4286.140203 4289.969802 4274.830222 4270.900041 4262.950271 4252.899438 4269.199446 4289.360717 4310.211167 4328.260198 4338.489845 4360.519350 4369.288683 4374.230281 4379.959777 4392.368719 4397.949204 
1048576 4237.789661 4234.449938 4224.998876 4213.100299 4202.378914 4189.370200 4171.429202 4160.331562 4150.608554 4138.089716 4126.049578 4116.740078 4107.831046 4096.299410 4112.320021 4128.720611 4132.870585 4118.649289 4106.340930 4093.730822 4086.669534 4101.980478 4117.850214 4133.569077 4148.211330 4165.010527 4172.489047 4192.790017 4196.779802 4199.130461 4213.420674 4218.369722 4219.841212 4216.050729 4205.010831 4203.809425 4204.191267 4186.330363 4175.759852 4161.169752 4150.379449 4135.308787 4124.369472 4134.619609 4150.360823 4166.649655 4182.260484 4198.940471 4205.590114 4190.899432 4181.550816 4168.521613 4157.681018 4144.120961 4127.880558 4144.690931 4157.951102 4172.120243 4189.228639 4205.370322 4210.520536 4218.179733 4230.730236 4236.219451 
1048576 4387.099296 4384.130239 4380.378872 4374.850541 4366.299137 4353.228956 4336.489365 4324.749112 4317.099229 4302.971065 4292.240366 4278.078675 4291.079938 4306.729883 4320.519045 4339.730367 4346.109927 4329.999909 4316.739738 4298.740998 4311.209545 4333.570600 4352.441058 4370.130599 4386.980087 4394.350573 4401.160404 4418.179393 4422.789440 4428.820685 4441.319034 4445.619881 4446.780309 4444.608465 4433.140159 4429.709166 4426.199943 4417.659715 4405.559972 4393.549636 4393.819720 4375.759512 4357.719794 4339.901730 4323.959351 4305.750132 4310.689867 4326.989874 4331.100732 4318.321124 4304.481670 4294.069484 4280.820489 4269.849509 4287.680611 4302.328452 4316.469654 4331.180826 4348.250106 4353.988916 4367.619753 4375.150427 4380.710423 4385.819659 
1048576 4246.400669 4243.159667 4229.970276 4212.331027 4198.219627 4184.940830 4168.128595 4155.719653 4147.429019 4134.999588 4123.160616 4112.429917 4107.510671 4119.699821 4134.221002 4151.590168 4158.020020 4141.120240 4125.779495 4121.759906 4118.621349 4139.930010 4158.640280 4178.749397 4198.439419 4206.730053 4212.619737 4229.899496 4235.439003 4239.620641 4252.489656 4257.140681 4259.010777 4255.961627 4245.631397 4242.150113 4239.270464 4227.910191 4221.590236 4218.779504 4201.140255 4182.809964 4164.930433 4174.560308 4189.239815 4203.129560 4216.900095 4233.490676 4235.519096 4221.519455 4214.059561 4205.340520 4194.149747 4181.290045 4160.899669 4169.579595 4177.249968 4192.780703 4211.051390 4228.388891 4232.330248 4223.039374 4238.380119 4244.750366 
1048576 4237.679765 4224.600270 4211.189225 4197.480157 4187.589511 4174.619913 4164.369777 4154.270515 4145.979881 4135.699943 4116.479307 4116.151482 4130.519927 4146.769643 4162.820056 4182.469100 4189.830273 4169.568419 4158.860072 4143.118858 4140.039906 4125.699401 4116.699100 4134.470597 4141.161218 4155.749455 4170.160741 4190.459847 4192.560911 4180.649295 4204.368219 4208.641127 4210.699350 4207.009450 4187.310115 4170.970991 4156.339914 4138.460383 4120.958969 4109.529778 4106.190056 4123.510793 4142.520949 4156.541079 4174.951464 4189.049825 4205.489531 4218.429327 4224.650562 4214.821383 4204.791039 4191.989079 4177.920520 4160.329700 4143.949598 4161.050543 4177.600145 4193.389788 4212.189466 4228.530452 4233.460873 4219.090566 4219.409078 4236.100242 
1048576 4388.440400 4385.590553 4373.939708 4363.430664 4352.869466 4340.430722 4329.361022 4319.731146 4304.150119 4290.360957 4282.658920 4298.649728 4314.770922 4329.739138 4344.951361 4361.981526 4366.030917 4351.200536 4359.198734 4376.960918 4384.659231 4402.860999 4414.439201 4429.731518 4436.289892 4454.798996 4462.260753 4468.819126 4477.139562 4487.669095 4495.639354 4500.279203 4501.270130 4498.591647 4492.878914 4485.709593 4476.159811 4475.271329 4473.559558 4457.060248 4443.550482 4431.290552 4419.080913 4407.610744 4392.288625 4380.920902 4362.849519 4373.250529 4373.639822 4370.341077 4355.169833 4343.928769 4329.361022 4317.779094 4306.219518 4292.350262 4304.610193 4319.690168 4335.450009 4352.560267 4357.861355 4368.210211 4381.088540 4387.130961 
1048576 4247.229546 4244.711250 4242.530093 4238.318652 4224.760458 4207.029939 4189.901054 4178.961739 4167.450592 4161.259159 4159.739241 4152.089357 4165.299237 4179.319367 4195.021465 4212.129861 4216.680303 4202.431068 4190.240055 4178.250208 4171.239212 4188.330844 4203.841090 4217.900336 4233.660176 4249.088466 4256.369546 4277.300090 4281.578586 4283.260554 4298.441112 4302.138463 4304.369912 4301.229492 4288.690165 4286.959767 4284.730181 4272.589460 4261.069000 4240.538925 4232.829437 4222.020507 4202.909768 4196.131602 4182.068631 4171.790555 4170.220345 4187.129438 4191.000015 4175.430164 4166.729748 4155.449569 4148.578271 4134.671763 4148.740321 4167.329520 4180.420190 4192.810506 4208.588973 4213.878885 4229.720682 4237.109795 4243.139178 4245.189950 
1048576 4231.691360 4216.309637 4199.480638 4188.040271 4176.879302 4164.861515 4157.088697 4140.220582 4128.329456 4114.370793 4099.041224 4092.890769 4103.180021 4116.700962 4130.709916 4149.930552 4155.879840 4139.540717 4123.868421 4117.488861 4118.800163 4106.670618 4098.551348 4114.758223 4126.679152 4145.961255 4163.360223 4174.388945 4178.170115 4191.489890 4200.020805 4204.969853 4206.029698 4203.351215 4197.550938 4185.581580 4180.999473 4172.038287 4156.930372 4145.519808 4128.839821 4145.409912 4160.549492 4177.860916 4194.859415 4210.429266 4224.659875 4241.259769 4241.950810 4230.530933 4220.848903 4208.039492 4196.591675 4177.700728 4168.231040 4173.850641 4187.848419 4201.939330 4218.880087 4235.988483 4240.280017 4224.969074 4215.300083 4230.478778 
1048576 4327.569157 4322.050139 4311.310127 4299.370572 4290.420562 4284.979776 4276.100546 4270.829260 4275.521263 4293.050617 4309.909418 4327.239469 4341.630265 4356.918857 4372.248426 4389.841110 4393.668845 4378.600046 4385.769367 4403.188825 4410.680383 4434.131086 4442.190751 4457.481205 4463.801160 4480.609670 4489.449784 4496.879876 4504.131153 4514.250904 4523.789510 4529.081285 4531.010985 4527.330399 4520.069808 4512.120038 4503.771663 4499.308765 4498.939961 4486.059770 4469.851032 4458.149895 4446.869716 4436.559975 4423.500970 4410.669208 4398.290068 4380.989820 4371.710122 4355.469719 4357.300699 4353.890195 4341.620952 4328.539595 4310.579970 4299.340770 4290.720448 4279.458895 4271.660000 4288.839176 4296.081141 4305.290058 4318.980500 4326.470196 
1048576 4278.488457 4276.160151 4267.958924 4256.291315 4247.579724 4227.008671 4210.738465 4197.940230 4192.931578 4175.828770 4168.270156 4168.149084 4140.650854 4153.929651 4169.279709 4187.950864 4193.590954 4177.181050 4165.289924 4148.419946 4140.079021 4122.819752 4110.701382 4118.619487 4135.031253 4152.389243 4167.340696 4186.080769 4193.520173 4177.050665 4184.460267 4199.190065 4200.849682 4188.960418 4178.889096 4168.238491 4159.038886 4150.489345 4138.998687 4127.269611 4132.570699 4149.759188 4169.510677 4186.289385 4203.051329 4216.318950 4230.469465 4245.629534 4249.619320 4235.779867 4227.560014 4216.639325 4201.460630 4191.771150 4173.079506 4181.820899 4189.899191 4204.960540 4222.311080 4239.959642 4248.438403 4262.739792 4272.079095 4277.240485 
1048576 4222.931340 4206.920043 4192.739725 4180.300981 4171.131179 4159.390926 4147.399217 4135.411233 4135.070369 4152.020440 4169.780761 4187.650979 4202.149808 4219.109192 4233.649001 4249.989986 4253.609106 4239.400849 4227.058962 4215.359688 4206.141457 4187.388346 4175.430164 4181.038588 4194.818437 4210.181534 4224.630073 4241.410643 4247.929901 4264.010116 4275.040701 4279.511049 4280.930385 4278.289154 4271.408543 4260.079935 4242.919385 4232.769832 4215.238616 4202.790558 4196.230322 4183.549434 4171.850160 4170.618951 4186.781123 4202.339798 4214.961082 4226.990044 4228.809848 4225.190729 4217.119887 4201.089963 4192.989320 4179.019481 4159.068689 4148.170352 4158.059135 4176.130518 4193.829373 4209.939390 4214.460030 4199.709743 4203.239456 4221.878946 
1048576 4373.900592 4370.391369 4365.211353 4350.438714 4336.981103 4323.281348 4305.610433 4295.188934 4288.468510 4276.400432 4268.020391 4247.769713 4231.929779 4222.061485 4237.769172 4255.320877 4260.459915 4244.470969 4230.299965 4221.230745 4209.790379 4199.130461 4186.019301 4188.889638 4200.650379 4216.730595 4232.371226 4252.281040 4259.480163 4269.709811 4282.061011 4286.179319 4288.239405 4285.179079 4275.729880 4267.130047 4258.610308 4240.769893 4222.869873 4215.760157 4202.658311 4213.659093 4228.899255 4245.629534 4262.959585 4281.301051 4299.869761 4321.871325 4326.419905 4308.579490 4294.950515 4278.860986 4264.488816 4247.350618 4258.170724 4279.090092 4297.260195 4314.269871 4332.140088 4340.240732 4344.530404 4359.068349 4366.729409 4372.540861 
1048576 4319.230095 4312.360659 4299.329594 4287.650809 4272.831604 4260.240123 4248.909652 4235.770553 4224.980250 4213.288426 4195.921123 4187.449813 4172.539338 4167.221487 4155.989736 4154.000431 4159.459844 4145.929590 4134.761170 4119.530320 4111.999646 4094.230011 4081.269726 4093.319178 4109.529778 4125.339910 4141.319543 4160.460085 4164.539278 4149.008542 4154.151306 4169.149324 4170.218483 4158.120602 4145.789891 4134.761170 4134.841263 4154.769704 4166.319966 4182.221368 4196.129739 4212.999716 4228.631034 4244.908690 4261.009395 4275.240004 4291.079938 4308.169708 4311.498255 4297.919571 4288.349301 4272.969440 4262.980074 4249.690101 4237.769172 4240.520298 4252.430052 4268.109798 4285.920411 4300.829023 4307.528958 4293.380305 4307.718948 4318.360239 
1048576 4197.370261 4189.429805 4177.659750 4159.990698 4151.759669 4137.801006 4126.809537 4135.550931 4148.351029 4163.879901 4179.449752 4196.459427 4210.939631 4226.800054 4242.189229 4259.448498 4263.609648 4248.060286 4237.730056 4221.910611 4214.908928 4201.279953 4188.079387 4205.439240 4216.900095 4233.580083 4248.410463 4265.280440 4271.270707 4285.901785 4293.719307 4297.399893 4299.210384 4295.699298 4293.290898 4281.789064 4268.510267 4253.331572 4238.819703 4226.949066 4215.570167 4202.710465 4190.590233 4180.118442 4166.010767 4154.499620 4169.009626 4185.440019 4188.790917 4174.251109 4164.729267 4149.401560 4139.460623 4121.540114 4110.990092 4116.740078 4130.510613 4146.210849 4162.598401 4177.918658 4183.419049 4169.851542 4185.700789 4196.058959 
1048576 4378.939047 4375.759512 4367.770627 4358.710721 4350.880161 4348.639399 4342.610016 4327.880219 4319.898784 4306.439310 4290.889949 4278.790206 4270.659760 4252.698272 4242.809489 4242.079332 4244.439304 4240.859300 4226.179793 4209.460691 4203.939810 4191.780463 4179.460928 4163.660109 4162.479192 4180.040210 4197.390750 4219.131544 4224.169999 4229.798913 4244.800657 4251.860082 4253.448918 4248.389974 4236.089066 4227.580503 4221.249372 4207.869992 4191.199318 4172.481596 4164.429381 4148.550332 4155.190662 4171.289504 4188.720137 4204.470664 4219.470546 4236.819223 4240.360111 4226.660356 4232.039675 4250.369966 4262.840375 4277.979955 4286.419600 4304.779693 4311.140627 4330.528900 4340.309650 4346.679896 4352.198914 4363.080487 4372.170195 4377.709702 
1048576 4261.178896 4247.499630 4236.420617 4224.080592 4212.791100 4199.430346 4188.919440 4176.510498 4166.230559 4154.400900 4137.990996 4131.019115 4114.801064 4123.121500 4138.980061 4156.509414 4159.810022 4144.970328 4134.640098 4123.900086 4115.089774 4100.188613 4088.331014 4101.760685 4117.129371 4132.209346 4145.748913 4161.989316 4164.218903 4152.569920 4168.089479 4173.690453 4175.581038 4171.531647 4154.980183 4138.579592 4126.640037 4114.219919 4102.269188 4119.429737 4131.339490 4146.929830 4163.039848 4180.228338 4195.520654 4211.699590 4227.358848 4243.640229 4249.809310 4237.340763 4225.639626 4214.230925 4199.968651 4187.200218 4171.850160 4186.348990 4201.568663 4216.291010 4234.118387 4250.880331 4255.549982 4241.030663 4243.971780 4259.690642 
1048576 4244.610667 4233.609885 4221.551120 4209.410399 4198.869690 4185.769707 4173.940048 4161.799327 4154.000431 4136.521369 4124.799743 4110.058770 4107.739776 4123.650491 4139.790311 4156.859592 4161.169752 4145.620391 4133.841023 4118.090495 4110.770300 4098.579288 4113.130271 4129.128531 4143.700004 4160.320386 4175.988957 4183.840007 4196.761176 4204.109311 4210.518673 4214.139655 4216.030240 4213.059321 4209.591076 4204.468802 4195.351154 4184.680060 4166.729748 4156.609997 4148.758948 4134.221002 4150.949419 4169.739783 4184.599966 4201.220348 4217.090085 4233.030602 4237.540066 4223.739728 4211.571068 4195.671529 4186.969250 4173.841327 4155.509174 4165.180027 4178.659990 4194.190726 4210.760817 4226.678982 4234.140739 4218.591377 4230.359569 4243.528470 
1048576 4340.609536 4334.950820 4320.139065 4303.891212 4294.678569 4281.690344 4269.478843 4258.140922 4248.909652 4235.001281 4218.170419 4205.839708 4192.121327 4186.160862 4171.410576 4182.050005 4188.530147 4170.350730 4158.399999 4141.800106 4126.910120 4138.359800 4157.030955 4177.600145 4194.339737 4213.200882 4220.180213 4227.319732 4238.260910 4246.249795 4253.480583 4258.010536 4259.619862 4256.790504 4251.660779 4248.060286 4233.140498 4222.460091 4210.310057 4200.378433 4207.711667 4224.671051 4242.699593 4258.411005 4274.420440 4287.870601 4303.568974 4321.159795 4324.689507 4311.019555 4302.680492 4290.349782 4279.170185 4260.299727 4249.898717 4264.019430 4279.389977 4294.598475 4310.989752 4326.250404 4330.219701 4317.890853 4330.858588 4338.670522 
1048576 4248.030484 4244.400188 4240.870476 4231.080413 4227.880388 4210.980609 4194.919020 4174.619913 4168.370739 4154.879600 4145.510495 4139.360040 4149.690270 4164.678976 4180.390388 4200.099036 4206.849262 4189.031199 4179.239273 4199.601710 4211.010411 4234.129563 4244.489595 4263.430834 4270.369187 4277.560860 4289.999604 4299.359396 4304.610193 4314.050078 4325.179383 4329.510033 4331.059754 4327.971488 4320.640117 4312.669858 4309.700802 4304.379225 4292.219877 4281.839356 4272.270948 4269.819707 4256.660119 4233.239219 4217.179492 4196.720198 4177.249968 4191.970453 4197.880626 4180.459306 4170.659930 4164.298996 4158.020020 4138.128832 4142.099991 4161.279649 4168.519750 4185.510799 4205.450416 4214.830697 4224.779084 4234.690219 4240.779206 4245.800897 
1048576 4285.080358 4281.850532 4278.739914 4267.839715 4257.390276 4242.759198 4226.319492 4214.299843 4206.638783 4201.650620 4185.009748 4168.450832 4153.179005 4136.649892 4119.670019 4122.750834 4127.660766 4111.841321 4100.829363 4091.858864 4097.800702 4116.699100 4130.490124 4149.291664 4165.040329 4174.949601 4184.808582 4202.241078 4206.769168 4211.470485 4224.188626 4228.791222 4230.519757 4227.448255 4216.309637 4212.131724 4209.650680 4200.080410 4191.050306 4180.679098 4166.619852 4152.789712 4148.380831 4164.190963 4181.399941 4197.061062 4211.589694 4227.841273 4230.709746 4219.390452 4205.949605 4194.989800 4182.819277 4165.340215 4174.150527 4191.460088 4203.131422 4218.941554 4235.569388 4247.481003 4260.269925 4273.349419 4278.859124 4283.949733 
1048576 4283.091053 4279.080778 4276.139662 4271.699116 4262.238741 4250.029102 4235.358909 4216.209054 4208.840430 4195.939749 4184.741527 4174.020141 4162.689671 4145.490006 4158.999771 4175.970331 4180.161282 4164.060578 4155.751318 4141.310230 4132.119939 4123.531282 4103.120416 4111.189395 4121.821374 4136.979580 4153.490067 4171.689972 4175.931215 4165.498540 4181.209952 4187.891260 4189.930856 4184.238613 4172.729328 4156.220704 4141.820595 4128.769040 4110.340029 4100.089893 4109.790549 4124.868661 4142.278805 4158.029333 4173.438996 4188.239574 4203.928635 4221.830517 4226.271063 4210.250452 4201.430827 4188.120365 4177.039489 4164.149985 4178.211093 4195.868969 4209.499806 4225.069657 4242.449999 4250.140861 4264.039919 4270.059988 4275.830463 4281.101748 
1048576 4389.239475 4385.940731 4380.650818 4367.729649 4359.519109 4342.360422 4330.741242 4318.030551 4308.739677 4296.010360 4278.389737 4270.590842 4259.269685 4245.581105 4232.609645 4218.600690 4222.210497 4208.330065 4195.680842 4180.328920 4174.869508 4161.510617 4150.999710 4167.519510 4176.029935 4191.361368 4207.959399 4227.820784 4235.580564 4255.831242 4262.300208 4266.779870 4268.068820 4265.058786 4261.581227 4244.418815 4235.140979 4218.850285 4217.101261 4233.449697 4238.290712 4252.739251 4269.979894 4287.069663 4301.890731 4317.509010 4333.069548 4349.010065 4352.590069 4340.698943 4327.910021 4317.121580 4303.330556 4289.509729 4278.879613 4294.289276 4308.350384 4322.528839 4339.989275 4355.380312 4360.180348 4373.800009 4381.619394 4387.600347 
1048576 4212.999716 4207.730293 4193.849862 4181.530327 4170.218483 4157.880321 4151.899368 4140.000790 4120.718688 4104.578868 4086.259753 4074.618220 4070.818424 4084.900022 4100.490361 4115.629941 4121.279344 4108.509049 4101.010039 4119.910300 4137.739539 4158.260301 4169.609398 4188.470542 4195.360467 4201.300442 4208.520055 4222.439602 4227.848724 4235.088825 4245.989025 4250.790924 4252.299666 4249.120131 4241.589457 4235.681146 4232.360050 4231.479019 4219.580442 4210.660234 4206.471145 4199.849442 4189.960659 4159.349948 4146.881402 4160.949960 4176.679999 4193.939269 4197.569564 4183.808342 4174.109548 4161.460325 4145.691171 4133.379087 4118.360579 4136.418924 4151.100293 4166.780040 4182.439297 4198.579118 4202.779382 4189.560190 4203.509539 4211.230204 
1048576 4344.688728 4330.219701 4317.780957 4305.049777 4296.300933 4285.039380 4273.489118 4260.320216 4255.730659 4241.539165 4222.270101 4210.440442 4200.508818 4180.220887 4184.219986 4201.021045 4204.910249 4190.489650 4177.950323 4162.298515 4158.239812 4172.120243 4189.219326 4205.519333 4220.860079 4236.619920 4242.070019 4261.979833 4266.589880 4269.680008 4284.050316 4288.051277 4289.379343 4287.540913 4275.590181 4273.880273 4274.429753 4259.001464 4246.849567 4233.099520 4221.189767 4231.330007 4248.220474 4262.769595 4279.481247 4295.499995 4312.841222 4330.450669 4336.429760 4322.150722 4310.129210 4297.198728 4282.129928 4268.519580 4251.480103 4268.350080 4281.740636 4298.979416 4316.139966 4335.479811 4340.279847 4323.730245 4327.129573 4343.429580 
1048576 4344.239831 4340.989515 4335.468635 4324.430600 4315.229133 4301.801324 4283.480346 4272.958264 4264.250398 4251.150414 4239.680246 4225.460812 4208.080471 4197.539762 4202.540964 4217.689857 4223.650321 4210.609943 4204.940051 4190.610722 4176.570103 4187.639803 4208.501428 4227.869213 4242.820665 4257.310182 4262.829199 4271.341488 4282.049835 4290.079698 4297.509789 4302.889109 4304.349422 4300.940782 4295.719787 4290.869460 4283.279181 4266.450182 4253.819585 4236.388952 4225.889221 4209.078848 4225.319251 4241.600633 4256.971180 4271.918908 4288.990051 4305.690527 4309.829324 4295.829684 4285.069183 4267.849028 4260.649905 4246.050492 4233.779386 4249.770194 4263.639450 4277.519882 4294.510931 4311.390221 4316.430539 4329.340532 4337.418824 4343.131557 
1048576 4256.149754 4252.901301 4248.300567 4233.460873 4219.239578 4201.499745 4190.418869 4179.449752 4168.000072 4161.009565 4160.549492 4150.899127 4167.709500 4181.340337 4196.349531 4212.630913 4216.870293 4203.049466 4192.421213 4182.331264 4170.970991 4153.089598 4133.800045 4146.769643 4158.260301 4173.729569 4188.051447 4205.800593 4212.319851 4228.539765 4238.490015 4243.500531 4244.990647 4241.900519 4234.800115 4223.050550 4207.201302 4194.078967 4174.709320 4164.250568 4155.341536 4143.249243 4145.041108 4162.540659 4179.660231 4193.250090 4207.011312 4222.698510 4226.841033 4212.761298 4205.690697 4194.740206 4179.580137 4167.130217 4148.080945 4158.509895 4168.041050 4183.020443 4199.240357 4216.378555 4224.270582 4241.440445 4248.948768 4254.009575 
1048576 4270.689562 4267.459735 4263.360053 4257.788882 4249.170423 4235.319793 4224.469885 4208.080471 4199.769348 4182.429984 4171.490669 4161.529243 4167.951643 4185.559228 4204.498604 4224.790260 4229.029641 4210.310057 4194.218665 4182.599485 4177.030176 4164.790735 4158.509895 4174.718633 4177.149385 4192.059860 4208.920524 4229.079932 4231.279716 4219.610244 4240.520298 4246.380180 4247.499630 4244.141281 4225.131124 4209.831357 4194.218665 4177.030176 4161.030054 4145.760089 4134.930670 4120.109603 4131.339490 4146.099091 4161.950201 4177.540541 4194.570705 4211.369902 4215.581343 4201.980308 4187.520593 4174.590111 4164.149985 4152.599722 4170.408472 4185.531288 4199.150950 4214.111716 4230.489954 4237.400368 4250.319675 4258.278757 4263.678566 4269.309342 
1048576 4215.620458 4204.999655 4194.101319 4181.530327 4170.669243 4156.999290 4145.991057 4137.629643 4122.719169 4109.539092 4092.659801 4104.960710 4118.978977 4133.230075 4147.609696 4163.209349 4168.439656 4153.449088 4143.590108 4133.461043 4122.711718 4105.178639 4111.601040 4128.860310 4140.729085 4156.729206 4174.351692 4184.840247 4197.889939 4208.400846 4214.888439 4219.228402 4221.219569 4217.641428 4214.858636 4206.610844 4198.430106 4181.129858 4162.680358 4151.139408 4141.040146 4127.640277 4119.390622 4134.090617 4149.939865 4165.429622 4181.619734 4199.270159 4205.059260 4190.059379 4179.120064 4166.280851 4154.801369 4136.109725 4124.069586 4140.179604 4154.881462 4170.751199 4186.850041 4203.820601 4208.629951 4193.989560 4200.238734 4213.949665 
1048576 4279.591143 4277.341068 4270.039499 4259.780049 4244.860262 4235.168919 4220.129922 4208.600149 4199.329764 4184.911028 4175.489768 4159.418866 4149.829969 4142.010584 4157.980904 4175.120965 4181.860015 4166.169092 4148.378968 4144.079983 4136.679694 4152.148962 4168.251529 4188.248888 4200.229421 4217.499867 4228.608683 4249.989986 4258.088768 4264.740273 4274.230450 4278.341308 4279.520363 4277.080297 4267.970100 4268.690944 4259.239882 4241.099581 4220.951349 4209.971055 4204.470664 4190.001637 4178.781062 4178.671166 4194.680601 4209.240898 4225.220531 4241.660237 4246.430472 4233.021289 4221.839830 4209.989682 4194.911569 4181.340337 4170.350730 4185.110331 4198.780283 4213.919863 4230.881110 4246.748984 4251.319915 4263.440147 4273.580387 4279.131070 
1048576 4303.440452 4299.638793 4295.190796 4290.908575 4281.871021 4263.259470 4251.990467 4240.291193 4230.450839 4218.200222 4203.900695 4191.759974 4181.738943 4162.959754 4146.369174 4134.869203 4138.968885 4124.291241 4118.140787 4133.161157 4137.240350 4161.769524 4171.270877 4186.080769 4197.010770 4208.121449 4228.290170 4239.240661 4243.051633 4249.740392 4262.281582 4266.578704 4268.260673 4265.168682 4256.188869 4247.378558 4247.119650 4243.010655 4223.968834 4213.798791 4205.720499 4191.590473 4181.990400 4179.069772 4193.119705 4209.131002 4224.380478 4242.019728 4245.659336 4231.359810 4222.080112 4209.250212 4195.950925 4183.560610 4200.281575 4217.799753 4231.158644 4245.940596 4262.670875 4270.710051 4282.670096 4289.988428 4296.069965 4301.879555 
1048576 4207.579419 4201.760516 4189.848900 4174.688831 4160.830751 4149.718210 4138.370976 4127.981141 4118.280485 4099.590704 4111.759365 4127.729684 4135.239869 4149.610177 4164.999351 4183.549434 4189.189523 4172.569141 4154.751077 4148.749635 4150.139168 4169.080406 4189.958796 4210.380837 4228.221253 4237.709567 4244.608805 4258.450121 4264.559597 4271.870479 4283.171147 4287.650809 4289.239645 4286.350682 4277.201369 4272.740334 4269.760102 4257.289693 4247.618839 4243.090749 4229.381680 4213.958979 4197.569564 4177.190363 4162.820056 4163.891077 4178.080708 4194.390029 4198.839888 4184.350371 4174.450412 4162.760451 4147.859290 4135.590047 4117.900506 4128.120840 4141.138867 4157.228395 4174.210131 4189.901054 4195.349291 4182.659090 4197.871312 4206.599668 
1048576 4312.999547 4310.280085 4307.219759 4290.070385 4275.539890 4257.610068 4247.078672 4235.878587 4220.979288 4219.310358 4214.990884 4205.370322 4170.570523 4163.470119 4158.809781 4176.910967 4181.329161 4166.409373 4154.939204 4141.809419 4133.610055 4120.059311 4134.761170 4151.139408 4165.640101 4181.459546 4197.269678 4204.820842 4219.960421 4226.589575 4232.261330 4237.178713 4238.778725 4235.759377 4232.108593 4232.250154 4216.270521 4206.020385 4187.610000 4177.799448 4168.210551 4179.179668 4199.640825 4213.999957 4225.868732 4237.409681 4253.869876 4271.470010 4275.219515 4261.480644 4247.469828 4239.069298 4236.329347 4219.450057 4200.449213 4221.489653 4236.429930 4250.438884 4264.470190 4279.170185 4281.630740 4300.620407 4306.120798 4311.511293 
1048576 4330.558702 4324.290901 4317.078739 4304.209724 4292.480648 4274.139181 4263.948649 4250.928760 4241.591319 4230.830818 4218.310118 4207.039252 4200.590774 4215.329885 4231.059924 4247.160628 4252.400249 4238.210618 4227.910191 4216.820002 4206.040874 4191.480577 4176.449031 4191.100597 4207.020625 4222.139716 4237.109795 4254.680127 4258.830100 4244.580865 4254.279658 4264.619201 4266.649485 4258.729517 4243.699834 4228.789359 4219.599068 4206.489772 4194.790497 4199.989140 4214.718938 4230.938852 4249.850288 4265.179858 4280.710593 4294.540733 4310.678691 4318.000749 4321.319982 4317.618906 4306.741059 4291.899502 4282.569513 4269.080237 4252.610728 4241.058603 4240.831360 4255.030304 4271.760583 4286.820069 4295.689985 4310.900345 4320.420325 4328.818992 
1048576 4491.169006 4488.669336 4477.001727 4464.648664 4453.139380 4435.479641 4428.209737 4416.769370 4409.210756 4406.949505 4400.219768 4361.821339 4356.069490 4339.199513 4321.178421 4312.029108 4297.548905 4289.690405 4281.871021 4282.690585 4272.911698 4260.830581 4245.489836 4230.098799 4221.629351 4204.779863 4199.748859 4217.268899 4222.799093 4237.689078 4249.619320 4254.819825 4255.609587 4253.370687 4261.210561 4280.850291 4289.608449 4309.169948 4316.318780 4328.791052 4341.820255 4358.869046 4377.529025 4394.350573 4413.308576 4429.070279 4444.571212 4461.409524 4465.389997 4451.239482 4441.030324 4428.340122 4416.689277 4397.889599 4379.868507 4394.469783 4408.288747 4421.439022 4437.880591 4452.468827 4459.861666 4470.489919 4484.759644 4490.090534 
1048576 4455.680028 4444.010556 4431.009293 4412.850365 4397.690296 4383.768886 4366.530105 4351.578653 4361.139610 4377.711564 4396.179691 4411.110654 4424.041137 4440.469667 4459.150136 4476.130009 4485.480487 4500.370473 4514.809698 4530.750215 4545.779899 4560.910165 4569.491372 4580.130801 4599.388689 4610.039294 4615.901038 4623.090848 4633.558914 4640.780389 4649.449140 4654.049873 4655.990750 4652.108997 4646.768793 4641.659558 4634.490237 4633.549601 4623.331130 4617.679864 4615.580663 4592.780024 4582.511261 4570.379853 4555.460066 4544.470459 4526.440054 4515.860230 4507.830366 4490.239546 4490.539432 4478.558898 4474.818707 4462.709650 4443.218932 4432.989284 4425.829276 4418.618977 4409.939051 4400.281236 4405.189306 4425.151274 4439.251497 4454.201087 
1048576 4344.969988 4339.018837 4326.349124 4312.850535 4301.188514 4287.838936 4277.069122 4263.089970 4255.481064 4241.451621 4224.261269 4210.369661 4198.111594 4188.088700 4171.609879 4171.701148 4175.679758 4160.551354 4149.420187 4139.160737 4128.020257 4118.351266 4121.670499 4135.759547 4146.829247 4165.720195 4181.310534 4191.931337 4204.280674 4216.389731 4222.299904 4226.330668 4227.830097 4225.200042 4221.890122 4213.940352 4210.539162 4196.049646 4196.869209 4215.018824 4221.480340 4236.569628 4252.301529 4269.549623 4285.050556 4301.249981 4316.359758 4332.989454 4336.569458 4324.469715 4309.529439 4298.718646 4284.450784 4273.420200 4257.069901 4265.280440 4279.181361 4294.740036 4311.010242 4327.299073 4331.849515 4319.909960 4335.060716 4344.228655 
1048576 4330.649972 4328.321666 4327.999428 4318.010062 4308.640957 4294.149578 4277.149215 4258.560017 4251.189530 4241.080955 4230.970517 4223.279655 4207.190126 4190.290347 4182.001576 4198.819399 4203.360528 4188.559949 4174.159840 4164.218903 4149.999470 4147.710279 4147.790372 4160.789773 4175.459966 4191.031680 4206.459969 4217.078909 4227.360711 4242.109135 4248.170182 4252.500832 4254.249856 4250.949249 4249.749705 4236.480221 4225.330427 4214.340821 4203.001037 4190.770909 4175.929353 4181.489348 4199.430346 4216.579720 4231.099039 4245.730117 4259.141162 4274.711013 4278.689623 4264.898598 4257.511348 4245.219752 4235.580564 4223.879427 4226.950929 4241.799936 4252.549261 4268.029705 4286.680371 4295.460880 4311.099648 4319.939762 4326.019436 4328.548908 
1048576 4217.639565 4204.420373 4192.609340 4182.109609 4172.800109 4162.188619 4152.759910 4132.799804 4125.609994 4108.371213 4097.009078 4087.248817 4077.710211 4092.508927 4109.458998 4126.310349 4130.439833 4116.240889 4100.151360 4090.888426 4082.379863 4099.709913 4115.330055 4130.728543 4145.340994 4161.829129 4168.840125 4188.848659 4193.110391 4194.989800 4209.360108 4214.549437 4215.409979 4212.118685 4200.860858 4198.560491 4196.099937 4185.190424 4172.530025 4153.288901 4144.640639 4134.839401 4151.199013 4168.361425 4184.329882 4201.710224 4217.430949 4230.791703 4233.919084 4226.660356 4215.780646 4199.510440 4188.459367 4171.689972 4157.070071 4173.340276 4186.719656 4203.669727 4223.970696 4235.830158 4238.370806 4230.279475 4217.470065 4216.888919 
1048576 4414.150491 4409.929737 4409.188405 4392.920062 4382.001236 4364.389926 4353.450611 4341.740161 4337.769002 4317.309707 4306.539893 4292.370752 4275.240004 4267.709330 4256.119952 4245.609045 4248.939455 4237.821326 4233.580083 4222.059622 4210.900515 4192.139953 4181.129858 4169.719294 4159.420729 4166.679457 4182.409495 4199.279472 4204.129800 4217.980430 4233.218729 4248.138517 4249.511287 4236.299545 4224.980250 4213.450477 4203.211516 4214.139655 4229.839891 4244.359210 4259.400070 4276.540130 4294.371232 4309.698939 4324.819893 4340.220243 4356.499761 4374.880344 4378.968850 4362.588748 4352.409393 4339.968786 4328.170791 4312.841222 4303.729162 4318.470135 4333.050922 4346.329719 4362.890497 4379.538819 4384.791479 4400.480539 4407.670349 4412.529990 
1048576 4563.620314 4560.219124 4548.070952 4544.470459 4542.440176 4530.310631 4519.490525 4503.319040 4494.540393 4481.909797 4470.380023 4467.029124 4452.418536 4433.490336 4421.580583 4400.521517 4393.890500 4391.228780 4384.739324 4375.930876 4362.059757 4350.131378 4338.039085 4328.031093 4319.738597 4312.479869 4307.869822 4323.780537 4327.759147 4347.888753 4363.549873 4375.839606 4377.149045 4367.059097 4354.059696 4336.668178 4321.260378 4304.770380 4316.370934 4331.629723 4344.560206 4359.418526 4375.468940 4392.379895 4407.718778 4424.000159 4439.719021 4457.671195 4461.150616 4446.830601 4436.340183 4427.079111 4436.580464 4451.090470 4466.310143 4482.129589 4496.790469 4505.218938 4514.230415 4536.651075 4541.799426 4542.540759 4556.450993 4562.420771 
1048576 4285.559058 4282.750189 4273.111001 4263.650626 4251.839593 4233.181477 4221.819341 4209.700972 4197.981209 4185.890779 4174.619913 4157.830030 4150.010645 4131.980240 4137.910903 4154.860973 4158.319905 4143.700004 4138.430580 4153.730348 4164.690152 4185.860977 4193.700850 4212.059081 4220.761359 4232.600331 4249.650985 4258.928820 4263.449460 4271.820188 4283.409566 4288.459197 4289.221019 4286.609590 4277.650267 4267.441109 4267.120734 4266.159609 4250.049591 4238.799214 4230.970517 4212.360829 4198.109731 4192.158580 4206.459969 4218.989983 4234.910011 4251.740873 4256.710410 4240.609705 4229.500890 4221.610725 4207.180813 4193.721339 4180.010408 4184.281453 4196.289927 4212.260246 4229.729995 4247.009754 4256.119952 4267.200828 4278.760403 4284.229130 
1048576 4281.509668 4271.771759 4260.400310 4247.449338 4236.828536 4223.529249 4212.699831 4200.410098 4186.360165 4174.910486 4159.610718 4151.210189 4136.258736 4130.640998 4147.430882 4165.830091 4170.089960 4153.899848 4141.800106 4126.470536 4117.269069 4107.289016 4120.521247 4136.689007 4151.890054 4168.400541 4185.929894 4193.970934 4209.000617 4215.409979 4222.400486 4223.849624 4226.420075 4223.989323 4223.050550 4219.438881 4207.331687 4192.728549 4180.429503 4161.018878 4153.169692 4165.969789 4184.858873 4200.179130 4216.659814 4232.160747 4248.240963 4265.340045 4271.339625 4255.659878 4245.739430 4231.881350 4220.560193 4202.259704 4190.878943 4205.251113 4219.120368 4235.619679 4252.709448 4269.329831 4274.690524 4260.089248 4267.210141 4280.319437 
1048576 4266.690463 4263.099283 4251.480103 4239.279777 4230.689257 4213.118926 4202.609882 4195.800051 4179.529846 4165.990278 4156.969488 4165.269434 4179.410636 4195.371643 4209.589213 4227.010533 4233.010113 4220.301285 4243.269563 4265.479743 4280.950874 4300.339147 4309.680313 4317.319021 4324.359819 4335.679114 4343.960434 4351.621494 4360.731691 4370.860755 4378.430545 4382.669926 4383.800551 4381.259903 4375.969991 4368.590191 4362.029955 4360.910505 4351.429641 4342.310131 4335.829988 4322.629422 4316.249862 4305.370152 4286.201671 4263.930023 4247.650504 4247.110337 4248.270765 4241.790622 4229.759797 4216.799513 4206.439480 4194.559529 4178.779200 4166.400060 4179.880023 4193.261266 4210.319370 4226.040095 4231.801257 4245.100543 4259.079695 4265.658557 
1048576 4224.810749 4219.070077 4207.629710 4193.430766 4177.259281 4163.561389 4146.890715 4134.690389 4125.669599 4115.179181 4103.390500 4091.020674 4086.859524 4100.911319 4117.349163 4136.320204 4141.710699 4124.809057 4107.549787 4100.309685 4102.369770 4123.590887 4143.251106 4161.840305 4178.319126 4187.449813 4193.909466 4214.139655 4218.108952 4220.560193 4234.559834 4239.071161 4241.490737 4238.590598 4227.189347 4223.689437 4222.799093 4210.220650 4198.221490 4192.749038 4185.969010 4163.760692 4151.741043 4140.820354 4155.809060 4172.461107 4187.799990 4206.379876 4210.580140 4195.861518 4183.860496 4167.370498 4160.819575 4150.269553 4135.070369 4151.739180 4164.140671 4178.211093 4194.900393 4209.520295 4213.791341 4200.279713 4215.139896 4222.601652 
1048576 4305.260256 4301.620647 4293.808714 4289.710894 4285.469651 4266.411066 4256.410524 4232.110456 4224.799573 4207.089543 4189.290106 4177.689552 4167.139530 4182.800651 4197.170958 4211.990163 4215.519875 4204.720259 4193.320870 4178.129137 4171.580076 4150.871187 4160.460085 4179.071635 4188.379273 4202.490672 4218.259826 4231.579602 4244.770855 4258.191213 4264.788702 4269.840196 4271.039739 4268.011078 4266.681150 4254.419357 4241.539165 4223.609343 4210.870713 4195.081070 4185.501486 4166.319966 4159.890115 4166.010767 4182.830453 4197.370261 4208.259284 4220.649600 4222.869873 4216.769710 4210.289568 4195.729271 4184.689373 4169.659689 4186.499864 4205.070436 4223.279655 4242.269322 4257.200286 4273.498431 4283.638671 4288.839176 4298.269749 4303.919151 
1048576 4440.501332 4436.230287 4423.459992 4406.109452 4391.498864 4378.739744 4364.181310 4352.670163 4341.760650 4328.550771 4315.540195 4303.030670 4292.421043 4281.349480 4263.889045 4260.310903 4266.109318 4250.019789 4238.570109 4222.210497 4216.460511 4210.960120 4193.939269 4197.210073 4207.119346 4225.039855 4244.340584 4263.089970 4267.660901 4272.680730 4288.140684 4293.190315 4294.579849 4291.310906 4279.170185 4268.858582 4262.160510 4273.569211 4286.261275 4301.840439 4315.629601 4331.970587 4348.350689 4363.089800 4378.119484 4392.050207 4408.009350 4425.998777 4427.580163 4412.170500 4401.380196 4388.589412 4380.181432 4369.908944 4350.559786 4359.610379 4370.400682 4384.629428 4403.600469 4421.230406 4425.941035 4415.720701 4431.989044 4438.320175 
1048576 4298.299551 4295.689985 4290.981218 4284.260795 4275.579005 4263.719544 4247.050732 4236.821085 4226.950929 4213.271663 4205.590114 4187.628627 4177.110270 4158.111289 4155.721515 4172.060639 4178.639501 4162.279889 4146.961495 4141.869023 4139.840603 4157.509655 4178.240895 4200.030118 4218.829796 4227.899015 4233.008251 4252.748564 4257.420078 4260.599613 4274.230450 4279.069602 4280.380905 4277.979955 4265.429452 4262.089729 4262.829199 4249.619320 4241.619259 4240.570590 4220.260307 4205.320030 4185.389727 4173.049703 4190.279171 4204.550758 4221.810028 4237.590358 4242.889583 4229.480401 4214.599729 4204.479977 4190.448672 4179.880023 4194.868729 4211.518914 4225.321114 4240.898415 4258.811474 4264.580086 4276.560619 4286.050797 4291.940480 4296.349362 
1048576 4387.389868 4384.810105 4378.199577 4365.259781 4355.048761 4340.831190 4323.499277 4311.600700 4302.849993 4289.669916 4278.339446 4269.620404 4258.761182 4240.289330 4229.350016 4237.798974 4240.220413 4229.810089 4229.269922 4213.890061 4199.670628 4185.488448 4167.938605 4156.999290 4173.129797 4191.899672 4209.900275 4231.208935 4241.429269 4260.830581 4266.979173 4271.769896 4272.900522 4269.869998 4266.731441 4249.500111 4232.671112 4221.739247 4214.949906 4223.840311 4237.148911 4252.709448 4269.490018 4284.819588 4300.160334 4315.709695 4332.659766 4348.639399 4353.430122 4339.810461 4325.410351 4313.569516 4304.610193 4292.340949 4276.441410 4292.139784 4306.271672 4321.498796 4337.279126 4353.580996 4358.300939 4371.758550 4380.799830 4385.929555 
1048576 4434.838891 4431.501031 4426.339641 4420.058802 4410.950467 4398.360848 4386.929795 4374.030977 4363.330081 4353.448749 4341.330379 4321.249202 4310.019314 4290.450364 4280.021414 4267.169163 4252.931103 4250.891507 4242.589697 4226.829857 4217.760637 4198.679700 4186.509177 4178.559408 4169.590771 4186.559469 4201.360047 4223.899916 4230.471328 4246.050492 4256.339744 4262.059927 4264.149815 4260.219634 4253.579304 4237.970337 4227.939993 4215.961322 4224.929959 4241.380841 4256.080836 4273.779690 4292.638972 4307.821393 4323.760048 4339.089617 4355.208948 4372.280091 4376.709461 4362.799227 4351.500422 4334.639758 4326.699302 4313.338548 4330.759868 4347.309470 4361.389205 4376.040772 4393.190145 4400.860518 4412.880167 4420.200363 4427.559674 4432.858899 
1048576 4315.109923 4312.591627 4308.130592 4301.710054 4289.859906 4271.678627 4255.240783 4243.349656 4233.740270 4222.989082 4225.779325 4242.049530 4256.110638 4269.680008 4283.459857 4300.231114 4304.410890 4289.219156 4277.490079 4270.350561 4263.289273 4263.749346 4281.749949 4292.661324 4308.419302 4326.459020 4335.580394 4352.280870 4360.031337 4365.751520 4376.430064 4380.879924 4382.260144 4379.941151 4370.709881 4368.571565 4362.029955 4352.200776 4341.959953 4318.989813 4310.989752 4293.039441 4276.799038 4266.329110 4252.839833 4241.701216 4241.870716 4257.431254 4260.901362 4247.410223 4240.479320 4228.480160 4215.648398 4201.011732 4207.279533 4223.668948 4234.569147 4249.889404 4267.459735 4277.730361 4292.540252 4303.149879 4308.069125 4314.150661 
1048576 4204.690456 4195.639864 4185.969010 4170.099273 4160.869867 4147.268832 4135.899246 4120.830446 4109.630361 4096.811637 4084.469751 4092.000425 4110.028967 4127.010703 4140.369594 4155.660048 4160.638899 4147.840664 4137.739539 4120.280966 4112.200812 4094.010219 4103.910178 4121.068865 4131.920636 4145.450890 4160.359502 4174.679518 4187.259823 4202.459008 4208.890721 4212.388769 4215.130582 4212.029278 4209.440202 4197.480157 4184.231162 4167.361185 4150.189459 4139.130935 4130.240530 4118.569195 4112.338647 4128.219560 4143.349826 4157.580435 4174.429923 4190.739244 4196.560010 4181.750119 4170.509055 4158.100113 4143.841565 4132.840782 4121.640697 4123.508930 4137.439653 4153.769463 4170.849919 4186.449572 4193.238914 4178.650677 4191.329703 4202.729091 
1048576 4247.708246 4243.919626 4237.620160 4226.449877 4214.830697 4202.490672 4188.410938 4176.110029 4164.749756 4152.221605 4142.688587 4145.450890 4162.149504 4176.430404 4191.320390 4205.361009 4209.240898 4198.390990 4187.939689 4178.550094 4192.771390 4201.790318 4213.200882 4229.050130 4244.999960 4256.648943 4270.009696 4291.150719 4295.019433 4297.468811 4311.660305 4317.291081 4318.460822 4315.299913 4302.609712 4299.130291 4296.349362 4286.831245 4275.269806 4258.319736 4246.780649 4230.089486 4212.800413 4202.481359 4193.410277 4182.649776 4191.800952 4208.039492 4211.209714 4197.780043 4185.868427 4170.689732 4162.231460 4147.620872 4136.629403 4153.780639 4165.159538 4180.489108 4198.079929 4213.329405 4218.310118 4232.568666 4240.000620 4246.179014 
1048576 4287.561402 4283.970222 4275.988787 4271.909595 4266.349599 4254.180938 4244.729877 4230.210558 4220.040515 4206.109792 4195.040092 4184.341058 4172.118381 4159.659147 4178.199917 4197.658971 4201.849923 4185.041413 4172.818735 4158.299416 4146.290943 4126.990214 4109.339789 4124.609753 4140.300676 4158.020020 4173.560068 4190.489650 4195.719957 4182.629287 4188.049585 4205.219448 4206.471145 4191.720858 4179.541022 4164.131358 4151.549190 4141.628742 4130.730405 4121.759906 4112.929106 4103.789106 4120.389000 4135.759547 4151.700065 4166.899249 4182.780161 4200.359806 4204.081371 4190.521315 4176.069051 4165.168852 4156.880081 4172.058776 4187.980667 4204.340279 4219.401628 4236.100242 4243.461415 4257.099703 4263.859242 4269.270226 4280.619323 4286.069423 
1048576 4254.300147 4249.690101 4235.539585 4219.351336 4209.978506 4195.630550 4178.460687 4165.919498 4158.610478 4140.369594 4130.741581 4120.910540 4120.929167 4135.601223 4152.601585 4168.570042 4173.200577 4159.130156 4143.338650 4132.859409 4126.530141 4142.651334 4157.779738 4173.800349 4189.470783 4205.560312 4212.301224 4233.799875 4238.391295 4239.480942 4254.220054 4258.070141 4260.221496 4256.989807 4243.960604 4241.650924 4238.801077 4227.779806 4216.590896 4200.801253 4190.549254 4176.329821 4163.919017 4172.580317 4188.420251 4203.729331 4219.191149 4235.630855 4239.529371 4225.140437 4214.510322 4203.449935 4192.329943 4179.609939 4167.521372 4179.291427 4193.948582 4209.719598 4225.730896 4241.019487 4245.240241 4232.840613 4244.361073 4252.810031 
1048576 4245.489836 4242.360592 4232.211038 4223.180935 4215.009511 4197.379574 4183.139652 4170.790315 4157.850519 4145.620391 4132.978618 4121.569917 4121.730104 4138.840362 4155.140370 4171.408713 4178.248346 4163.680598 4149.401560 4132.470116 4131.238908 4122.201353 4115.689546 4132.499918 4134.079441 4148.358479 4164.149985 4184.208810 4194.200039 4213.590175 4219.740629 4224.590957 4225.660115 4222.450778 4219.450057 4201.300442 4185.618833 4167.279229 4148.390144 4138.899967 4122.769460 4118.159413 4135.780036 4151.729867 4166.880623 4179.770127 4195.809364 4211.839288 4217.229784 4201.570526 4190.299660 4181.979224 4167.720675 4160.329700 4137.929529 4148.110747 4157.179967 4172.509536 4190.180451 4208.369181 4216.698930 4226.790741 4239.158705 4243.439063 
1048576 4392.949864 4389.168695 4379.948601 4369.540140 4361.290485 4343.869165 4327.358678 4309.890792 4301.760346 4290.340468 4279.550165 4271.170124 4256.460816 4245.899618 4244.368523 4251.459613 4253.599793 4250.450060 4239.419475 4224.030301 4215.158522 4200.398922 4188.278690 4175.789654 4175.109789 4191.469401 4205.569625 4223.100841 4228.621721 4244.320095 4255.641252 4261.791706 4263.680428 4259.029403 4251.850769 4239.169881 4225.429147 4215.810448 4219.099879 4234.010354 4246.579483 4262.609407 4282.400012 4300.909117 4314.780235 4327.559844 4343.200475 4359.979182 4365.039989 4349.628463 4338.359460 4330.459982 4319.230095 4304.030910 4288.170487 4293.739796 4303.270951 4318.149760 4337.940365 4355.249926 4362.560809 4374.289885 4385.251552 4390.928894 
1048576 4258.159548 4255.289212 4233.028740 4215.009511 4204.081371 4185.259342 4165.738821 4155.090079 4140.079021 4127.239808 4109.449685 4098.128527 4081.230611 4092.300311 4108.229652 4125.749692 4128.420725 4114.599898 4102.120176 4091.208801 4080.010578 4068.398848 4081.578925 4099.501297 4113.258794 4129.899666 4145.048559 4153.629765 4166.539758 4173.161462 4179.969430 4184.639081 4185.589030 4183.109850 4178.730771 4175.299779 4166.638479 4152.981564 4141.610116 4126.129672 4118.749872 4132.790491 4147.538915 4162.389785 4178.289324 4194.781184 4214.711487 4235.960543 4238.830879 4219.640046 4203.081131 4186.579958 4175.670445 4170.140252 4165.889695 4159.370437 4172.349349 4190.480337 4210.319370 4232.749343 4238.629714 4228.029400 4251.429811 4257.299006 
1048576 4247.479141 4243.459553 4237.178713 4226.328805 4211.518914 4197.089002 4179.770127 4170.309752 4159.040749 4147.790372 4144.839942 4127.189517 4136.130214 4152.709618 4168.551415 4186.600447 4191.709682 4176.009446 4165.859893 4150.390625 4140.028730 4120.370373 4107.831046 4117.999226 4131.808877 4148.690030 4165.239632 4181.960598 4188.569263 4174.409434 4181.150347 4196.189344 4198.510200 4185.199738 4174.141213 4162.229598 4151.849076 4140.699282 4128.430039 4118.300974 4103.260115 4118.191078 4136.608914 4154.469818 4169.100896 4181.850702 4196.031019 4212.331027 4217.319191 4201.399162 4192.249849 4183.780402 4172.500223 4154.399037 4137.760028 4146.769643 4157.589749 4172.449932 4190.668464 4208.780825 4217.509180 4231.110215 4239.140078 4244.849086 
1048576 4275.010899 4271.900281 4262.859002 4252.409562 4241.339862 4224.419594 4208.259284 4196.329042 4185.969010 4171.499982 4164.749756 4164.190963 4135.530442 4134.630784 4150.111228 4166.111350 4169.849679 4156.060517 4144.970328 4130.130634 4127.779976 4139.199853 4155.701026 4171.431065 4187.779501 4202.749580 4209.199920 4228.439182 4233.079031 4237.590358 4249.911755 4254.870117 4256.289452 4253.609106 4242.170602 4239.300266 4236.100242 4226.109013 4206.810147 4198.109731 4188.658670 4175.359383 4165.429622 4182.539880 4197.821021 4210.028797 4224.220291 4240.579903 4245.119169 4230.720922 4219.150171 4211.690277 4202.809185 4185.289145 4165.548831 4175.489768 4185.948521 4199.799150 4219.070077 4236.239940 4245.599732 4257.490858 4267.890006 4273.040220 
1048576 4469.489679 4466.099665 4455.640912 4447.279498 4445.191473 4439.979792 4428.779706 4417.531192 4402.320832 4390.049726 4378.359765 4365.770146 4359.550774 4342.339933 4338.281229 4344.699904 4346.679896 4342.459142 4331.011325 4323.130473 4314.610735 4295.920953 4284.258932 4268.540069 4269.931465 4284.329712 4299.459979 4318.529740 4327.218980 4343.789071 4352.249205 4357.339814 4359.520972 4355.801269 4350.710660 4336.910322 4321.450368 4303.250462 4291.020334 4282.290116 4270.749167 4264.069721 4273.530096 4289.289936 4304.960370 4321.020097 4337.308928 4353.769124 4357.259721 4345.459864 4331.700504 4337.668419 4351.878539 4365.429282 4373.280331 4390.830174 4405.179992 4411.460832 4427.449778 4438.500851 4442.859441 4450.669512 4461.809993 4467.898980 
1048576 4204.871133 4202.289507 4196.569324 4190.828651 4182.649776 4165.370017 4153.909162 4137.558863 4128.679633 4118.729383 4100.199789 4091.119394 4079.921171 4075.359553 4091.590643 4107.560962 4111.269489 4096.828401 4084.790125 4089.219496 4097.569734 4121.510312 4129.281268 4144.558683 4159.001634 4166.210070 4184.590653 4195.438698 4199.640825 4205.720499 4218.770191 4223.268479 4224.220291 4221.869633 4211.859778 4202.650860 4201.531410 4195.900634 4185.238853 4173.669964 4159.109667 4146.320745 4136.418924 4123.281687 4105.821252 4123.630002 4126.409069 4141.960293 4146.529362 4133.610055 4120.990634 4110.099748 4099.419340 4086.779431 4101.959988 4118.209705 4131.460562 4146.611318 4164.200276 4170.801491 4183.828831 4191.650078 4198.059440 4203.230143 
1048576 4657.009616 4653.170705 4647.459835 4641.380161 4638.871178 4636.628553 4626.549780 4619.700834 4620.241001 4592.539743 4581.749439 4571.029916 4561.420530 4542.158917 4538.090900 4543.449730 4544.191062 4541.279748 4538.439214 4538.400099 4527.669400 4513.129592 4491.930827 4485.309124 4486.370832 4483.129829 4459.159449 4479.609430 4484.729841 4486.478865 4504.770041 4511.039704 4512.788728 4508.098587 4492.530599 4481.280223 4470.650107 4464.790225 4458.099604 4437.958822 4422.780126 4403.408617 4414.599389 4429.399967 4445.590079 4462.350160 4477.839917 4493.981600 4497.909918 4508.139566 4524.141550 4539.430141 4548.970610 4566.250369 4576.969892 4585.340619 4600.999877 4609.279335 4616.968334 4623.850808 4634.039477 4642.210901 4650.210962 4655.528814 
1048576 4435.759038 4433.099180 4429.209977 4423.631355 4410.071298 4396.380857 4376.960918 4368.118942 4356.078804 4348.481074 4347.039387 4338.128492 4303.909838 4291.659221 4272.509366 4253.970459 4244.429991 4241.960123 4229.750484 4214.771092 4201.188684 4192.689434 4189.759493 4178.481176 4165.580496 4185.959697 4203.170538 4221.901298 4227.161407 4233.179614 4247.929901 4252.549261 4254.151136 4251.230508 4238.458350 4228.878766 4227.029160 4232.540727 4245.689139 4252.839833 4262.950271 4279.000685 4298.169166 4315.460101 4330.869764 4341.309890 4356.579855 4373.459145 4377.510399 4363.590851 4354.409873 4345.640540 4337.159917 4319.850355 4334.609956 4354.558885 4368.001595 4381.079227 4397.099838 4401.698709 4416.979849 4423.379898 4428.580403 4434.099421 
1048576 4261.240363 4253.540188 4237.540066 4220.988601 4209.570587 4194.369540 4183.210433 4184.549674 4196.839407 4213.089123 4229.430109 4246.899858 4261.469468 4275.940359 4292.059690 4309.000447 4313.228652 4298.441112 4286.730662 4292.121157 4302.820191 4321.899265 4331.480712 4346.560687 4360.869527 4367.100075 4385.760054 4396.829754 4400.160164 4408.070818 4420.150071 4424.760118 4426.330328 4422.849044 4413.710907 4404.950887 4404.209554 4398.660734 4387.920722 4370.350391 4362.480715 4348.110408 4335.990176 4324.799404 4309.449345 4298.429936 4286.609590 4273.479804 4273.939878 4272.200167 4271.749407 4253.160208 4238.590598 4221.729934 4204.599187 4187.269136 4179.291427 4186.600447 4204.800352 4224.160686 4230.890423 4231.439903 4249.429330 4260.001704 
1048576 4322.580993 4306.470975 4294.009879 4282.159731 4273.200408 4262.590781 4251.521081 4241.641611 4229.709506 4215.260968 4197.660834 4185.209051 4170.630127 4184.149206 4198.940471 4216.609523 4222.340882 4208.270460 4197.699949 4217.850044 4235.140979 4254.048690 4267.079756 4283.608869 4289.479926 4296.060652 4309.820011 4319.909960 4324.471578 4334.280267 4344.800487 4349.440336 4351.800308 4347.989336 4340.220243 4331.450909 4331.208766 4329.979420 4318.129271 4309.019074 4306.370392 4299.608991 4288.610071 4258.951172 4260.240123 4276.050255 4291.919991 4313.509911 4317.900166 4300.240427 4289.750010 4273.060709 4262.000322 4244.240001 4232.419655 4240.579903 4255.890846 4272.660241 4290.590063 4308.110103 4315.540195 4299.599677 4302.628338 4320.498556 
1048576 4279.000685 4276.320338 4268.070683 4256.349057 4247.300327 4234.079272 4224.451259 4207.309335 4196.830094 4182.159901 4177.080467 4194.401205 4209.380597 4225.000739 4241.378978 4258.200526 4261.879250 4248.710349 4233.861342 4222.979769 4214.070737 4229.789600 4246.089607 4262.428731 4276.789725 4293.780774 4298.821092 4320.699722 4324.311391 4327.679053 4340.799525 4345.640540 4347.270355 4344.969988 4333.000630 4330.510274 4326.960072 4316.169769 4303.969443 4290.530458 4280.610010 4266.489297 4256.591201 4237.929359 4224.400967 4212.249070 4225.619137 4242.060706 4247.579724 4234.069958 4219.099879 4205.890000 4194.751382 4179.790616 4168.370739 4186.840728 4197.999835 4212.619737 4230.489954 4246.929660 4251.699895 4261.689261 4272.669554 4278.298467 
1048576 4307.599738 4304.660484 4296.399653 4284.180701 4274.509847 4261.121154 4249.688238 4240.090027 4224.229604 4212.990403 4203.150049 4192.989320 4174.960777 4158.049822 4147.358239 4135.800526 4140.179604 4124.579951 4113.059491 4100.970924 4112.720490 4135.269672 4144.450650 4161.190242 4175.631329 4185.540602 4192.478955 4214.549437 4218.859598 4220.210016 4235.550761 4239.151254 4241.598770 4238.881171 4225.431010 4223.709926 4223.700613 4209.971055 4197.681323 4185.888916 4179.330543 4171.740264 4188.729450 4204.090685 4221.040756 4237.180576 4252.420738 4269.059747 4274.239764 4259.800538 4248.568788 4231.570289 4222.040996 4209.829494 4195.058718 4211.949185 4226.310179 4240.959883 4258.621484 4274.899140 4278.959706 4290.729761 4300.389439 4305.990413 
1048576 4177.590832 4169.650376 4158.761352 4142.530262 4133.570939 4120.949656 4109.028727 4098.489881 4083.029926 4071.399570 4066.329449 4082.381725 4096.779972 4110.829905 4126.651213 4143.720493 4148.779437 4134.569317 4122.888669 4112.299532 4102.380946 4090.409726 4072.379321 4088.379443 4102.841020 4119.710997 4133.770242 4150.610417 4154.490307 4141.420126 4151.020199 4160.540178 4161.860794 4153.549671 4141.449928 4124.939442 4115.220159 4103.040323 4084.780812 4075.121135 4065.221176 4070.488736 4086.019471 4100.559279 4116.030410 4132.339731 4147.619009 4165.409133 4168.830812 4155.529663 4142.560065 4131.618887 4119.569436 4108.209163 4089.590162 4099.119455 4112.169147 4126.919433 4144.279286 4159.890115 4166.409373 4153.000191 4164.859653 4176.490009 
1048576 4256.779328 4253.808409 4246.179014 4233.671352 4223.950207 4210.699350 4199.549556 4184.430465 4173.859954 4162.689671 4147.630185 4153.881222 4167.510197 4184.318706 4199.739546 4216.900095 4221.130162 4205.690697 4195.369780 4178.699106 4171.120003 4159.629345 4176.709801 4192.290828 4205.890000 4221.530631 4236.578941 4245.791584 4256.719723 4264.540970 4271.550104 4276.109859 4276.979715 4274.070263 4270.870239 4266.239703 4256.999120 4243.519157 4224.680364 4215.149209 4204.468802 4192.059860 4180.319607 4168.560728 4169.410095 4185.819998 4200.618714 4218.300804 4222.858697 4207.670689 4199.640825 4183.178768 4171.621054 4160.070792 4144.180566 4162.671044 4174.860194 4189.409316 4206.979647 4223.739728 4227.720201 4238.620400 4249.241203 4255.410284 
1048576 4334.378988 4332.179204 4328.828305 4320.260137 4312.509671 4295.520484 4278.000444 4265.669733 4259.699956 4247.140139 4231.238738 4221.439362 4210.880026 4192.400724 4191.029817 4208.801314 4213.200882 4197.521135 4184.890538 4169.899970 4162.929952 4151.849076 4166.249186 4181.060940 4195.639864 4213.349894 4228.150472 4236.720502 4249.619320 4256.539047 4263.550043 4267.280921 4269.270226 4266.999662 4261.190072 4258.170724 4248.678684 4236.111417 4225.250334 4204.349592 4198.240116 4184.560850 4200.449213 4217.119887 4233.749583 4248.101264 4262.961447 4278.389737 4282.271490 4269.970581 4257.921129 4245.400429 4236.690700 4221.500829 4225.889221 4243.880510 4255.028442 4270.590842 4287.650809 4297.889769 4314.029589 4324.238747 4330.500960 4333.119839 
1048576 4266.338423 4264.570773 4260.908812 4256.390035 4248.719662 4231.639206 4215.210676 4205.819219 4193.609580 4180.589691 4168.279469 4156.809300 4146.700725 4139.669240 4154.879600 4170.680419 4177.009687 4161.559045 4150.230438 4133.939743 4124.339670 4110.969603 4096.589983 4116.630182 4127.580673 4142.928869 4157.600924 4176.000133 4180.280492 4165.889695 4176.560789 4186.708480 4188.369960 4180.440679 4167.539999 4156.019539 4144.780338 4133.420065 4122.190177 4110.069945 4102.399573 4091.558978 4106.391221 4123.769701 4140.300676 4155.870527 4170.309752 4185.488448 4189.129919 4177.730531 4166.899249 4151.171073 4142.079502 4148.300737 4165.910184 4179.539159 4193.939269 4207.959399 4220.789298 4233.889282 4250.040278 4256.539047 4262.190312 4264.520481 
1048576 4275.761545 4272.921011 4269.311205 4252.901301 4238.178954 4224.469885 4207.639024 4196.658731 4190.519452 4178.160802 4168.579355 4150.800407 4140.250385 4120.359197 4110.330716 4113.750532 4118.658602 4102.259874 4091.300070 4098.579288 4105.171189 4122.160375 4135.070369 4150.709137 4165.578634 4170.760512 4189.269617 4200.158641 4204.159603 4211.651161 4224.101081 4228.791222 4230.469465 4227.321595 4217.540845 4209.108651 4209.831357 4202.030599 4189.759493 4177.000374 4162.419587 4148.390144 4163.870588 4182.979465 4198.409617 4211.559892 4224.279895 4241.818562 4244.530573 4231.719300 4225.211218 4212.308675 4198.139533 4180.960357 4168.789834 4175.411537 4186.719656 4201.788455 4218.690097 4236.109555 4245.270044 4261.208698 4268.240184 4274.418578 
1048576 4248.678684 4246.190190 4239.819944 4229.059443 4214.160144 4195.831716 4180.120304 4168.640822 4163.239151 4151.180387 4139.509052 4144.649953 4160.849378 4173.770547 4189.720377 4206.880927 4215.480760 4235.709086 4249.479622 4272.939637 4286.158830 4300.838336 4308.270290 4316.149279 4330.258816 4337.370396 4343.150184 4354.910925 4363.311455 4370.678216 4381.150007 4384.780303 4386.499524 4383.800551 4374.830052 4372.129217 4371.479154 4368.718714 4356.920719 4350.461066 4350.719973 4334.898666 4324.149340 4304.500297 4295.529798 4276.759923 4265.330732 4245.160148 4237.210378 4235.630855 4223.959520 4213.219509 4209.799692 4191.018641 4167.750478 4152.940586 4158.379510 4171.630368 4192.659631 4210.351035 4219.740629 4232.948646 4242.429510 4248.099402 
1048576 4298.429936 4294.909537 4289.509729 4279.889166 4270.568490 4259.498790 4251.210019 4235.979170 4226.449877 4208.730534 4197.759554 4190.910608 4175.230861 4186.030477 4202.749580 4221.569747 4226.090387 4209.049046 4196.830094 4180.599004 4177.780822 4166.139290 4189.111292 4196.949303 4208.469763 4224.790260 4240.998998 4251.519218 4267.239943 4276.890308 4282.660782 4287.380725 4289.560020 4285.709932 4283.061251 4277.059808 4262.259230 4248.939455 4228.109494 4217.809066 4202.770069 4188.250750 4173.140973 4172.241315 4188.278690 4204.859957 4220.319912 4235.990345 4242.189229 4228.699952 4215.238616 4199.180752 4189.789295 4179.969430 4192.700610 4210.321233 4224.680364 4240.538925 4259.100184 4265.250638 4272.330552 4284.041002 4291.191697 4296.761006 
1048576 4270.019010 4267.320037 4259.228706 4246.801138 4235.768691 4216.549918 4200.890660 4190.279171 4178.589210 4173.019901 4187.239334 4204.239696 4221.269861 4236.210138 4253.879189 4272.440448 4275.988787 4259.668291 4247.229546 4232.611507 4222.640768 4208.551720 4197.731614 4214.899614 4226.131365 4242.850468 4259.578884 4278.620705 4282.319918 4301.059991 4307.560623 4311.829805 4313.139245 4310.550168 4306.418821 4291.418940 4280.639812 4268.269986 4255.440086 4239.378497 4229.970276 4215.789959 4204.791039 4191.888496 4173.301160 4177.320749 4191.890359 4206.251353 4212.340340 4202.580079 4192.478955 4176.760092 4162.861034 4144.940525 4159.320146 4179.568961 4196.589813 4214.430228 4231.609404 4239.339381 4244.240001 4253.130406 4263.820127 4268.800840 
1048576 4253.810272 4245.759919 4232.451320 4215.359688 4207.579419 4193.389788 4182.230681 4174.970090 4158.930853 4144.519567 4130.668938 4118.559882 4113.228992 4099.259153 4099.840298 4118.449986 4122.739658 4107.240587 4095.219076 4080.951214 4073.878750 4088.759422 4105.379805 4123.689607 4137.009382 4153.950140 4159.310833 4181.679338 4185.380414 4188.129678 4202.220589 4207.089543 4208.659753 4205.869511 4194.259644 4191.160202 4188.500345 4178.140312 4160.370678 4149.191082 4137.448967 4144.439474 4161.808640 4178.099334 4193.808883 4210.799932 4225.490615 4242.949188 4246.460274 4232.000560 4221.890122 4207.290709 4196.340218 4182.171077 4163.799807 4173.271358 4187.850282 4202.099517 4218.820482 4234.818742 4240.829498 4226.598889 4240.849987 4252.299666 
1048576 4243.498668 4228.619859 4217.090085 4204.519093 4195.170477 4183.748737 4172.910005 4159.251228 4154.769704 4134.699702 4124.559462 4109.220579 4096.198827 4112.590104 4128.139466 4143.761471 4147.808999 4134.409130 4123.611376 4116.229713 4127.491266 4145.009443 4153.179005 4168.029875 4180.720076 4193.220288 4201.671109 4227.120429 4230.760038 4230.950028 4246.499389 4250.800237 4252.290353 4249.690101 4236.981273 4236.239940 4236.159846 4217.868671 4205.139354 4187.960178 4179.811105 4166.301340 4154.918715 4165.900871 4181.949422 4197.148606 4214.290529 4233.660176 4238.000140 4221.640527 4210.069776 4197.640345 4183.961079 4170.510918 4151.679575 4162.028432 4177.369177 4193.279892 4212.001339 4229.601473 4236.018285 4220.830277 4225.298762 4241.749644 
1048576 4515.601322 4503.849894 4491.860047 4470.780492 4458.960146 4449.330270 4449.190572 4430.759698 4413.908347 4394.209012 4375.191405 4365.840927 4357.069731 4345.690832 4313.420504 4312.470555 4296.569154 4286.330193 4283.430055 4284.139723 4270.579666 4258.219153 4245.609045 4230.709746 4223.279655 4186.559469 4202.010110 4219.289869 4224.639386 4237.519577 4250.740632 4261.650145 4277.700558 4292.359576 4316.139966 4336.411133 4349.449649 4361.281171 4371.209070 4386.829212 4404.289648 4424.439743 4442.580044 4457.389936 4472.838715 4490.019754 4505.800083 4523.210227 4526.941106 4512.740299 4501.998425 4486.961290 4473.010078 4462.609068 4474.790767 4491.038620 4508.379847 4523.960873 4540.899768 4546.009004 4547.828808 4545.420408 4536.218941 4518.518224 
1048576 4221.020266 4209.989682 4198.549315 4185.529426 4173.038527 4160.160199 4148.099571 4136.670381 4131.481051 4117.671400 4098.409787 4117.710516 4135.370255 4151.320085 4159.279168 4174.809903 4176.100716 4165.610299 4165.720195 4149.960354 4134.429619 4152.640700 4173.159599 4194.580019 4211.461172 4225.749522 4241.529852 4257.330671 4260.849208 4267.890006 4280.051216 4285.329953 4287.099466 4283.340648 4273.850471 4267.489538 4264.350981 4257.649183 4245.720804 4229.679704 4214.730114 4196.109250 4178.820178 4163.099453 4160.759971 4176.529124 4192.510620 4209.991544 4214.400426 4198.610783 4189.459607 4176.991060 4166.079685 4147.781059 4135.070369 4139.678553 4155.229777 4170.881584 4187.250510 4203.399643 4210.859537 4195.880145 4206.150770 4219.559953 
1048576 4474.490881 4471.959546 4461.679608 4457.999021 4453.800619 4436.669871 4425.169900 4401.249811 4394.089803 4374.580458 4356.049001 4339.950159 4325.870425 4308.659583 4289.120436 4277.778789 4276.661202 4262.451082 4250.399768 4233.518615 4230.959341 4228.290170 4210.829735 4202.339798 4217.948765 4240.421578 4258.688539 4277.069122 4281.669855 4293.238744 4303.971305 4308.590665 4309.739918 4307.068884 4299.368709 4288.999364 4279.660061 4268.441349 4257.099703 4265.749827 4278.728738 4295.080900 4314.560443 4331.350327 4349.699244 4363.959655 4372.650757 4388.000816 4388.609901 4379.980266 4379.520193 4363.950342 4349.838942 4337.050021 4352.260381 4373.310134 4391.500726 4409.950227 4424.890503 4444.811493 4452.010617 4458.380863 4467.869177 4473.630339 
1048576 4242.310300 4238.490015 4237.210378 4223.920405 4207.920283 4199.210554 4181.249067 4183.230922 4190.659150 4206.219688 4222.339019 4237.830639 4252.150655 4266.569391 4281.910136 4298.750311 4303.531721 4288.949072 4277.549684 4263.291135 4255.790263 4253.180698 4228.148609 4236.770794 4243.731499 4259.949550 4277.400672 4294.320941 4299.419001 4286.060110 4301.728681 4310.119897 4312.420264 4304.930568 4293.719307 4281.660542 4268.519580 4250.660539 4233.879969 4222.009331 4211.029038 4197.480157 4185.758531 4175.040871 4166.429862 4166.450351 4182.981327 4201.279953 4205.839708 4190.111533 4179.459065 4162.371159 4158.619791 4144.340754 4134.129733 4152.560607 4159.659147 4172.340035 4190.359265 4206.769168 4212.930799 4228.468984 4234.230146 4240.160808 
1048576 4257.000983 4242.520779 4228.629172 4217.820242 4208.920524 4195.379093 4186.108708 4174.020141 4168.739542 4150.439054 4138.018936 4130.000249 4144.079983 4156.459123 4172.751680 4189.850762 4194.019362 4178.319126 4165.699705 4154.218361 4147.570580 4144.310951 4121.851176 4127.189517 4134.040326 4150.440916 4167.409614 4185.909405 4190.970212 4177.208990 4192.970693 4201.080650 4202.838987 4196.330905 4184.139892 4173.019901 4158.159718 4147.371277 4132.149741 4123.710096 4129.379988 4144.771025 4163.399339 4179.341719 4196.360707 4212.358966 4229.201004 4247.900099 4251.860082 4237.100482 4224.639386 4213.120788 4198.370501 4180.509597 4163.760692 4176.000133 4190.780222 4206.668586 4225.440323 4240.838811 4248.300567 4233.570769 4238.149151 4255.630076 
1048576 4440.311342 4435.351118 4430.320114 4415.579140 4400.679842 4390.908405 4379.570484 4367.180169 4354.750738 4343.030974 4325.669259 4317.151383 4299.299791 4289.180040 4277.309403 4266.770557 4271.371290 4256.309941 4246.499389 4232.760519 4223.419353 4213.370383 4191.551358 4202.030599 4212.209955 4227.250814 4242.869094 4260.491580 4267.361015 4278.799519 4291.700199 4297.040403 4298.249260 4295.039922 4285.249859 4274.489358 4264.861345 4279.449582 4296.639934 4312.910140 4327.788949 4341.220483 4359.209910 4375.448450 4391.349852 4404.831678 4420.600832 4427.880049 4429.390654 4428.250715 4417.911172 4401.288927 4391.770810 4378.419369 4366.099834 4349.930212 4351.489246 4365.891218 4382.830113 4398.521036 4407.020286 4421.729594 4431.169480 4438.489676 
1048576 4355.309531 4352.830350 4343.131557 4330.869764 4322.040826 4309.110343 4298.081622 4285.581410 4275.240004 4262.119532 4249.339923 4236.560315 4221.029580 4210.758954 4207.611084 4224.561155 4229.050130 4211.839288 4199.840128 4199.080169 4189.589992 4173.479974 4193.110391 4212.940112 4232.188687 4253.260791 4262.208939 4281.330854 4287.021235 4290.509969 4303.509369 4308.020696 4309.881479 4306.979477 4295.630381 4293.071106 4290.420562 4278.719425 4268.528894 4251.800478 4235.100001 4220.658913 4237.009212 4252.349958 4268.590361 4284.458235 4301.000386 4317.311570 4323.370755 4310.080782 4294.659942 4279.138520 4268.679768 4256.749526 4241.580144 4259.821028 4272.250459 4289.660603 4306.320101 4322.230816 4327.489063 4336.891696 4349.160939 4354.450852 
1048576 4338.789731 4335.599020 4323.840141 4311.870784 4302.538931 4290.660843 4278.959706 4266.569391 4261.400551 4243.331030 4231.370986 4214.499146 4210.809246 4210.429266 4226.539284 4244.530573 4248.939455 4233.710468 4219.841212 4208.140075 4203.269258 4189.800471 4175.301641 4195.319489 4204.839468 4218.328744 4233.410582 4249.921069 4252.070561 4239.140078 4255.710170 4261.169583 4263.039678 4259.830341 4245.100543 4228.020087 4217.369482 4204.010591 4188.150167 4178.199917 4188.170657 4203.299060 4221.091047 4236.830398 4252.620041 4267.910495 4284.780473 4302.131012 4308.968782 4295.799881 4283.331335 4267.320037 4256.220534 4240.440205 4226.658493 4242.829978 4256.058484 4272.060469 4289.310426 4307.519644 4312.438890 4316.410050 4331.680015 4337.070510 
1048576 4393.469542 4390.390590 4387.089983 4371.071234 4359.690472 4347.831011 4334.349185 4324.298352 4316.208884 4303.989932 4285.968840 4276.480526 4267.290235 4250.660539 4250.420257 4266.800359 4271.660000 4256.799817 4243.548959 4249.690101 4262.700677 4276.549444 4287.160933 4303.729162 4317.549989 4325.969145 4343.720153 4354.190081 4358.408973 4364.710301 4377.121106 4383.290187 4384.869710 4381.800070 4371.128976 4361.391068 4361.739382 4360.308871 4341.529682 4333.939403 4322.661087 4306.120798 4293.780774 4276.519641 4288.589582 4305.418581 4323.389381 4338.799044 4342.800006 4329.089075 4318.129271 4303.600639 4290.020093 4276.750609 4281.939939 4301.600158 4315.979779 4331.018776 4344.729707 4355.039448 4364.410415 4380.889237 4386.320710 4391.718656 
1048576 4268.079996 4264.989868 4255.579785 4244.619980 4235.589877 4218.380898 4202.660173 4190.560430 4178.531468 4166.189581 4155.550152 4144.661129 4150.290042 4165.789112 4179.159179 4194.209352 4200.728610 4187.071696 4176.899791 4172.028974 4189.450294 4207.929596 4217.149690 4233.689979 4248.751327 4256.280139 4261.689261 4276.679829 4282.590002 4288.120195 4299.899563 4304.200411 4306.500778 4303.049296 4294.389859 4291.450605 4286.020994 4276.270047 4260.070622 4247.969016 4239.939153 4225.350916 4218.719900 4217.319191 4193.160683 4200.950265 4217.449576 4233.799875 4239.190370 4225.039855 4211.079329 4201.579839 4190.471023 4182.679579 4161.288962 4171.079025 4178.989679 4194.870591 4213.368520 4229.839891 4237.160087 4249.129444 4261.229187 4266.859964 
1048576 4324.359819 4319.271073 4313.210025 4292.760044 4276.979715 4259.549081 4250.699654 4240.129143 4231.460392 4239.009693 4253.719002 4270.939156 4286.339507 4300.519824 4319.109023 4336.960614 4348.760471 4364.870489 4379.788414 4393.920302 4405.209795 4416.020587 4430.290312 4441.808909 4460.169002 4469.631240 4474.680871 4483.848810 4493.530840 4500.089213 4510.469735 4514.180124 4516.189918 4513.358697 4506.170750 4501.650110 4494.970664 4493.109882 4484.049976 4480.760545 4474.490881 4452.679306 4442.140460 4434.229806 4415.871575 4403.989762 4391.571507 4376.189783 4362.069070 4352.958873 4353.199154 4348.440096 4346.389323 4334.829748 4310.790449 4285.469651 4280.939698 4257.990047 4258.589819 4277.519882 4285.300151 4306.640476 4315.318540 4322.608933 
1048576 4281.740636 4278.909415 4273.761064 4259.848967 4251.699895 4245.169461 4237.560555 4219.990224 4204.548895 4185.400903 4166.059196 4154.071212 4168.661311 4184.480757 4201.550037 4217.950627 4223.410040 4208.531231 4193.110391 4182.690755 4172.220826 4157.898948 4144.789651 4163.749516 4173.899069 4189.779982 4206.428304 4223.519936 4228.219390 4239.089787 4250.420257 4255.060107 4256.509244 4253.219813 4245.389253 4234.300926 4223.890603 4213.370383 4195.299000 4184.449092 4175.350070 4164.319485 4154.231399 4166.519269 4177.100956 4191.990942 4206.830636 4225.879908 4231.680185 4215.938970 4197.970033 4190.379754 4191.679880 4175.690934 4163.291305 4185.831174 4201.609641 4219.248891 4239.959642 4249.120131 4253.460094 4266.640171 4275.100306 4280.898720 
1048576 4314.178601 4310.419783 4299.938679 4295.619205 4294.499755 4281.578586 4270.449281 4250.928760 4244.070500 4229.858518 4218.401387 4209.799692 4194.229841 4181.100056 4165.550694 4168.260843 4173.470661 4157.479852 4141.049460 4131.998867 4121.618345 4117.509350 4101.380706 4103.500396 4113.199189 4131.080583 4147.209227 4164.488986 4171.738401 4156.431183 4168.519750 4179.511219 4181.290045 4172.010347 4162.348807 4151.199013 4138.540477 4129.560664 4114.160314 4104.688764 4111.120477 4128.960893 4145.119339 4160.691053 4176.080227 4190.510139 4207.219929 4222.748801 4227.269441 4213.560373 4201.959819 4189.690575 4181.088880 4196.358845 4212.530330 4229.439422 4243.599251 4259.249195 4266.710952 4286.689684 4291.780293 4296.321422 4307.219759 4312.409088 
1048576 4235.269502 4229.569808 4222.128540 4207.449034 4193.579778 4183.899611 4168.989137 4156.639799 4149.839282 4166.800529 4187.529907 4207.769409 4223.689437 4238.998517 4255.080596 4273.129627 4276.819527 4261.879250 4249.610007 4238.281399 4224.009812 4241.650924 4260.450602 4277.519882 4291.851074 4308.329895 4313.779995 4334.900528 4339.721054 4343.599081 4356.730729 4361.258820 4362.318665 4359.830171 4348.119721 4347.579554 4347.449169 4328.919575 4316.700622 4303.509369 4297.619686 4279.501736 4264.440387 4249.049351 4235.960543 4218.468443 4216.680303 4223.160446 4225.969315 4223.249853 4211.120307 4199.059680 4184.469581 4174.510017 4158.370197 4140.859470 4148.179665 4160.460085 4176.419228 4192.279652 4199.139774 4215.838388 4225.760698 4234.118387 
1048576 4279.669374 4275.970161 4271.781072 4259.200767 4249.870777 4231.961444 4223.760217 4205.780104 4197.319970 4183.899611 4172.090441 4161.389545 4145.869985 4135.929048 4123.929888 4134.399816 4138.730466 4125.129431 4115.289077 4100.309685 4091.659561 4077.930003 4082.860425 4100.261256 4109.419882 4126.440734 4142.351449 4154.490307 4167.390987 4180.150107 4187.500104 4191.860557 4193.639383 4190.430045 4186.641425 4176.160321 4166.878760 4149.440676 4134.099931 4118.209705 4128.178582 4144.510254 4160.061479 4175.448790 4191.288725 4208.419472 4222.519696 4239.680246 4243.681207 4229.050130 4219.390452 4207.290709 4192.600027 4181.539640 4168.370739 4184.380174 4197.750241 4212.869331 4229.191691 4244.871438 4249.200225 4265.058786 4272.650927 4278.080538 
1048576 4331.950098 4324.289039 4311.488941 4299.569875 4290.029407 4275.670275 4263.779148 4250.509664 4242.319614 4223.538563 4211.358726 4200.980067 4214.148968 4228.569567 4243.360832 4252.098501 4253.590479 4251.899198 4239.350557 4224.529490 4220.090806 4206.530750 4190.390930 4177.751020 4175.510257 4191.519693 4207.741469 4226.669669 4233.939573 4245.679826 4257.719964 4262.600094 4264.321178 4261.460155 4251.949489 4242.090508 4232.080653 4222.879186 4202.550277 4203.129560 4208.719358 4222.989082 4240.779206 4256.619141 4271.779209 4286.110401 4301.670939 4319.159314 4323.748872 4308.858886 4298.320040 4282.329232 4273.019731 4262.378439 4242.978990 4251.630977 4263.950512 4280.980676 4298.759624 4314.240068 4321.059212 4306.159914 4319.630563 4330.489784 
1048576 4359.431565 4351.381212 4336.019978 4325.481132 4316.069186 4302.199930 4314.379767 4329.640418 4341.840744 4356.190562 4372.740164 4388.561472 4407.089204 4424.689338 4443.289712 4464.259371 4469.579086 4460.360855 4477.299750 4497.138783 4504.080862 4524.620250 4537.239671 4547.739401 4552.910104 4566.879943 4573.760554 4581.378773 4590.950906 4599.660635 4608.668387 4612.900317 4614.870995 4611.318931 4606.109113 4598.150030 4593.940452 4592.299461 4586.419091 4570.949823 4559.669644 4543.920979 4528.518766 4516.329616 4503.330216 4491.681233 4482.990131 4471.620545 4454.851151 4436.429590 4419.660196 4417.849705 4414.970055 4412.949085 4401.670769 4383.319989 4381.518811 4379.160702 4353.171214 4333.140329 4325.680435 4330.281168 4347.378388 4357.520491 
1048576 4271.430895 4261.830822 4249.140620 4230.080172 4214.698449 4203.869030 4192.970693 4184.279591 4192.458466 4208.900034 4223.879427 4233.920947 4247.268662 4262.849689 4277.219996 4293.560982 4300.039262 4292.320460 4306.338727 4332.959652 4345.878959 4368.091002 4378.069192 4387.609661 4392.391071 4401.970655 4412.429407 4420.079291 4428.509623 4438.390955 4446.638748 4451.198503 4452.990368 4450.010136 4444.429651 4440.629855 4440.870136 4439.540207 4432.650283 4422.748461 4423.890263 4412.310198 4401.300102 4373.610020 4352.848977 4332.620651 4313.440993 4303.120077 4286.920652 4284.879193 4280.578345 4271.380603 4256.909713 4245.279357 4232.930019 4222.899675 4215.650260 4207.100719 4202.568904 4217.779264 4222.540185 4241.639748 4256.960005 4269.780591 
1048576 4253.510386 4251.299426 4240.689799 4229.810089 4220.109433 4209.160805 4197.370261 4181.571305 4172.619432 4159.510136 4142.219201 4156.861454 4172.699526 4188.099876 4204.729572 4221.379757 4225.321114 4211.159423 4220.301285 4234.489053 4241.090268 4263.520241 4273.900762 4291.249439 4298.349842 4318.149760 4326.850176 4335.459322 4340.508953 4350.589588 4361.530766 4365.900531 4367.809743 4364.890978 4356.531426 4347.419366 4338.299856 4337.130114 4333.389923 4321.610555 4305.681214 4294.868559 4276.620224 4264.850169 4249.060526 4231.451079 4211.939871 4216.991365 4223.309457 4208.410159 4192.229360 4181.189463 4169.359803 4157.880321 4141.969606 4158.379510 4171.960056 4188.928753 4204.768687 4221.480340 4227.289930 4235.420376 4247.140139 4252.890125 
1048576 4238.879308 4228.439182 4216.900095 4203.809425 4188.131541 4174.590111 4163.589329 4150.370136 4143.061116 4130.510613 4118.870944 4112.370312 4101.838917 4106.050357 4123.149440 4139.920697 4144.569859 4129.670560 4115.710035 4104.340449 4096.839577 4111.800343 4128.288478 4144.350067 4159.620032 4176.069051 4182.349890 4201.600328 4206.439480 4209.300503 4223.268479 4227.738827 4229.890183 4226.868972 4215.920344 4215.570167 4211.170599 4198.320210 4186.740145 4175.210372 4162.540659 4147.989675 4148.930311 4164.509475 4180.818796 4196.310416 4211.070016 4228.159785 4232.039675 4218.019545 4207.031801 4191.311076 4184.070975 4165.139049 4153.590649 4158.090800 4171.919078 4186.799750 4204.330966 4219.681025 4226.349294 4212.308675 4224.259406 4237.119108 
1048576 4261.258990 4258.681089 4254.279658 4239.160568 4229.718819 4218.598828 4210.358486 4208.799452 4193.140194 4173.319787 4152.040929 4134.710878 4120.169207 4114.219919 4127.049819 4137.130454 4139.570519 4136.599600 4125.241190 4109.650850 4097.610712 4115.361720 4133.990034 4153.629765 4171.419889 4188.079387 4202.468321 4224.060103 4228.319973 4230.279475 4245.540127 4250.049591 4251.170903 4248.959944 4235.429689 4233.309999 4229.590297 4219.798371 4207.160324 4186.268896 4175.469279 4154.689610 4138.998687 4142.241552 4157.399759 4172.651097 4189.768806 4210.580140 4214.009270 4197.821021 4186.410457 4170.021042 4160.560668 4158.880562 4156.529903 4169.210792 4186.509177 4202.740267 4218.269140 4227.610305 4232.019186 4247.559234 4253.858700 4259.839654 
1048576 4199.599847 4196.081311 4183.460027 4166.219383 4155.240953 4137.430340 4120.519385 4109.399393 4099.609330 4089.409485 4105.210304 4121.109843 4135.329276 4149.761051 4165.669903 4182.768986 4186.170176 4171.729088 4159.050062 4147.389904 4138.899967 4146.190360 4161.110148 4175.480455 4189.139232 4206.370562 4216.279835 4229.009151 4241.639748 4246.950150 4255.840555 4260.199144 4261.760041 4258.569330 4253.551364 4250.230268 4241.580144 4229.459912 4217.779264 4199.421033 4193.829373 4179.690033 4164.241254 4148.209468 4139.270633 4145.888612 4162.060097 4181.409255 4184.700549 4170.190543 4158.278927 4141.939804 4134.530202 4122.160375 4109.321162 4126.681015 4137.260839 4151.731730 4168.421030 4184.730351 4187.049344 4175.849259 4192.151129 4198.599607 
1048576 4257.548600 4250.720143 4236.118868 4220.429808 4209.659994 4197.610542 4186.591133 4172.420129 4162.808880 4150.670022 4137.378186 4120.610654 4117.410630 4110.509530 4123.849794 4137.899727 4142.330959 4131.520167 4120.890051 4105.340689 4098.510370 4078.609869 4088.740796 4105.629399 4113.910720 4129.299894 4144.959152 4158.431664 4171.960056 4185.341299 4192.238674 4196.550697 4197.919741 4195.529968 4191.709682 4181.319848 4166.161641 4149.600863 4137.270153 4123.959690 4133.269191 4148.738459 4166.819155 4181.999713 4198.651761 4214.320332 4229.180515 4244.750366 4248.410463 4235.820845 4223.700613 4211.708903 4197.331145 4183.540121 4171.891138 4175.929353 4189.761356 4205.480218 4222.219810 4238.478839 4243.059084 4230.579361 4247.399047 4255.419597 
1048576 4295.870662 4292.190075 4288.971424 4282.850772 4272.749647 4259.929061 4248.660058 4235.910252 4224.129021 4210.490733 4198.689014 4186.550155 4178.809002 4176.350310 4190.599546 4205.109552 4207.700491 4196.351394 4188.269377 4173.120484 4165.260121 4146.369174 4130.361602 4140.419886 4153.721035 4166.569561 4181.040451 4199.311137 4207.620397 4225.518554 4233.671352 4237.620160 4238.920286 4236.539826 4231.929779 4214.810207 4202.470183 4184.829071 4172.939807 4159.860313 4150.319844 4138.940945 4156.218842 4171.188921 4186.799750 4202.749580 4218.131304 4234.559834 4238.400608 4225.479439 4213.569686 4201.009870 4190.789536 4176.719114 4193.691537 4209.090024 4224.259406 4238.869995 4255.939275 4262.620583 4275.828600 4283.329472 4288.790748 4294.279963 
1048576 4236.690700 4233.680665 4230.789840 4220.509902 4212.249070 4200.829193 4184.439778 4165.539518 4158.180207 4143.921658 4154.920578 4171.609879 4187.030718 4201.609641 4219.910130 4238.748923 4243.230447 4226.559773 4214.590415 4202.650860 4188.939929 4174.010828 4156.380892 4167.260602 4182.629287 4199.430346 4214.860499 4232.650623 4239.130765 4243.699834 4261.929542 4266.411066 4268.789664 4265.049472 4250.660539 4239.220172 4228.601232 4217.181355 4205.809906 4192.879423 4184.260964 4172.619432 4155.570641 4143.489525 4136.579111 4149.219021 4163.919017 4180.971533 4186.430946 4171.509296 4160.370678 4149.220884 4146.469757 4126.360640 4130.270332 4149.731249 4157.979041 4173.010588 4192.389548 4201.350734 4213.139415 4223.540425 4229.191691 4235.100001 
1048576 4359.308630 4343.351349 4328.500479 4316.909239 4306.530580 4297.310486 4287.309945 4280.298948 4262.160510 4249.960184 4233.138636 4217.270762 4202.080891 4193.970934 4196.520895 4213.899374 4217.350855 4203.541204 4190.148786 4174.999893 4167.659208 4151.729867 4140.019417 4158.990458 4170.591012 4187.090322 4201.669246 4218.120128 4223.970696 4237.569869 4246.639088 4251.470789 4253.208637 4250.420257 4244.038835 4232.859239 4222.670570 4217.769951 4227.679223 4243.219271 4258.679226 4276.238382 4292.000085 4310.941324 4327.980801 4344.640300 4363.510758 4372.499883 4373.108968 4371.799529 4357.181489 4340.769723 4329.979420 4312.070087 4294.089973 4282.951355 4293.290898 4310.689867 4328.990355 4348.250106 4355.099052 4337.219521 4339.430481 4358.591512 
1048576 4312.330857 4307.940602 4299.880937 4289.351404 4279.101267 4267.139360 4256.218672 4241.999239 4231.611267 4216.911271 4205.739126 4195.149988 4180.269316 4162.630066 4165.370017 4182.349890 4186.039791 4171.689972 4159.841686 4144.810140 4136.519507 4124.039784 4139.460623 4157.040268 4170.969129 4186.511040 4201.861098 4209.959880 4222.089425 4230.020568 4236.459732 4241.259769 4243.090749 4239.641130 4236.850888 4230.860621 4220.709205 4209.529608 4194.259644 4182.560369 4170.130938 4176.450893 4194.170237 4209.021106 4224.900156 4241.300747 4257.461056 4273.479804 4280.149937 4265.630618 4251.640290 4235.610366 4225.879908 4212.360829 4201.838747 4218.140617 4229.141399 4244.280979 4262.190312 4279.371351 4283.620045 4294.009879 4305.450246 4310.229793 
1048576 4339.041188 4335.530102 4326.689988 4316.000268 4306.929186 4294.479266 4278.568551 4265.809432 4258.649424 4240.270704 4229.540005 4220.031202 4210.039973 4192.579538 4193.980247 4209.348932 4215.249792 4201.669246 4190.990701 4177.169874 4163.429141 4144.871607 4157.630727 4178.378731 4195.678979 4213.418812 4230.581224 4238.730296 4243.120551 4253.899679 4264.781252 4269.240424 4270.799458 4268.260673 4260.109738 4249.000922 4235.550761 4226.351157 4214.530811 4206.689075 4208.439961 4203.699529 4220.860079 4235.390574 4250.651225 4266.830161 4284.229130 4300.020635 4305.750132 4292.679951 4276.350141 4261.430353 4253.821447 4239.859059 4227.299243 4243.630916 4256.131127 4271.870479 4288.030788 4306.200892 4310.101271 4320.900887 4331.229255 4336.889833 
1048576 4236.729816 4223.451018 4213.269800 4201.039672 4190.629348 4178.000614 4167.379811 4159.569740 4144.119099 4130.100831 4113.730043 4103.029147 4096.839577 4112.578928 4128.189757 4144.929349 4149.191082 4133.690149 4123.190418 4109.730944 4098.419100 4087.179899 4072.830081 4088.390619 4100.939259 4118.198529 4132.971168 4149.958491 4154.199734 4140.250385 4154.339433 4161.709920 4163.671285 4158.310592 4145.449027 4133.319482 4122.229293 4108.639434 4093.049094 4098.709673 4113.810137 4127.379507 4143.739119 4158.750176 4176.039249 4191.519693 4207.789898 4225.170240 4230.370745 4214.469343 4204.031080 4188.740626 4173.889756 4164.149985 4148.170352 4155.240953 4169.810563 4186.050966 4202.609882 4220.210016 4227.580503 4211.749882 4219.109192 4234.829918 
1048576 4365.168512 4361.961037 4358.120263 4351.230338 4341.289401 4329.949617 4318.410531 4300.039262 4292.460158 4280.731082 4268.379882 4257.410765 4246.728495 4230.748862 4229.260609 4246.911034 4250.921309 4236.478359 4221.130162 4210.690036 4204.470664 4218.179733 4236.189649 4250.798374 4265.420139 4282.459617 4287.511110 4307.840019 4312.120378 4316.119477 4329.320043 4333.589226 4335.099831 4332.980141 4320.349544 4318.080842 4315.989092 4304.878414 4292.389378 4272.639751 4266.830161 4251.230508 4240.240902 4240.280017 4256.639630 4272.120073 4289.358854 4304.889590 4310.149699 4296.759143 4283.720627 4267.908633 4259.899259 4245.610908 4262.698814 4278.160632 4292.510450 4307.609051 4325.950518 4331.680015 4343.610257 4352.729768 4358.520731 4363.728687 
1048576 4231.229424 4222.389311 4207.570106 4191.080108 4180.049524 4166.429862 4155.909643 4147.969186 4137.260839 4125.189036 4130.799323 4149.099812 4164.621234 4179.770127 4197.670147 4216.320813 4219.930619 4203.680903 4192.719236 4177.879542 4166.979343 4151.489586 4132.268950 4145.029932 4160.510376 4177.469760 4192.769527 4208.238795 4215.430468 4202.319309 4207.219929 4223.830998 4225.350916 4211.930558 4196.649417 4185.101017 4175.659269 4163.900390 4151.500762 4142.040387 4132.209346 4124.339670 4139.659926 4155.719653 4173.370078 4189.331084 4204.310477 4221.200943 4224.410281 4212.258384 4199.478775 4188.040271 4176.530987 4160.810262 4144.009203 4153.780639 4167.599604 4180.550575 4195.999354 4211.260006 4217.028618 4204.299301 4218.010232 4230.000079 
1048576 4283.849150 4280.591384 4275.269806 4262.939095 4250.569269 4232.650623 4220.340401 4209.989682 4198.860377 4185.458645 4169.130698 4155.199975 4163.799807 4180.861637 4199.631512 4217.639565 4221.860319 4206.819460 4192.419350 4178.250208 4164.809361 4150.150344 4132.570699 4145.290703 4161.499441 4178.289324 4192.950204 4206.968471 4212.930799 4202.410579 4208.300263 4223.799333 4226.159304 4211.969674 4198.988900 4185.998812 4174.450412 4162.169993 4151.450470 4141.660407 4141.110927 4157.189280 4172.800109 4189.088941 4204.969853 4219.179973 4233.390093 4250.628874 4254.929721 4239.998758 4229.279235 4217.250273 4206.649959 4195.790738 4175.849259 4184.830934 4196.830094 4210.818559 4228.601232 4244.539887 4253.059626 4268.350080 4276.780412 4282.068461 
1048576 4356.570542 4341.110587 4327.990115 4315.540195 4308.778793 4299.240187 4288.889468 4299.629480 4317.099229 4330.830649 4346.830770 4361.540079 4380.511120 4394.680262 4409.179091 4425.710067 4436.010495 4451.390356 4468.480125 4485.370591 4498.008639 4518.250003 4525.290802 4537.070170 4550.971091 4556.890577 4563.409835 4578.338936 4584.379494 4590.289667 4601.720721 4606.090486 4607.651383 4604.930058 4595.490173 4592.230543 4585.919902 4585.018381 4575.120285 4570.500925 4570.769146 4549.900070 4535.039887 4522.740841 4512.630403 4497.880116 4478.910938 4468.590021 4458.939657 4450.799897 4449.188709 4446.810111 4447.950050 4446.091130 4426.850006 4409.380257 4405.090585 4391.459748 4373.511299 4353.540018 4349.390045 4334.140569 4336.370155 4355.231300 
1048576 4247.941077 4243.589938 4234.399647 4223.510623 4213.999957 4197.400063 4185.680300 4164.699465 4156.598821 4144.109786 4131.140187 4127.981141 4141.040146 4153.130576 4169.259220 4186.950624 4188.779742 4173.710942 4162.311554 4154.279828 4145.629704 4133.610055 4115.050659 4120.869562 4129.640758 4145.860672 4162.749276 4182.720557 4186.218604 4176.991060 4196.008667 4201.568663 4203.340039 4200.100899 4183.471203 4167.011008 4154.371098 4136.549309 4119.869322 4107.860848 4104.299471 4120.429978 4139.209166 4153.780639 4167.720675 4181.629047 4197.578877 4214.448854 4219.138995 4204.710945 4193.270579 4181.429744 4172.429442 4161.279649 4139.849916 4148.580134 4157.520831 4172.988236 4191.931337 4208.320752 4216.270521 4228.821024 4239.851609 4245.888442 
1048576 4200.359806 4187.509418 4175.340757 4163.449630 4154.460505 4141.509533 4131.020978 4124.460742 4113.521427 4094.200209 4104.349762 4121.720791 4137.260839 4152.240232 4167.860374 4184.281453 4189.360887 4174.569622 4163.490608 4149.369895 4138.389602 4123.961553 4110.999405 4116.630182 4130.680114 4147.309810 4163.200036 4181.079566 4188.248888 4196.168855 4211.269319 4215.700552 4216.769710 4214.029759 4202.499986 4192.641005 4184.158519 4169.760272 4157.669842 4145.679995 4137.448967 4119.539633 4107.121378 4121.270031 4139.719531 4154.991359 4172.019660 4190.830514 4194.488749 4178.840667 4168.000072 4153.540358 4142.289981 4123.371094 4111.358896 4120.999947 4136.100411 4149.999470 4168.720916 4183.370620 4191.059619 4177.479073 4182.770848 4198.858514 
1048576 4400.799051 4396.330565 4392.370582 4387.229681 4372.879863 4358.518869 4348.009825 4324.398935 4316.890612 4298.960790 4286.549985 4283.200949 4275.429994 4254.359752 4249.129444 4260.970280 4262.538627 4256.630316 4245.588556 4230.950028 4223.158583 4205.320030 4192.940891 4182.370380 4191.629589 4207.950085 4225.490615 4241.948947 4245.549440 4256.570712 4272.559658 4277.570173 4279.350862 4276.141524 4264.559597 4252.269864 4241.270944 4239.860922 4223.920405 4222.160205 4225.779325 4241.479561 4262.208939 4279.790446 4294.190556 4305.141047 4320.738837 4338.540137 4342.390224 4327.990115 4319.120198 4308.920354 4300.100729 4282.310605 4297.491163 4317.509010 4332.259297 4344.819114 4360.329360 4367.150366 4378.911108 4386.529326 4393.000156 4399.081692 
1048576 4428.939894 4425.689578 4422.230646 4404.369742 4390.710965 4376.810044 4359.519109 4341.799766 4335.120320 4322.210327 4310.030490 4304.340109 4297.051579 4280.019552 4263.909534 4246.899858 4249.239340 4233.410582 4217.689857 4204.329103 4196.900874 4184.240475 4166.480154 4156.900570 4152.620211 4166.590050 4182.780161 4201.820120 4210.490733 4224.220291 4236.619920 4251.129925 4252.320156 4240.490496 4230.611026 4219.429567 4210.809246 4226.550460 4241.809249 4259.029403 4276.311025 4293.149337 4307.089373 4321.940243 4336.599261 4351.550713 4367.960617 4385.748878 4389.869049 4374.189302 4362.421110 4351.358861 4341.879860 4330.901429 4318.619147 4332.670942 4343.919456 4357.770085 4375.301301 4391.720518 4397.358745 4416.149110 4421.910271 4427.218810 
1048576 4299.100488 4293.460399 4279.868677 4264.188930 4254.220054 4241.669551 4231.121391 4218.971357 4207.570106 4192.089662 4174.690694 4163.609818 4174.089059 4190.711305 4200.890660 4213.130102 4214.540124 4209.330305 4202.010110 4187.028855 4173.269495 4161.229357 4154.378548 4166.340455 4178.969190 4199.391231 4217.639565 4234.230146 4249.248654 4260.489717 4266.070202 4271.870479 4273.138940 4269.680008 4266.839474 4258.370027 4241.960123 4223.709926 4205.269739 4195.159301 4179.749638 4189.120606 4206.469283 4222.400486 4239.000380 4254.069179 4268.720746 4285.721108 4289.560020 4274.878651 4267.830402 4250.390455 4239.009693 4226.751626 4209.320992 4218.390211 4232.540727 4247.538745 4264.729097 4281.051457 4286.430776 4274.100065 4288.719967 4297.619686 
1048576 4204.189405 4202.378914 4184.531048 4164.271057 4153.199494 4135.880619 4119.399935 4108.089954 4098.938778 4086.261615 4078.570753 4097.700119 4114.029929 4128.269851 4144.849256 4161.749035 4165.820777 4151.970148 4136.860371 4126.381129 4115.451127 4099.300131 4118.168727 4134.379327 4149.120301 4166.049883 4181.699827 4189.938307 4201.998934 4209.829494 4216.589034 4220.699891 4222.299904 4220.280796 4214.940593 4210.060462 4201.149568 4187.479615 4178.740084 4164.319485 4150.310531 4135.640338 4124.140367 4125.600681 4141.019657 4152.329639 4168.760031 4187.049344 4188.539460 4173.779860 4163.831472 4155.131057 4143.949598 4134.120420 4112.310708 4121.480510 4130.121320 4144.640639 4163.818434 4181.910306 4187.280312 4177.950323 4196.969792 4202.259704 
1048576 4288.909957 4282.008857 4269.128665 4256.909713 4245.800897 4229.189828 4217.170179 4205.528647 4196.869209 4177.721217 4165.848717 4153.789952 4146.210849 4132.760689 4137.910903 4158.910364 4164.069891 4146.071151 4131.089896 4115.268588 4101.520404 4084.039479 4096.308723 4117.248580 4134.709015 4152.601585 4169.538617 4179.909825 4182.901233 4197.219387 4206.480458 4211.120307 4213.079810 4209.948704 4204.289988 4187.989980 4172.738642 4160.899669 4141.250625 4152.219743 4167.148843 4183.098674 4199.080169 4214.780405 4229.480401 4244.858399 4259.739071 4276.759923 4280.779511 4266.329110 4256.280139 4241.809249 4230.109975 4219.530150 4204.818979 4210.209474 4222.661257 4238.080233 4254.568368 4270.881414 4276.350141 4263.490438 4277.989268 4287.870601 
1048576 4377.949983 4374.209791 4370.590672 4354.789853 4340.950400 4326.719791 4317.078739 4305.070266 4293.819889 4291.569814 4286.799580 4256.580025 4265.209660 4281.520844 4291.020334 4295.710474 4297.019914 4295.190796 4293.449223 4277.911037 4266.658798 4247.238860 4235.081375 4221.890122 4210.891202 4221.329466 4237.990826 4254.039377 4257.848486 4244.789481 4260.070622 4271.689802 4273.660481 4263.978451 4251.539707 4239.710048 4228.400066 4217.809066 4205.640405 4196.010530 4199.529067 4214.949906 4231.890664 4249.209538 4268.500954 4287.099466 4306.569695 4325.360060 4329.111427 4313.411191 4300.080240 4284.739494 4270.439968 4253.840074 4264.520481 4282.848909 4300.668836 4315.860569 4330.771044 4340.158775 4346.098751 4364.680499 4370.030016 4375.919700 
1048576 4284.420982 4281.040281 4276.281223 4270.950332 4262.959585 4249.880090 4236.631095 4223.959520 4215.549678 4198.489711 4186.160862 4175.489768 4188.811406 4203.099757 4218.539223 4235.059023 4238.691181 4225.010052 4213.539883 4203.218967 4189.420491 4177.119583 4195.030779 4210.378975 4224.650562 4240.199924 4255.359992 4263.101146 4277.499393 4283.919930 4289.319739 4294.199869 4295.589402 4292.890429 4288.749769 4289.491102 4275.729880 4258.139059 4245.799035 4233.978689 4224.389791 4212.509841 4196.150228 4186.360165 4175.420851 4191.059619 4206.771031 4223.980010 4227.319732 4212.958738 4201.801494 4186.280072 4177.641124 4165.789112 4180.619493 4198.059440 4212.250933 4227.541387 4244.379699 4251.619801 4264.248535 4270.929843 4277.300090 4282.630980 
1048576 4395.911470 4392.080009 4379.699007 4369.219765 4369.871691 4367.109388 4355.330020 4346.299917 4329.621792 4316.281527 4297.059029 4287.758842 4277.810454 4260.430112 4244.269803 4233.848304 4232.140258 4225.909710 4220.569506 4204.189405 4193.359986 4177.920520 4160.869867 4148.880020 4140.099511 4148.509353 4167.290404 4186.820239 4193.719476 4215.110093 4227.660596 4236.960784 4239.158705 4230.549559 4221.810028 4203.110933 4187.179729 4178.930074 4166.420549 4156.759009 4164.349288 4179.149866 4195.451736 4209.930077 4225.650802 4240.620881 4256.639630 4275.079817 4278.820008 4263.291135 4253.329709 4262.380302 4276.309162 4287.770018 4295.589402 4311.390221 4326.479509 4333.870485 4356.971011 4368.880764 4373.569041 4373.211414 4387.920722 4394.261166 
1048576 4255.000502 4246.069118 4233.598709 4218.610004 4209.710285 4201.721400 4185.341299 4173.370078 4172.939807 4190.681502 4207.359627 4225.330427 4240.380600 4255.810753 4271.728918 4286.840558 4290.189594 4279.188812 4263.751209 4254.460335 4243.129864 4233.408719 4236.798733 4250.310361 4264.160991 4278.039560 4292.421043 4305.530339 4317.410290 4333.479330 4339.968786 4344.519228 4346.169531 4343.358800 4338.389263 4327.829927 4312.340170 4299.990833 4281.520844 4270.769656 4261.359572 4248.280078 4236.979410 4226.369783 4211.479798 4209.609702 4224.659875 4243.070260 4246.521741 4232.751206 4220.969975 4207.089543 4192.780703 4180.859774 4168.959334 4174.791276 4189.800471 4203.571007 4220.269620 4236.128181 4241.980612 4228.871316 4242.030904 4253.340885 
1048576 4220.169038 4216.531292 4210.799932 4194.790497 4180.628806 4168.620333 4157.291725 4141.330719 4133.738577 4123.399034 4130.018875 4146.000370 4160.748795 4172.271118 4187.440500 4204.310477 4208.911210 4194.069654 4185.348749 4175.780341 4167.539999 4179.500043 4198.469222 4217.710346 4229.059443 4242.140800 4247.261211 4267.489538 4271.090031 4275.830463 4289.101809 4293.799400 4295.580089 4292.560741 4282.468930 4279.980436 4274.580628 4261.890426 4242.550582 4234.990105 4226.319492 4217.300564 4213.700071 4201.069474 4175.599664 4159.729928 4170.650616 4187.600687 4191.419110 4177.950323 4170.089960 4152.720794 4143.189639 4130.640998 4110.241309 4120.940343 4134.351388 4146.980122 4164.109007 4180.019721 4186.620936 4203.500226 4213.050008 4218.550399 
1048576 4349.811003 4346.489906 4342.580214 4338.329658 4329.070449 4316.229373 4298.890010 4281.518981 4273.829982 4261.549562 4249.731079 4240.630195 4229.390994 4215.050489 4203.610122 4193.419591 4200.279713 4184.849560 4168.270156 4163.438454 4161.300138 4148.690030 4130.790010 4120.789468 4136.810079 4157.559946 4177.369177 4196.651280 4202.449694 4211.500287 4224.749282 4229.610786 4231.099039 4227.919504 4217.620939 4211.250693 4201.080650 4192.519933 4171.309993 4173.580557 4176.810384 4193.829373 4209.330305 4224.849865 4240.069538 4256.099463 4271.609709 4289.060831 4292.961210 4278.799519 4266.239703 4253.910854 4244.649783 4231.398925 4249.649122 4263.568670 4276.858643 4291.608930 4309.790209 4316.018894 4331.801087 4337.469116 4342.678934 4348.531365 
1048576 4211.420193 4207.389429 4191.610962 4176.151007 4161.428660 4148.101434 4136.659205 4126.759246 4115.760326 4105.310887 4103.800282 4090.210423 4107.309505 4127.589986 4143.180326 4163.460806 4170.190543 4152.858630 4140.840843 4123.300314 4108.479246 4090.430215 4105.061293 4125.488922 4143.100232 4162.879661 4180.358723 4191.499203 4195.330665 4204.720259 4216.490313 4220.809788 4222.279415 4219.461232 4210.911691 4195.690155 4183.810204 4164.800048 4147.270694 4131.481051 4125.069827 4108.030349 4120.830446 4137.160257 4153.069109 4166.889936 4181.470722 4198.038951 4200.458527 4187.759012 4178.488627 4168.011248 4154.440016 4142.450169 4127.629101 4133.300856 4143.370315 4158.828408 4176.400602 4191.840068 4196.381196 4185.149446 4203.179851 4210.110754 
1048576 4406.109452 4402.618855 4398.679361 4391.379654 4381.790757 4370.881245 4356.050864 4344.379529 4332.980141 4319.710657 4308.899865 4297.569394 4286.430776 4273.569211 4257.800058 4265.729338 4272.269085 4257.550463 4244.768992 4225.891083 4227.779806 4220.429808 4214.059561 4232.339561 4246.149212 4265.189171 4282.990471 4292.080179 4295.568913 4309.419543 4319.081083 4323.529080 4325.270653 4322.111607 4316.208884 4304.599017 4293.911159 4287.550226 4275.290295 4263.980314 4250.150174 4250.559956 4266.349599 4280.960187 4297.530279 4314.029589 4328.880459 4346.180707 4351.260141 4335.230216 4325.238988 4308.041185 4298.770800 4288.550466 4303.889349 4318.200052 4333.510995 4348.389804 4365.179688 4372.678697 4383.601248 4392.089322 4399.070516 4404.461011 
1048576 4362.590611 4359.571263 4349.369556 4342.978820 4329.038784 4311.949015 4300.540313 4279.909655 4277.639091 4260.120913 4254.139960 4253.890365 4225.719720 4214.020446 4204.960540 4214.739427 4215.810448 4212.770611 4199.920222 4183.830693 4175.649956 4162.840545 4147.229716 4134.410992 4145.631567 4161.220044 4177.479073 4195.220768 4199.320450 4209.749401 4224.060103 4228.509963 4230.000079 4227.511585 4215.629771 4204.750061 4196.958616 4186.838865 4190.079868 4204.159603 4218.649119 4234.690219 4253.389314 4269.529134 4283.748567 4296.459258 4312.559962 4330.039024 4333.939403 4318.699241 4306.210205 4297.088832 4289.099947 4275.169224 4255.170003 4264.090210 4273.850471 4288.168624 4307.629541 4325.479269 4333.751276 4344.610497 4355.560988 4361.139610 
1048576 4272.921011 4269.249737 4259.539768 4249.740392 4241.079092 4223.350435 4206.709564 4195.021465 4184.879363 4171.419889 4162.488505 4146.330059 4141.530022 4141.859710 4157.621413 4174.338654 4175.798967 4161.370918 4149.731249 4141.770303 4133.170471 4118.308425 4101.818427 4106.828943 4118.040204 4134.658724 4150.880501 4169.829190 4173.578694 4164.360464 4180.490971 4185.680300 4188.070074 4184.620455 4172.299057 4154.080525 4142.180085 4127.150401 4107.018933 4115.359858 4128.228873 4145.640880 4162.058234 4177.790135 4192.490131 4206.428304 4222.089425 4239.121452 4244.409502 4229.279235 4217.470065 4207.549617 4193.630069 4186.840728 4166.720435 4174.910486 4183.569923 4198.720679 4216.810688 4234.818742 4242.919385 4253.638908 4265.090451 4270.698875 
1048576 4276.199266 4273.111001 4267.130047 4255.440086 4240.510985 4227.651283 4216.009751 4203.058779 4192.719236 4179.099575 4169.121385 4158.308730 4175.039008 4193.458706 4209.199920 4224.669188 4228.169098 4215.179011 4203.639925 4188.738763 4177.691415 4158.649594 4141.619429 4155.149683 4172.300920 4186.069593 4199.249670 4215.208814 4220.759496 4235.280678 4248.820245 4254.110157 4255.229607 4253.050312 4241.090268 4225.889221 4214.121029 4199.240357 4181.109369 4172.379151 4162.989557 4154.279828 4157.111049 4173.619673 4189.349711 4204.159603 4220.239818 4237.089306 4240.229726 4227.390513 4215.879366 4205.489531 4195.949063 4177.259281 4166.059196 4179.619253 4195.420071 4209.829494 4226.299003 4241.758958 4246.739671 4260.510206 4269.219935 4275.349900 
1048576 4259.470850 4256.209359 4252.109677 4246.490076 4237.361252 4224.680364 4210.550338 4193.069413 4185.421392 4173.379391 4162.279889 4151.819274 4140.790552 4127.280787 4142.049700 4159.139469 4163.909703 4148.729146 4137.400538 4123.019055 4114.039242 4101.919010 4087.330773 4103.140905 4116.170108 4132.090136 4147.689790 4164.630547 4167.670384 4154.419526 4169.460386 4176.801071 4178.401083 4174.059257 4160.670564 4146.078601 4136.389121 4119.439051 4107.460380 4095.099866 4086.479545 4102.539271 4119.019955 4133.591428 4148.799926 4164.529964 4181.560129 4198.059440 4201.479256 4187.090322 4177.859053 4161.519930 4152.430221 4141.340032 4156.829789 4173.191264 4187.151790 4201.509058 4218.949005 4225.229844 4238.590598 4245.830700 4252.189770 4257.790744 
1048576 4291.759804 4284.169525 4272.188991 4255.440086 4247.799516 4239.840433 4222.501069 4216.909409 4218.690097 4190.919921 4178.470001 4158.761352 4151.720554 4149.461165 4165.180027 4183.581099 4188.811406 4172.999412 4162.190482 4148.280248 4138.758406 4119.670019 4104.029387 4113.961011 4129.160196 4146.270454 4161.721095 4179.678857 4186.730832 4170.380533 4179.351032 4193.279892 4194.989800 4182.530567 4172.131419 4160.471261 4149.189219 4137.780517 4143.951461 4159.180447 4172.408953 4188.390449 4207.339138 4222.160205 4239.970818 4256.760702 4272.721708 4280.749708 4284.681752 4278.451204 4266.930744 4255.440086 4241.289571 4228.219390 4213.389009 4193.780944 4203.669727 4219.079390 4233.840853 4248.879850 4256.779328 4265.660420 4279.589280 4289.930686 
1048576 4191.501066 4184.288904 4172.349349 4158.910364 4143.940285 4130.719230 4119.329154 4105.819389 4096.610472 4083.370790 4087.878391 4102.651030 4119.960591 4134.351388 4146.829247 4163.159057 4169.048741 4155.680537 4146.508873 4135.549068 4124.220461 4132.529721 4155.188799 4172.479734 4187.319428 4202.518612 4207.400605 4215.590656 4226.710647 4235.088825 4241.909832 4246.590659 4248.689860 4245.219752 4240.550101 4236.299545 4227.949306 4214.709625 4198.970273 4187.280312 4176.801071 4164.298996 4161.641002 4144.409671 4132.229835 4145.639017 4161.730409 4179.019481 4182.510078 4169.158638 4154.810682 4144.230857 4133.239388 4121.730104 4103.738815 4112.390801 4124.158993 4139.119759 4157.369956 4173.019901 4179.839045 4165.459424 4179.149866 4189.770669 
1048576 4440.881312 4438.329488 4427.781329 4418.089986 4418.959841 4410.730675 4400.711507 4390.448332 4375.848919 4363.620654 4351.139069 4340.859130 4322.391003 4311.459139 4300.519824 4289.539531 4285.190254 4279.429093 4278.389737 4268.029705 4262.439907 4247.920588 4231.490195 4213.029519 4205.130041 4200.281575 4214.478657 4233.300686 4241.280258 4258.880392 4268.899560 4279.170185 4281.841218 4272.708669 4267.148674 4250.340164 4235.129803 4226.209596 4210.609943 4206.178710 4213.729873 4229.139537 4244.809970 4260.059446 4275.251180 4292.251542 4306.821153 4323.111847 4327.811301 4312.830046 4302.399233 4306.631163 4318.879917 4333.870485 4344.429821 4361.031577 4375.249147 4380.879924 4401.590675 4409.778863 4415.221512 4422.819242 4433.350638 4438.349977 
1048576 4291.640595 4288.440570 4276.679829 4266.129807 4256.440327 4244.130105 4232.900217 4214.439541 4207.840189 4195.939749 4177.570343 4166.839644 4155.829549 4137.769341 4147.849977 4163.859412 4167.580977 4154.320806 4139.220342 4132.328555 4141.109064 4161.098972 4171.429202 4187.090322 4202.360287 4213.789478 4223.849624 4245.329648 4249.850288 4251.979291 4266.910255 4271.341488 4272.660241 4270.490259 4257.179797 4255.309701 4254.831001 4241.429269 4223.089665 4212.899134 4203.189164 4190.068692 4181.100056 4196.230322 4211.820662 4227.790982 4244.139418 4261.570051 4264.730960 4251.269624 4239.380360 4223.451018 4213.478416 4200.780764 4183.501005 4192.270339 4205.079749 4219.789058 4237.251356 4253.700376 4260.720685 4270.950332 4284.301773 4289.651290 
1048576 4268.091172 4263.779148 4260.139540 4259.109497 4245.618358 4228.029400 4216.270521 4195.969552 4188.349470 4194.840789 4216.048867 4234.140739 4246.529192 4260.070622 4275.040701 4291.050136 4296.788946 4280.259833 4269.620404 4260.729998 4251.070321 4237.599671 4217.611626 4226.230085 4236.040637 4252.010956 4269.499332 4288.339987 4296.490923 4306.910560 4319.339991 4323.460162 4325.259477 4322.368652 4313.539714 4304.159433 4293.169826 4278.250039 4257.360473 4245.569929 4236.450419 4222.150892 4213.228822 4212.299362 4189.589992 4175.730050 4172.150046 4187.550396 4192.698747 4179.589450 4165.841267 4152.970389 4139.510915 4146.801308 4164.980724 4181.990400 4192.380235 4206.700251 4220.500588 4232.341424 4248.170182 4254.279658 4259.809852 4265.939817 
1048576 4341.149703 4337.519407 4331.611097 4320.500419 4303.740337 4291.739315 4276.789725 4265.319556 4258.649424 4247.089848 4227.869213 4218.000919 4213.228822 4227.468744 4240.609705 4255.950451 4260.091111 4247.700796 4238.409922 4224.959761 4216.019064 4220.269620 4237.670451 4250.660539 4264.561459 4280.451685 4291.480407 4307.819530 4319.420084 4325.181246 4334.781319 4338.650033 4340.460524 4337.849095 4331.240430 4329.470918 4321.010783 4308.380187 4288.278520 4271.620885 4264.790565 4253.270105 4241.550341 4247.481003 4263.460636 4277.840257 4291.759804 4308.419302 4311.328754 4298.331216 4290.090874 4275.228828 4266.548902 4247.630015 4235.690460 4242.029041 4252.800718 4268.029705 4285.240546 4301.480949 4309.941083 4326.550290 4334.680736 4339.380190 
1048576 4351.319745 4347.279668 4337.949678 4323.171452 4308.879375 4295.028746 4278.128967 4266.159609 4257.040098 4246.000201 4231.259227 4222.480580 4207.039252 4199.029878 4213.668406 4233.680665 4238.689318 4222.050309 4210.229963 4202.969372 4216.929898 4231.479019 4241.660237 4260.530695 4274.830222 4283.780232 4290.649667 4309.549928 4313.251004 4316.929728 4330.279306 4335.621372 4337.109625 4333.879799 4322.320223 4319.880158 4320.500419 4305.811599 4293.529317 4282.949492 4272.289574 4261.830822 4257.239401 4272.161052 4286.490381 4303.120077 4318.559542 4331.160337 4332.698882 4325.918853 4313.180223 4300.531000 4291.489720 4279.561341 4267.379642 4255.779088 4265.429452 4279.039800 4294.639453 4309.730604 4314.050078 4331.570119 4343.058914 4349.570721 
1048576 4352.038726 4348.820075 4345.690832 4329.230636 4315.629601 4302.378744 4284.638911 4268.290475 4261.229187 4246.830940 4237.629473 4237.350076 4249.811172 4265.969619 4282.541573 4296.699539 4298.059270 4289.310426 4276.549444 4261.080176 4253.469408 4240.019247 4224.810749 4214.851186 4223.670810 4239.989445 4254.959524 4273.090512 4279.000685 4296.490923 4311.529920 4315.920174 4317.380488 4315.219820 4303.229973 4287.490621 4273.040220 4263.080657 4250.640050 4233.449697 4224.950448 4211.099818 4208.680242 4227.379337 4245.998338 4262.629896 4279.479384 4294.520244 4298.890010 4286.510870 4276.020452 4259.979352 4246.670753 4228.869453 4239.998758 4259.139299 4273.219034 4286.041483 4301.089793 4311.479628 4322.420806 4339.270294 4345.279187 4350.699484 
1048576 4287.229851 4284.329712 4271.481186 4258.790985 4247.540608 4241.190851 4223.890603 4219.800234 4221.079871 4187.149927 4176.219925 4165.008664 4150.019959 4139.561206 4145.119339 4165.530205 4169.689491 4152.050242 4139.229655 4127.889872 4118.610173 4105.888307 4093.250260 4109.339789 4119.230434 4135.590047 4149.720073 4169.350490 4171.241075 4159.010947 4179.360345 4184.339195 4185.440019 4182.901233 4166.088998 4150.239751 4141.470417 4128.459841 4123.769701 4137.920216 4144.901410 4157.219082 4174.189642 4190.640524 4207.840189 4223.581403 4240.591079 4257.680848 4261.258990 4247.089848 4235.969856 4224.229604 4209.600389 4192.629829 4180.449992 4187.939689 4202.259704 4218.658432 4232.671112 4246.799275 4254.320636 4265.060648 4279.399291 4285.790026 
1048576 4336.530343 4333.060235 4329.029471 4316.300154 4304.539412 4285.838455 4276.070744 4261.249676 4252.450541 4238.728434 4226.669669 4215.249792 4204.459488 4200.549796 4214.139655 4230.979830 4234.589636 4220.779985 4213.050008 4201.078787 4188.010469 4174.709320 4154.501483 4165.019840 4176.950082 4191.219807 4206.828773 4224.890843 4233.080894 4249.399528 4258.230329 4261.849448 4263.870418 4261.149094 4256.028682 4241.209477 4226.559773 4209.479317 4197.981209 4183.329642 4185.449332 4201.101139 4217.719659 4234.140739 4248.870537 4263.959825 4279.930145 4296.900705 4301.350564 4286.300391 4276.039079 4262.709990 4253.759980 4236.610606 4224.989563 4241.479561 4255.069420 4269.178957 4286.201671 4301.790148 4307.551309 4322.148860 4328.818992 4334.969446 
1048576 4256.779328 4253.638908 4237.718880 4221.320152 4207.300022 4194.479436 4179.399461 4163.540900 4154.810682 4141.179845 4129.519686 4120.148718 4126.951098 4143.901169 4160.020500 4178.989679 4182.200879 4166.929051 4155.348986 4141.720012 4130.790010 4116.769880 4097.141325 4107.000306 4122.029990 4138.350487 4154.700786 4171.829671 4178.378731 4164.060578 4171.120003 4186.250269 4187.788814 4175.120965 4162.009805 4150.709137 4140.760750 4130.629823 4120.681435 4119.379446 4130.830988 4147.209227 4166.129977 4181.729630 4196.951166 4210.080951 4224.710166 4242.669791 4243.509844 4230.329767 4221.700132 4211.440682 4202.300683 4188.930616 4171.160981 4177.300259 4186.339676 4200.849682 4219.740629 4237.320274 4242.369905 4233.159125 4249.291494 4255.419597 
1048576 4310.648888 4306.398332 4302.700981 4293.220118 4279.289395 4265.209660 4253.489897 4235.431552 4227.880388 4215.750843 4204.340279 4194.580019 4180.030897 4162.801430 4159.448668 4172.870889 4179.190844 4167.551175 4159.059376 4148.250446 4134.038463 4121.080041 4130.389541 4150.450230 4167.290404 4183.860496 4198.569804 4205.709323 4210.770130 4222.670570 4233.239219 4237.720743 4239.710048 4236.379638 4228.999838 4218.369722 4205.649719 4193.618894 4175.061360 4158.979282 4154.069349 4154.728726 4171.948880 4188.848659 4205.418751 4220.750183 4235.491157 4250.029102 4254.510626 4241.721705 4230.760038 4217.920825 4207.739606 4192.331806 4197.830334 4215.801135 4227.319732 4242.690280 4258.921370 4269.910976 4284.219816 4297.019914 4302.360117 4308.139905 
1048576 4241.660237 4237.798974 4233.788699 4217.380658 4202.919081 4182.608798 4170.930013 4152.089357 4137.489945 4150.379449 4166.889936 4183.061421 4197.120667 4210.921004 4225.680605 4243.340343 4248.280078 4233.481362 4218.509421 4210.401326 4207.549617 4189.480096 4192.730412 4211.090505 4219.550639 4237.819463 4254.180938 4265.140742 4273.939878 4285.899922 4291.770980 4295.879975 4297.189415 4294.529557 4290.280864 4282.049835 4275.050014 4263.000563 4243.940115 4232.758656 4221.210256 4204.748198 4190.480337 4180.040210 4171.870649 4180.688411 4191.420972 4207.070917 4208.700731 4197.388887 4194.600508 4181.729630 4164.779559 4144.119099 4125.559703 4143.530503 4151.200876 4163.291305 4181.420431 4200.389609 4209.250212 4228.129983 4234.211519 4240.129143 
1048576 4228.321835 4224.799573 4216.050729 4205.709323 4196.209833 4179.198295 4162.861034 4152.240232 4141.690210 4128.249362 4118.420184 4136.050120 4152.048379 4168.510437 4183.469340 4200.158641 4204.191267 4190.050066 4178.939387 4166.979343 4152.860492 4138.609394 4119.290039 4132.760689 4146.059975 4160.508513 4173.779860 4191.849381 4196.360707 4182.970151 4196.600989 4208.959639 4210.690036 4201.000556 4184.950143 4171.229899 4159.150645 4146.089777 4128.530622 4122.359678 4113.500938 4102.800041 4118.459299 4134.070128 4148.630425 4162.589088 4177.959636 4194.689915 4200.000316 4184.309393 4174.590111 4163.810983 4152.759910 4134.120420 4125.330597 4127.031192 4140.190780 4156.529903 4174.489528 4190.269858 4198.899493 4209.009930 4221.159965 4226.909950 
1048576 4352.329299 4350.230098 4334.179685 4318.490624 4307.450727 4289.630800 4278.780892 4265.980795 4255.639389 4242.600873 4231.128842 4222.428426 4234.669730 4248.140380 4263.389856 4269.059747 4270.991310 4267.988726 4257.969558 4247.790202 4240.900278 4222.771153 4210.609943 4191.961139 4193.689674 4209.378734 4225.419834 4243.740812 4251.969978 4268.949851 4277.881235 4282.940179 4284.260795 4281.988367 4275.288433 4260.299727 4247.961566 4237.398505 4219.599068 4216.169938 4223.629832 4240.710288 4257.800058 4269.449040 4285.451025 4300.350323 4316.730425 4333.490506 4337.659106 4322.960973 4312.090576 4300.229251 4291.988909 4279.749468 4263.449460 4282.960668 4294.048995 4309.209064 4323.959351 4338.540137 4342.440516 4329.400137 4345.159978 4350.839183 
1048576 4209.820181 4197.590053 4187.310115 4173.271358 4164.531827 4151.660949 4141.569138 4133.719951 4117.991775 4132.829607 4149.999470 4167.510197 4180.800170 4197.681323 4214.068875 4231.320694 4236.670211 4222.219810 4206.899554 4191.929474 4183.398560 4170.868546 4186.749458 4202.809185 4218.380898 4234.928638 4250.129685 4258.640110 4267.061129 4277.469590 4284.178838 4289.001226 4290.679470 4287.900403 4283.349961 4275.860265 4265.569150 4254.281521 4241.451621 4231.950268 4222.190008 4203.770310 4192.119464 4178.449512 4160.238430 4159.981385 4175.938666 4193.529487 4200.430587 4184.590653 4175.510257 4159.098491 4144.549370 4130.270332 4118.150100 4133.140668 4147.579893 4164.269194 4181.031138 4198.469222 4203.731194 4188.358784 4192.810506 4208.289087 
1048576 4263.030365 4259.530455 4255.939275 4248.699173 4238.510504 4227.239639 4215.389490 4199.000075 4187.578335 4174.819216 4164.371639 4154.819995 4143.590108 4127.850756 4109.399393 4120.450467 4127.720371 4111.269489 4105.119035 4123.160616 4137.771204 4157.260060 4168.430343 4186.909646 4192.899913 4198.150709 4212.290049 4222.091287 4226.351157 4235.599190 4246.430472 4250.559956 4253.219813 4249.790683 4242.980853 4235.230386 4232.620820 4230.210558 4211.189225 4200.119525 4192.771390 4181.969911 4171.879962 4163.280129 4153.618589 4168.819636 4186.090082 4202.220589 4207.190126 4193.469882 4179.690033 4167.249426 4156.909883 4144.368693 4162.300378 4176.460207 4189.928994 4204.768687 4223.151132 4229.020327 4240.190610 4249.159247 4255.119711 4261.018708 
1048576 4211.859778 4206.789657 4194.140434 4179.270938 4165.370017 4148.298874 4137.029871 4116.758704 4123.849794 4139.751196 4156.529903 4172.788933 4187.049344 4203.330725 4217.509180 4235.161468 4238.918424 4224.169999 4212.480038 4197.910428 4189.210013 4177.059978 4191.759974 4208.181053 4223.329946 4240.760580 4254.508764 4261.720926 4276.070744 4283.590242 4290.049896 4294.101149 4295.350984 4293.570295 4289.310426 4284.970462 4273.019731 4260.959104 4251.379520 4236.079752 4225.151613 4209.330305 4201.360047 4188.559949 4171.730950 4166.599363 4181.429744 4198.420793 4202.419892 4187.731072 4175.961018 4167.750478 4158.880562 4149.131477 4126.211628 4135.198891 4143.390805 4159.560427 4177.808762 4193.790257 4199.059680 4188.839346 4202.410579 4210.799932 
1048576 4283.409566 4279.049113 4276.549444 4272.390157 4263.110459 4248.699173 4231.089726 4220.010713 4210.639745 4197.549075 4184.998572 4173.289984 4163.911566 4181.290045 4200.180992 4220.820963 4227.079451 4209.220409 4194.360226 4178.699106 4164.710641 4146.808758 4159.851000 4180.070013 4197.860137 4217.270762 4236.180335 4246.799275 4250.500351 4261.568189 4272.580147 4275.819287 4278.359935 4274.709150 4268.638790 4251.118749 4238.719121 4221.418872 4203.969613 4192.968830 4182.798788 4171.250388 4162.559286 4158.919677 4173.889756 4188.198596 4204.470664 4221.679643 4225.870594 4212.090746 4200.400785 4188.669845 4176.881164 4164.800048 4182.768986 4196.509719 4210.090265 4225.511104 4243.168980 4249.980673 4263.719544 4270.968959 4275.890067 4281.628877 
1048576 4445.988685 4439.281300 4427.330568 4415.929317 4407.260567 4397.429526 4380.870610 4363.309592 4356.538877 4368.180409 4385.748878 4401.270300 4415.519536 4431.169480 4448.169842 4465.928301 4471.831024 4490.720108 4506.908357 4522.560164 4529.180005 4547.020420 4559.300840 4572.389647 4591.880366 4603.229463 4608.729854 4617.501050 4625.609145 4634.220153 4644.069821 4648.480564 4649.750888 4646.729678 4639.970139 4632.988945 4625.910893 4623.560235 4613.589495 4611.009732 4607.871175 4580.389708 4570.040852 4560.129717 4543.850198 4532.789811 4520.978779 4503.898323 4498.628899 4482.388496 4473.280162 4472.160712 4456.801340 4444.519058 4432.799295 4416.650161 4408.119246 4395.401105 4389.030859 4404.069856 4411.539063 4420.170560 4435.278475 4444.081336 
1048576 4303.099588 4299.040884 4293.130711 4282.210022 4267.901182 4249.598831 4239.439964 4220.819101 4213.949665 4201.918840 4191.178828 4181.809723 4174.660891 4188.289866 4203.390330 4221.869633 4226.690158 4211.639985 4199.469462 4188.518971 4174.869508 4162.721336 4145.130515 4154.179245 4166.809842 4183.670506 4200.309515 4217.550159 4223.439842 4208.749160 4221.750423 4233.289510 4234.408960 4226.019606 4215.110093 4203.889519 4191.510379 4179.591313 4161.220044 4150.999710 4158.029333 4173.519090 4192.560911 4209.291190 4225.140437 4238.750786 4252.500832 4269.460216 4273.589700 4258.099943 4250.559956 4238.810390 4224.240780 4214.448854 4195.898771 4205.539823 4214.879125 4230.059683 4247.721285 4263.598472 4272.380844 4286.490381 4295.310006 4301.169887 
1048576 4315.929487 4309.888929 4294.579849 4282.740876 4274.940118 4265.740514 4254.810512 4236.230627 4225.200042 4209.900275 4197.310656 4192.329943 4207.780585 4217.751324 4230.910912 4248.321056 4252.690822 4237.901419 4229.359329 4222.029820 4211.800173 4196.630791 4210.058600 4229.489714 4245.510325 4259.770736 4271.419719 4278.490320 4291.299731 4299.759865 4305.660725 4310.620949 4311.520606 4309.311509 4307.609051 4300.260916 4284.990951 4266.850650 4254.590720 4238.370806 4227.919504 4216.568545 4231.549799 4244.469106 4261.439666 4277.581349 4295.049235 4303.550348 4307.219759 4303.459078 4290.910438 4274.640232 4262.959585 4248.609766 4237.560555 4226.280376 4222.670570 4241.179675 4261.020571 4280.140623 4286.780953 4288.339987 4305.699840 4314.430058 
1048576 4263.369367 4258.990288 4248.788580 4237.661138 4229.970276 4213.169217 4196.649417 4184.240475 4175.528884 4164.610058 4163.090140 4151.720554 4127.699882 4144.368693 4160.640761 4177.309573 4183.709621 4167.489707 4156.559706 4142.820835 4133.118317 4119.539633 4104.679450 4117.229953 4132.159054 4149.559885 4165.129736 4183.050245 4187.589511 4171.889275 4181.548953 4192.860797 4194.499925 4184.780642 4173.770547 4158.800468 4149.360582 4136.880860 4124.369472 4113.269970 4117.799923 4134.308547 4154.680297 4169.890657 4183.189943 4196.198657 4212.090746 4229.759797 4234.720021 4219.090566 4208.959639 4196.869209 4188.120365 4176.011309 4158.569500 4163.891077 4173.029214 4188.999534 4208.071157 4224.739969 4232.449457 4242.358729 4255.549982 4261.629656 
1048576 4205.070436 4199.989140 4184.579477 4172.889516 4161.240533 4148.371518 4137.931392 4119.800404 4112.260416 4093.989730 4109.770060 4127.750173 4141.669720 4155.788571 4170.238972 4186.490551 4189.681262 4176.340997 4167.590290 4157.029092 4142.560065 4133.678973 4137.029871 4150.619730 4162.328318 4178.788513 4196.250811 4207.029939 4221.800715 4230.618477 4236.409441 4241.859540 4243.629053 4239.689559 4236.090928 4229.400307 4220.450297 4202.930257 4186.740145 4175.260663 4164.000973 4152.391106 4140.239209 4128.290340 4145.380110 4160.439596 4175.320268 4191.329703 4194.678739 4182.931036 4170.289263 4157.170653 4146.559164 4134.839401 4116.538912 4124.918953 4137.270153 4153.238609 4168.748856 4184.639081 4189.629108 4178.509116 4194.360226 4203.099757 
1048576 4275.660962 4272.580147 4267.700016 4252.858460 4239.249974 4227.150232 4216.181114 4206.418991 4190.418869 4180.390388 4163.999110 4152.450711 4142.900929 4151.189700 4165.628925 4182.679579 4187.431186 4171.889275 4161.929712 4152.061418 4137.601703 4128.489643 4133.569077 4146.270454 4159.189761 4175.439477 4192.311317 4203.628749 4217.160866 4227.511585 4233.550280 4238.279536 4239.810631 4238.098860 4234.099761 4225.380719 4216.060042 4202.650860 4182.821140 4171.030596 4161.849618 4146.778956 4156.179726 4173.200577 4188.470542 4203.269258 4218.559712 4235.429689 4239.089787 4225.350916 4215.840250 4204.308614 4188.571125 4177.860916 4162.659869 4179.099575 4195.461050 4211.120307 4226.639867 4241.071641 4245.499149 4261.439666 4268.158227 4273.749888 
1048576 4311.339930 4299.849272 4283.169284 4268.029705 4257.408902 4242.230207 4230.748862 4218.330607 4212.990403 4202.621058 4186.781123 4176.190123 4162.600264 4145.588726 4154.600203 4173.090681 4179.539159 4161.991179 4146.080464 4139.430821 4141.850397 4123.540595 4111.900926 4138.140008 4149.779677 4168.840125 4187.241197 4197.599366 4201.509058 4214.091226 4223.929718 4228.441045 4230.361432 4227.319732 4221.821204 4209.419712 4202.909768 4193.849862 4181.940109 4164.319485 4180.109128 4194.458947 4213.148728 4230.599850 4248.769954 4262.169823 4274.578765 4289.809614 4294.939339 4283.940420 4277.801141 4264.390096 4253.489897 4234.408960 4217.220470 4232.939333 4250.228405 4268.540069 4286.210984 4300.860688 4306.299612 4293.661565 4295.390099 4309.190437 
1048576 4269.350320 4251.891747 4236.619920 4220.940173 4211.571068 4200.700670 4191.190004 4180.191085 4175.499082 4155.369475 4143.588245 4133.759066 4149.110988 4165.479913 4180.550575 4195.550457 4199.489951 4187.390208 4174.880683 4160.979763 4150.029272 4156.500101 4174.400121 4188.990220 4201.648757 4218.030721 4229.711369 4243.290052 4258.420318 4264.999181 4270.739853 4275.299609 4276.489839 4274.349660 4272.349179 4267.379642 4256.989807 4244.031385 4224.989563 4213.290289 4203.910008 4191.450775 4181.910306 4185.110331 4202.621058 4219.228402 4238.219932 4259.150475 4265.500233 4247.909412 4231.810570 4216.559231 4204.841331 4189.951345 4171.188921 4183.929414 4200.508818 4218.781367 4238.229245 4258.250818 4265.140742 4246.579483 4248.550162 4268.079996 
1048576 4281.591624 4278.739914 4265.829921 4249.569029 4237.739369 4223.980010 4211.990163 4199.249670 4190.480337 4178.389907 4172.559828 4154.359922 4149.250686 4164.531827 4180.310294 4197.970033 4202.619195 4187.289625 4175.659269 4162.119702 4154.158756 4139.769822 4156.859592 4172.580317 4185.600206 4202.730954 4217.060283 4225.241020 4239.380360 4245.508462 4251.589999 4256.818444 4258.489236 4255.590960 4253.890365 4248.499870 4238.329828 4226.310179 4208.089784 4197.061062 4185.440019 4172.569141 4163.449630 4179.840907 4199.860618 4217.009991 4235.358909 4252.180457 4255.669191 4240.399227 4230.098799 4213.741049 4202.689976 4184.771329 4167.729989 4180.859774 4196.729511 4212.221131 4227.619618 4239.359871 4246.300086 4257.610068 4273.910075 4279.918969 
1048576 4205.558449 4200.100899 4187.349230 4168.380052 4154.989496 4141.811281 4130.389541 4116.341472 4108.481109 4112.910479 4129.350185 4145.551473 4159.759730 4177.009687 4192.059860 4207.458347 4214.320332 4201.240838 4190.109670 4175.519571 4167.210311 4152.860492 4135.010764 4151.830450 4167.160019 4183.050245 4199.471325 4217.360169 4221.079871 4205.999896 4210.088402 4224.510863 4225.790501 4213.368520 4200.149328 4188.600928 4176.300019 4163.179547 4153.089598 4144.800827 4131.160676 4128.038883 4124.499857 4131.529480 4148.511216 4161.320627 4175.320268 4191.529006 4194.429144 4181.860015 4173.509777 4161.749035 4148.351029 4137.158394 4122.029990 4127.459601 4137.551412 4151.778296 4169.270396 4186.449572 4190.910608 4180.029035 4196.250811 4203.710705 
1048576 4250.679165 4247.549921 4236.640409 4227.720201 4218.161106 4201.449454 4184.560850 4173.070192 4164.451733 4151.308909 4133.699462 4124.810919 4115.430638 4129.119217 4144.430161 4161.700606 4166.351631 4151.798785 4140.049219 4128.970206 4118.889570 4105.690867 4091.529176 4107.629880 4120.049998 4135.640338 4150.429741 4167.279229 4170.740023 4157.060757 4172.010347 4179.079086 4180.951044 4176.110029 4162.920639 4146.259278 4134.200513 4123.318940 4111.150280 4099.279642 4108.330235 4123.130813 4140.678793 4156.809300 4171.749577 4184.210673 4200.220108 4218.010232 4222.320393 4208.019003 4195.829853 4181.910306 4174.480215 4163.080826 4146.300256 4151.670262 4162.840545 4177.970812 4195.621237 4213.221371 4221.910611 4231.350496 4243.418574 4249.339923 
1048576 4281.580448 4278.050736 4272.799939 4257.990047 4243.658856 4225.820303 4209.700972 4199.000075 4189.549014 4181.431606 4180.569202 4170.099273 4141.310230 4127.249122 4117.609933 4134.139046 4137.869924 4123.000428 4113.228992 4097.649828 4091.730341 4108.140245 4123.300314 4139.291123 4153.899848 4170.130938 4176.968709 4197.770730 4201.671109 4203.990102 4218.468443 4223.041236 4225.390032 4221.860319 4210.589454 4206.229001 4203.779623 4194.200039 4177.499563 4165.749997 4155.280069 4141.010344 4131.199792 4149.548709 4168.629646 4187.570885 4207.238555 4228.159785 4232.838750 4215.739667 4201.790318 4185.149446 4169.810563 4152.920097 4166.379571 4185.648635 4203.720018 4222.040996 4239.909351 4247.998819 4252.448678 4266.060889 4274.111241 4279.980436 
1048576 4214.130342 4207.501188 4195.259884 4183.510318 4168.368876 4156.209528 4145.329818 4131.359980 4123.810679 4106.041044 4094.759002 4089.610651 4097.009078 4110.239446 4125.230014 4142.209888 4148.861393 4131.929949 4116.039723 4111.448303 4110.949114 4132.529721 4149.110988 4170.071334 4187.161103 4196.489230 4202.969372 4220.860079 4225.371405 4229.450598 4242.919385 4247.540608 4248.630255 4246.219993 4234.841093 4231.659696 4231.270403 4219.099879 4209.579900 4204.038531 4188.640043 4173.690453 4155.069590 4138.831049 4153.540358 4166.871309 4183.400422 4200.458527 4204.571247 4189.129919 4178.099334 4166.720435 4155.080765 4137.629643 4127.658904 4132.790491 4146.480933 4161.980003 4179.019481 4196.649417 4201.700911 4189.269617 4203.459248 4212.269560 
1048576 4307.130352 4303.280264 4291.569814 4279.309884 4269.730300 4258.370027 4248.041660 4236.999899 4222.290590 4207.989201 4190.539941 4179.120064 4185.909405 4202.770069 4219.550639 4235.960543 4239.950329 4226.069897 4213.999957 4198.448732 4188.129678 4169.499502 4151.750356 4167.130217 4181.489348 4197.670147 4210.690036 4225.280136 4230.929539 4245.080054 4260.079935 4264.289513 4266.100004 4263.048992 4252.308980 4236.528650 4224.490374 4210.719839 4192.249849 4179.639742 4171.989858 4179.300740 4194.959998 4209.840670 4225.850105 4241.580144 4256.810993 4275.688902 4280.060530 4264.289513 4253.629595 4236.988723 4225.660115 4213.919863 4204.649478 4205.171019 4219.409078 4235.891625 4252.679646 4269.270226 4276.439548 4284.350201 4299.420863 4305.070266 
1048576 4433.810711 4430.949688 4421.029240 4417.961463 4411.889240 4401.059821 4391.301423 4373.239353 4365.511239 4352.400079 4340.449348 4327.800125 4316.018894 4300.940782 4283.960909 4273.369908 4263.600335 4262.110218 4249.939695 4236.821085 4227.729514 4214.450717 4202.218726 4187.630489 4185.101017 4200.220108 4217.021167 4235.839471 4242.280498 4257.449880 4268.020391 4273.131490 4274.560139 4271.430895 4263.030365 4252.580926 4241.550341 4225.429147 4212.889820 4220.789298 4234.949127 4249.410704 4268.640652 4282.981157 4299.189895 4314.331338 4331.698641 4348.289222 4353.560507 4339.249805 4323.011264 4314.340651 4305.280745 4322.670400 4336.768761 4352.679476 4366.530105 4382.679239 4390.379414 4404.699430 4411.468282 4417.790100 4427.980632 4433.119670 
1048576 4467.569292 4463.139921 4450.589418 4441.339523 4434.179515 4416.910931 4405.280575 4388.248548 4379.428923 4397.269338 4413.200542 4424.639046 4436.969757 4451.539367 4469.828680 4491.990432 4499.390721 4518.939182 4539.949819 4557.900131 4568.498582 4588.050768 4593.379796 4601.061344 4609.949887 4617.530853 4624.471068 4636.550322 4642.730579 4650.449380 4661.099985 4666.268826 4667.850211 4664.439708 4656.698555 4651.580006 4647.769034 4646.210000 4635.680467 4629.250616 4630.690441 4603.050649 4596.279934 4594.638944 4570.370540 4560.871050 4541.119561 4522.768781 4506.949335 4495.311528 4495.611414 4493.258893 4481.751472 4468.360916 4453.200847 4442.378879 4435.360432 4418.199882 4414.409399 4432.000220 4438.430071 4444.379359 4459.129646 4466.099665 
1048576 4263.240844 4261.441529 4257.690161 4247.760400 4239.410162 4227.409139 4210.559651 4200.380296 4185.240716 4172.090441 4159.670323 4147.930071 4132.779315 4140.870646 4156.770185 4173.329100 4179.120064 4163.999110 4147.119820 4143.150523 4141.760990 4126.470536 4117.909819 4133.628681 4148.630425 4169.709980 4189.830273 4198.510200 4203.600809 4216.479138 4226.498306 4230.709746 4231.808707 4229.299724 4222.389311 4211.219028 4205.171019 4195.040092 4184.078425 4159.890115 4153.350368 4132.268950 4131.799564 4147.058353 4162.130877 4177.179188 4192.451015 4207.918420 4212.459549 4198.620096 4189.219326 4174.079746 4168.329760 4155.751318 4158.349708 4174.260423 4185.250029 4202.218726 4219.170660 4228.081554 4240.410402 4252.400249 4257.598892 4262.940958 
1048576 4316.808656 4313.400015 4309.941083 4307.100549 4295.188934 4280.349240 4263.559356 4253.080115 4241.529852 4229.020327 4216.799513 4207.240418 4191.121086 4178.438336 4173.709080 4157.179967 4161.588848 4147.160798 4136.350006 4126.150161 4122.588784 4102.740437 4106.679931 4125.969484 4135.560244 4150.619730 4167.169333 4178.130999 4192.331806 4200.799391 4207.121208 4211.770371 4213.729873 4210.378975 4207.231104 4200.359806 4191.091284 4172.990099 4161.259159 4143.889993 4144.990817 4161.721095 4178.721458 4192.689434 4207.730293 4222.361371 4238.551483 4255.659878 4259.789363 4244.480282 4234.749824 4224.430770 4212.809727 4200.020805 4214.899614 4232.279956 4246.570170 4259.839654 4276.340827 4282.789305 4298.418760 4303.669557 4309.050739 4314.890131 
1048576 4253.340885 4249.770194 4246.380180 4234.479740 4223.451018 4208.389670 4190.720618 4178.971052 4169.549793 4156.369716 4144.160077 4137.460142 4137.350246 4151.780158 4167.079926 4180.990160 4184.249789 4173.049703 4162.959754 4148.470238 4139.728844 4121.540114 4103.580490 4115.810618 4127.360880 4141.619429 4156.980664 4174.171016 4181.249067 4200.128838 4208.410159 4212.779924 4214.448854 4212.269560 4206.251353 4189.670086 4178.270698 4160.730168 4152.230918 4141.200334 4134.830087 4131.620750 4123.670980 4132.799804 4149.699584 4164.820537 4179.120064 4194.989800 4199.260846 4186.699167 4175.450653 4163.669422 4158.770666 4137.169570 4143.418744 4164.090380 4170.998931 4187.308252 4203.569144 4213.739187 4226.788878 4240.600392 4246.558994 4251.830280 
1048576 4307.059571 4303.500056 4300.670698 4284.590483 4270.190373 4253.089428 4243.040457 4224.050790 4208.289087 4188.679159 4168.031737 4147.291183 4131.799564 4139.499739 4154.859111 4171.138629 4177.588969 4162.060097 4151.590168 4137.719050 4126.179963 4107.819870 4096.619785 4111.779854 4126.550630 4143.791273 4159.260541 4177.570343 4181.260243 4166.919738 4175.269976 4186.920822 4188.340157 4179.060459 4167.130217 4155.369475 4144.160077 4132.628441 4120.299593 4131.998867 4151.491448 4170.989618 4189.960659 4202.110693 4214.379936 4229.990765 4246.961325 4265.470430 4269.490018 4254.380241 4242.919385 4229.830578 4223.348573 4210.999236 4196.740687 4217.609763 4226.779565 4239.451140 4254.380241 4270.000383 4276.968539 4294.568673 4300.450906 4305.340350 
1048576 4233.559594 4229.130223 4215.780646 4199.350253 4188.649356 4174.711183 4163.790494 4168.000072 4185.929894 4205.690697 4226.019606 4236.290231 4246.551543 4261.150956 4277.959466 4296.019673 4302.380607 4284.810275 4267.400131 4259.260371 4262.520000 4245.530814 4235.411063 4260.970280 4266.479984 4277.860746 4289.159551 4305.349663 4310.820252 4331.070930 4338.329658 4342.690110 4344.440997 4341.788590 4337.878898 4319.759086 4303.269088 4284.480587 4264.758900 4252.789542 4242.679104 4223.998636 4212.589934 4201.840609 4191.869870 4189.610481 4203.850403 4220.260307 4224.149510 4210.671410 4199.471325 4187.790677 4173.759371 4159.338772 4141.779616 4152.681679 4167.141393 4181.789234 4198.580980 4215.069115 4219.649360 4208.149388 4224.788398 4232.080653 
1048576 4253.119230 4237.851128 4221.620038 4209.920764 4201.909527 4194.371402 4184.540361 4172.548652 4157.289863 4141.639918 4136.430100 4151.560366 4163.840786 4178.749397 4196.060821 4213.629290 4216.520116 4201.270640 4185.469821 4177.380353 4168.778658 4155.369475 4139.738157 4145.180807 4157.138988 4173.999652 4192.579538 4211.569205 4215.730354 4204.548895 4220.230505 4226.410761 4227.690399 4224.419594 4211.381078 4196.679220 4184.789956 4165.861756 4148.479551 4136.780277 4127.349705 4136.910662 4155.389965 4171.589389 4187.120125 4204.411060 4221.579060 4242.369905 4247.630015 4231.050611 4216.250032 4201.808944 4186.408594 4172.289744 4154.888913 4170.540720 4185.600206 4203.900695 4222.499207 4242.049530 4249.239340 4231.149331 4233.309999 4252.061248 
1048576 4292.020574 4288.889468 4280.690104 4268.828779 4258.468747 4245.240241 4235.310480 4219.310358 4212.781787 4194.380715 4190.258682 4171.470180 4158.020020 4169.009626 4184.879363 4201.911390 4203.980789 4189.549014 4178.509116 4169.510677 4161.801189 4146.980122 4131.110385 4135.679454 4145.888612 4162.210971 4178.531468 4197.031260 4201.639444 4191.748798 4209.131002 4214.840010 4216.479138 4213.640466 4198.880866 4182.239994 4167.839885 4153.739661 4141.660407 4128.910601 4142.180085 4156.248644 4171.870649 4189.219326 4205.558449 4221.361130 4236.290231 4252.940416 4258.219153 4244.720563 4234.910011 4217.749462 4206.089303 4192.339256 4180.509597 4197.979346 4210.280254 4225.939512 4243.031144 4259.111360 4263.671115 4274.679348 4285.000265 4290.418699 
1048576 4357.870668 4355.760291 4351.429641 4347.581416 4338.979721 4325.019196 4311.049357 4294.130951 4285.920411 4272.179678 4259.729758 4248.859361 4238.341004 4225.790501 4214.208573 4207.080230 4211.449996 4197.400063 4182.279110 4172.351211 4158.169031 4168.540239 4182.629287 4200.439900 4215.970635 4232.019186 4239.149392 4248.250276 4263.838753 4271.160811 4277.490079 4282.390699 4283.690825 4281.079397 4276.601598 4273.470491 4260.729998 4250.008613 4234.209657 4222.249612 4212.649539 4203.250632 4219.500348 4234.559834 4249.829799 4265.010357 4280.909896 4297.399893 4300.849512 4287.058488 4275.958985 4264.580086 4255.758598 4242.351279 4256.369546 4272.870719 4286.479205 4302.840680 4318.900406 4325.898364 4340.110347 4346.240312 4351.470619 4357.239231 
1048576 4246.050492 4242.470488 4239.140078 4223.961383 4212.399945 4200.259224 4183.610901 4172.928631 4162.309691 4149.129614 4137.910903 4124.971107 4119.409248 4115.270451 4132.369533 4148.850217 4154.819995 4139.060155 4123.020917 4113.748670 4104.468971 4085.708410 4074.539989 4089.919850 4104.061052 4119.910300 4134.669900 4154.160619 4158.241674 4142.671824 4154.259339 4165.031016 4166.349769 4157.399759 4145.819694 4135.340452 4124.218598 4110.869020 4099.348560 4086.280242 4095.651209 4110.550508 4126.649350 4142.500460 4158.260301 4173.200577 4189.260304 4206.560552 4210.229963 4195.021465 4185.710102 4170.360044 4162.779078 4145.329818 4134.118557 4150.159657 4164.960235 4179.360345 4195.548594 4210.710526 4217.220470 4232.829437 4239.339381 4244.290292 
1048576 4351.958632 4350.399598 4344.560206 4329.610616 4320.720211 4306.059331 4293.289036 4280.660301 4270.520061 4258.599132 4246.011376 4233.600572 4221.940413 4210.319370 4198.359326 4191.439599 4195.490852 4180.740565 4168.270156 4156.960174 4146.169871 4131.261259 4115.760326 4121.350124 4137.299955 4153.739661 4168.650135 4186.458886 4192.840308 4178.181291 4186.600447 4199.819639 4202.030599 4190.159962 4177.629948 4165.409133 4163.939506 4163.019359 4179.229960 4188.060760 4200.810567 4216.389731 4233.891144 4248.879850 4265.869036 4280.868918 4296.110943 4312.319681 4316.469654 4303.939641 4292.160273 4280.610010 4265.980795 4252.390936 4241.660237 4256.561399 4270.570353 4285.300151 4302.699119 4317.009822 4323.188215 4338.199273 4345.310852 4350.850359 
1048576 4260.709509 4258.470610 4253.720865 4239.909351 4230.258986 4212.420434 4201.559350 4189.420491 4177.829251 4163.309932 4150.770605 4139.579833 4129.860550 4112.310708 4121.659324 4138.719290 4143.999889 4128.089175 4112.569615 4102.449864 4091.409966 4077.849910 4096.500576 4111.429676 4124.859348 4140.790552 4155.898467 4164.839163 4176.290706 4185.279831 4191.450775 4196.019843 4197.649658 4193.808883 4190.759733 4185.689613 4174.748436 4163.470119 4145.998508 4136.269912 4126.081243 4127.221182 4142.919555 4157.699645 4173.129797 4188.729450 4204.699770 4222.610965 4226.380959 4212.940112 4198.411480 4187.250510 4177.220166 4164.360464 4152.379930 4167.700186 4180.379212 4194.850102 4211.839288 4226.960242 4232.630134 4247.169942 4254.460335 4258.960485 
1048576 4216.520116 4212.900996 4198.320210 4182.409495 4171.449691 4152.918234 4135.450348 4123.149440 4114.231095 4100.520164 4093.218595 4109.989852 4126.239568 4141.600803 4159.549251 4176.890478 4181.690514 4166.670144 4154.019058 4139.570519 4128.400236 4113.780335 4095.271230 4106.150940 4123.130813 4139.259458 4152.989015 4167.530686 4173.990339 4162.020981 4168.920219 4184.311256 4186.648875 4172.610119 4160.430282 4147.799686 4136.350006 4124.669358 4113.510251 4102.759063 4093.831405 4103.600979 4115.510732 4129.800946 4145.089537 4160.929471 4178.909585 4197.381437 4201.989621 4185.751081 4175.070673 4155.529663 4151.999950 4140.120000 4133.760929 4148.660228 4153.860733 4167.599604 4184.789956 4200.709984 4203.760996 4192.439839 4208.629951 4214.279354 
1048576 4225.360230 4222.068936 4211.589694 4202.818498 4192.959517 4179.131240 4162.829369 4145.659506 4137.048498 4124.058411 4118.610173 4132.010043 4145.320505 4158.990458 4174.800590 4190.960899 4196.239635 4181.019962 4165.818915 4157.058895 4151.510075 4149.811342 4123.121500 4131.870344 4135.480151 4154.209048 4170.838743 4188.049585 4193.739966 4180.438817 4194.699228 4203.591496 4204.981029 4198.659211 4186.209291 4174.420610 4162.080586 4143.690690 4125.589505 4114.858806 4104.860127 4097.549245 4115.339369 4131.888971 4147.199914 4158.599302 4174.631089 4193.050787 4196.658731 4182.029516 4169.479012 4159.780219 4150.880501 4137.529060 4120.679572 4126.468673 4136.130214 4151.199013 4170.339555 4188.019782 4195.420071 4205.919802 4218.170419 4224.240780 
Average runtime: 4327.224668
